Gen: 2
     [0.10410807364907938, 0.6403458315790722, 0.10448402791023403]
     [0.10174229439779062, 0.8077764666117163, 0.1347542766369933]
     [0.11106368523334635, 0.5445305597229553, 0.09562472065567984]
     [0.10413233805165671, 0.6321507142560648, 0.10164574727630392]
     [0.11113316965890868, 0.5478394421153128, 0.08161836085734864]
     [0.10212942191163787, 0.8310868907772315, 0.12184109613999528]
     [0.1063420530772777, 0.654518284836661, 0.10056680208045686]
     [0.10742016460088366, 0.6002953088586728, 0.0944575240058189]

Gen: 3
     [0.10410807364907938, 0.6403458315790722, 0.10448402791023403]
     [0.10174229439779062, 0.8077764666117163, 0.1347542766369933]
     [0.11106368523334635, 0.5445305597229553, 0.09562472065567984]
     [0.10413233805165671, 0.6321507142560648, 0.10164574727630392]
     [0.11113316965890868, 0.5478394421153128, 0.08161836085734864]
     [0.10212942191163787, 0.8310868907772315, 0.12184109613999528]
     [0.1063420530772777, 0.654518284836661, 0.10056680208045686]
     [0.10742016460088366, 0.6002953088586728, 0.0944575240058189]

Gen: 4
     [0.10410807364907938, 0.6403458315790722, 0.10448402791023403]
     [0.09858406181687435, 0.7093461102842199, 0.117807150645232]
     [0.11106368523334635, 0.5445305597229553, 0.09562472065567984]
     [0.10413233805165671, 0.6321507142560648, 0.10164574727630392]
     [0.11113316965890868, 0.5478394421153128, 0.08161836085734864]
     [0.1063420530772777, 0.654518284836661, 0.10056680208045686]
     [0.10742016460088366, 0.6002953088586728, 0.0944575240058189]
     [0.10257941628670818, 0.7474990660412603, 0.11036840711819147]
     [0.09840207879754444, 0.7820169950841156, 0.11962057568416228]

Gen: 5
     [0.10410807364907938, 0.6403458315790722, 0.10448402791023403]
     [0.09858406181687435, 0.7093461102842199, 0.117807150645232]
     [0.11106368523334635, 0.5445305597229553, 0.09562472065567984]
     [0.10413233805165671, 0.6321507142560648, 0.10164574727630392]
     [0.11113316965890868, 0.5478394421153128, 0.08161836085734864]
     [0.1063420530772777, 0.654518284836661, 0.10056680208045686]
     [0.10742016460088366, 0.6002953088586728, 0.0944575240058189]
     [0.10257941628670818, 0.7474990660412603, 0.11036840711819147]
     [0.09840207879754444, 0.7820169950841156, 0.11962057568416228]
     [0.11448220867827387, 0.4909776620789032, 0.08619604918168128]

Gen: 6
     [0.10410807364907938, 0.6403458315790722, 0.10448402791023403]
     [0.09858406181687435, 0.7093461102842199, 0.117807150645232]
     [0.11106368523334635, 0.5445305597229553, 0.09562472065567984]
     [0.10413233805165671, 0.6321507142560648, 0.10164574727630392]
     [0.11113316965890868, 0.5478394421153128, 0.08161836085734864]
     [0.1063420530772777, 0.654518284836661, 0.10056680208045686]
     [0.10742016460088366, 0.6002953088586728, 0.0944575240058189]
     [0.10257941628670818, 0.7474990660412603, 0.11036840711819147]
     [0.09840207879754444, 0.7820169950841156, 0.11962057568416228]
     [0.10735068017532134, 0.6072807272425387, 0.0958951686599159]
     [0.11448220867827387, 0.4909776620789032, 0.08619604918168128]

Gen: 7
     [0.10410807364907938, 0.6403458315790722, 0.10448402791023403]
     [0.09858406181687435, 0.7093461102842199, 0.117807150645232]
     [0.11106368523334635, 0.5445305597229553, 0.09562472065567984]
     [0.10413233805165671, 0.6321507142560648, 0.10164574727630392]
     [0.11113316965890868, 0.5478394421153128, 0.08161836085734864]
     [0.1063420530772777, 0.654518284836661, 0.10056680208045686]
     [0.10742016460088366, 0.6002953088586728, 0.0944575240058189]
     [0.10257941628670818, 0.7474990660412603, 0.11036840711819147]
     [0.09840207879754444, 0.7820169950841156, 0.11962057568416228]
     [0.10735068017532134, 0.6072807272425387, 0.0958951686599159]
     [0.11448220867827387, 0.4909776620789032, 0.08619604918168128]

Gen: 8
     [0.09858406181687435, 0.7093461102842199, 0.117807150645232]
     [0.10262077606382862, 0.6304191844019995, 0.10438438917183128]
     [0.11106368523334635, 0.5445305597229553, 0.09562472065567984]
     [0.10413233805165671, 0.6321507142560648, 0.10164574727630392]
     [0.11113316965890868, 0.5478394421153128, 0.08161836085734864]
     [0.1063420530772777, 0.654518284836661, 0.10056680208045686]
     [0.10742016460088366, 0.6002953088586728, 0.0944575240058189]
     [0.10257941628670818, 0.7474990660412603, 0.11036840711819147]
     [0.09840207879754444, 0.7820169950841156, 0.11962057568416228]
     [0.10735068017532134, 0.6072807272425387, 0.0958951686599159]
     [0.11448220867827387, 0.4909776620789032, 0.08619604918168128]

Gen: 9
     [0.09858406181687435, 0.7093461102842199, 0.117807150645232]
     [0.10262077606382862, 0.6304191844019995, 0.10438438917183128]
     [0.11106368523334635, 0.5445305597229553, 0.09562472065567984]
     [0.10413233805165671, 0.6321507142560648, 0.10164574727630392]
     [0.11113316965890868, 0.5478394421153128, 0.08161836085734864]
     [0.11764264711396989, 0.5452836566115384, 0.0779146466098631]
     [0.1063420530772777, 0.654518284836661, 0.10056680208045686]
     [0.10742016460088366, 0.6002953088586728, 0.0944575240058189]
     [0.09840207879754444, 0.7820169950841156, 0.11962057568416228]
     [0.10091785617385665, 0.6642848248012002, 0.1096139995274277]
     [0.10735068017532134, 0.6072807272425387, 0.0958951686599159]
     [0.11448220867827387, 0.4909776620789032, 0.08619604918168128]

Gen: 10
     [0.09858406181687435, 0.7093461102842199, 0.117807150645232]
     [0.10262077606382862, 0.6304191844019995, 0.10438438917183128]
     [0.11106368523334635, 0.5445305597229553, 0.09562472065567984]
     [0.10413233805165671, 0.6321507142560648, 0.10164574727630392]
     [0.11113316965890868, 0.5478394421153128, 0.08161836085734864]
     [0.11764264711396989, 0.5452836566115384, 0.0779146466098631]
     [0.1063420530772777, 0.654518284836661, 0.10056680208045686]
     [0.10742016460088366, 0.6002953088586728, 0.0944575240058189]
     [0.09840207879754444, 0.7820169950841156, 0.11962057568416228]
     [0.10091785617385665, 0.6642848248012002, 0.1096139995274277]
     [0.10735068017532134, 0.6072807272425387, 0.0958951686599159]
     [0.11448220867827387, 0.4909776620789032, 0.08619604918168128]

Gen: 11
     [0.09858406181687435, 0.7093461102842199, 0.117807150645232]
     [0.10262077606382862, 0.6304191844019995, 0.10438438917183128]
     [0.11106368523334635, 0.5445305597229553, 0.09562472065567984]
     [0.10413233805165671, 0.6321507142560648, 0.10164574727630392]
     [0.11113316965890868, 0.5478394421153128, 0.08161836085734864]
     [0.11764264711396989, 0.5452836566115384, 0.0779146466098631]
     [0.1063420530772777, 0.654518284836661, 0.10056680208045686]
     [0.10742016460088366, 0.6002953088586728, 0.0944575240058189]
     [0.10705013246157953, 0.7754229498864424, 0.09919463431159596]
     [0.09840207879754444, 0.7820169950841156, 0.11962057568416228]
     [0.12647047794255514, 0.49313614449972426, 0.0840694738220566]
     [0.10091785617385665, 0.6642848248012002, 0.1096139995274277]
     [0.10735068017532134, 0.6072807272425387, 0.0958951686599159]
     [0.11448220867827387, 0.4909776620789032, 0.08619604918168128]

Gen: 12
     [0.09858406181687435, 0.7093461102842199, 0.117807150645232]
     [0.10262077606382862, 0.6304191844019995, 0.10438438917183128]
     [0.11106368523334635, 0.5445305597229553, 0.09562472065567984]
     [0.10413233805165671, 0.6321507142560648, 0.10164574727630392]
     [0.11113316965890868, 0.5478394421153128, 0.08161836085734864]
     [0.11764264711396989, 0.5452836566115384, 0.0779146466098631]
     [0.1063420530772777, 0.654518284836661, 0.10056680208045686]
     [0.10742016460088366, 0.6002953088586728, 0.0944575240058189]
     [0.13780140248246897, 0.4754709820502025, 0.06502424068164285]
     [0.10705013246157953, 0.7754229498864424, 0.09919463431159596]
     [0.09840207879754444, 0.7820169950841156, 0.11962057568416228]
     [0.12647047794255514, 0.49313614449972426, 0.0840694738220566]
     [0.11077030654763874, 0.6268908958295036, 0.08628430063569516]
     [0.10091785617385665, 0.6642848248012002, 0.1096139995274277]
     [0.10735068017532134, 0.6072807272425387, 0.0958951686599159]
     [0.11448220867827387, 0.4909776620789032, 0.08619604918168128]

Gen: 13
     [0.09858406181687435, 0.7093461102842199, 0.117807150645232]
     [0.10262077606382862, 0.6304191844019995, 0.10438438917183128]
     [0.11106368523334635, 0.5445305597229553, 0.09562472065567984]
     [0.10413233805165671, 0.6321507142560648, 0.10164574727630392]
     [0.11113316965890868, 0.5478394421153128, 0.08161836085734864]
     [0.13132501284910408, 0.5247247045428939, 0.08289088988780678]
     [0.11764264711396989, 0.5452836566115384, 0.0779146466098631]
     [0.1063420530772777, 0.654518284836661, 0.10056680208045686]
     [0.10742016460088366, 0.6002953088586728, 0.0944575240058189]
     [0.13780140248246897, 0.4754709820502025, 0.06502424068164285]
     [0.10705013246157953, 0.7754229498864424, 0.09919463431159596]
     [0.09870538382976095, 0.681938127457201, 0.11461301737414915]
     [0.09840207879754444, 0.7820169950841156, 0.11962057568416228]
     [0.12647047794255514, 0.49313614449972426, 0.0840694738220566]
     [0.11077030654763874, 0.6268908958295036, 0.08628430063569516]
     [0.10091785617385665, 0.6642848248012002, 0.1096139995274277]
     [0.10735068017532134, 0.6072807272425387, 0.0958951686599159]
     [0.11448220867827387, 0.4909776620789032, 0.08619604918168128]

Gen: 14
     [0.09858406181687435, 0.7093461102842199, 0.117807150645232]
     [0.10262077606382862, 0.6304191844019995, 0.10438438917183128]
     [0.11106368523334635, 0.5445305597229553, 0.09562472065567984]
     [0.10413233805165671, 0.6321507142560648, 0.10164574727630392]
     [0.11113316965890868, 0.5478394421153128, 0.08161836085734864]
     [0.13132501284910408, 0.5247247045428939, 0.08289088988780678]
     [0.11764264711396989, 0.5452836566115384, 0.0779146466098631]
     [0.1063420530772777, 0.654518284836661, 0.10056680208045686]
     [0.10742016460088366, 0.6002953088586728, 0.0944575240058189]
     [0.13780140248246897, 0.4754709820502025, 0.06502424068164285]
     [0.10705013246157953, 0.7754229498864424, 0.09919463431159596]
     [0.09870538382976095, 0.681938127457201, 0.11461301737414915]
     [0.09840207879754444, 0.7820169950841156, 0.11962057568416228]
     [0.12647047794255514, 0.49313614449972426, 0.0840694738220566]
     [0.11077030654763874, 0.6268908958295036, 0.08628430063569516]
     [0.10091785617385665, 0.6642848248012002, 0.1096139995274277]
     [0.10735068017532134, 0.6072807272425387, 0.0958951686599159]
     [0.11448220867827387, 0.4909776620789032, 0.08619604918168128]

Gen: 15
     [0.09858406181687435, 0.7093461102842199, 0.117807150645232]
     [0.10262077606382862, 0.6304191844019995, 0.10438438917183128]
     [0.11106368523334635, 0.5445305597229553, 0.09562472065567984]
     [0.10413233805165671, 0.6321507142560648, 0.10164574727630392]
     [0.11113316965890868, 0.5478394421153128, 0.08161836085734864]
     [0.13132501284910408, 0.5247247045428939, 0.08289088988780678]
     [0.10937344900835798, 0.7221665470804153, 0.0915566133077499]
     [0.11764264711396989, 0.5452836566115384, 0.0779146466098631]
     [0.1063420530772777, 0.654518284836661, 0.10056680208045686]
     [0.10742016460088366, 0.6002953088586728, 0.0944575240058189]
     [0.13780140248246897, 0.4754709820502025, 0.06502424068164285]
     [0.10705013246157953, 0.7754229498864424, 0.09919463431159596]
     [0.09870538382976095, 0.681938127457201, 0.11461301737414915]
     [0.09840207879754444, 0.7820169950841156, 0.11962057568416228]
     [0.12647047794255514, 0.49313614449972426, 0.0840694738220566]
     [0.11077030654763874, 0.6268908958295036, 0.08628430063569516]
     [0.10091785617385665, 0.6642848248012002, 0.1096139995274277]
     [0.10735068017532134, 0.6072807272425387, 0.0958951686599159]
     [0.11448220867827387, 0.4909776620789032, 0.08619604918168128]

Gen: 16
     [0.09858406181687435, 0.7093461102842199, 0.117807150645232]
     [0.10661006443301811, 0.5974015192395501, 0.09853132499594328]
     [0.10262077606382862, 0.6304191844019995, 0.10438438917183128]
     [0.11106368523334635, 0.5445305597229553, 0.09562472065567984]
     [0.10413233805165671, 0.6321507142560648, 0.10164574727630392]
     [0.11113316965890868, 0.5478394421153128, 0.08161836085734864]
     [0.13132501284910408, 0.5247247045428939, 0.08289088988780678]
     [0.10937344900835798, 0.7221665470804153, 0.0915566133077499]
     [0.11764264711396989, 0.5452836566115384, 0.0779146466098631]
     [0.1063420530772777, 0.654518284836661, 0.10056680208045686]
     [0.10742016460088366, 0.6002953088586728, 0.0944575240058189]
     [0.10181784492399727, 0.6733931462253242, 0.10145216344169283]
     [0.13780140248246897, 0.4754709820502025, 0.06502424068164285]
     [0.09870538382976095, 0.681938127457201, 0.11461301737414915]
     [0.09840207879754444, 0.7820169950841156, 0.11962057568416228]
     [0.12647047794255514, 0.49313614449972426, 0.0840694738220566]
     [0.11077030654763874, 0.6268908958295036, 0.08628430063569516]
     [0.10091785617385665, 0.6642848248012002, 0.1096139995274277]
     [0.10735068017532134, 0.6072807272425387, 0.0958951686599159]
     [0.11448220867827387, 0.4909776620789032, 0.08619604918168128]

Gen: 17
     [0.09858406181687435, 0.7093461102842199, 0.117807150645232]
     [0.10661006443301811, 0.5974015192395501, 0.09853132499594328]
     [0.10262077606382862, 0.6304191844019995, 0.10438438917183128]
     [0.11106368523334635, 0.5445305597229553, 0.09562472065567984]
     [0.10413233805165671, 0.6321507142560648, 0.10164574727630392]
     [0.11113316965890868, 0.5478394421153128, 0.08161836085734864]
     [0.13132501284910408, 0.5247247045428939, 0.08289088988780678]
     [0.10937344900835798, 0.7221665470804153, 0.0915566133077499]
     [0.11764264711396989, 0.5452836566115384, 0.0779146466098631]
     [0.1063420530772777, 0.654518284836661, 0.10056680208045686]
     [0.10742016460088366, 0.6002953088586728, 0.0944575240058189]
     [0.10181784492399727, 0.6733931462253242, 0.10145216344169283]
     [0.13780140248246897, 0.4754709820502025, 0.06502424068164285]
     [0.1348323219489168, 0.4343174985323506, 0.06673518016107313]
     [0.09870538382976095, 0.681938127457201, 0.11461301737414915]
     [0.09840207879754444, 0.7820169950841156, 0.11962057568416228]
     [0.12647047794255514, 0.49313614449972426, 0.0840694738220566]
     [0.11077030654763874, 0.6268908958295036, 0.08628430063569516]
     [0.10091785617385665, 0.6642848248012002, 0.1096139995274277]
     [0.10735068017532134, 0.6072807272425387, 0.0958951686599159]
     [0.11448220867827387, 0.4909776620789032, 0.08619604918168128]

Gen: 18
     [0.09858406181687435, 0.7093461102842199, 0.117807150645232]
     [0.10661006443301811, 0.5974015192395501, 0.09853132499594328]
     [0.10262077606382862, 0.6304191844019995, 0.10438438917183128]
     [0.11106368523334635, 0.5445305597229553, 0.09562472065567984]
     [0.10267316511484782, 0.6573587053849392, 0.09722463411231848]
     [0.10413233805165671, 0.6321507142560648, 0.10164574727630392]
     [0.11113316965890868, 0.5478394421153128, 0.08161836085734864]
     [0.12890574161940624, 0.6352698399520864, 0.07285015187790554]
     [0.13132501284910408, 0.5247247045428939, 0.08289088988780678]
     [0.10937344900835798, 0.7221665470804153, 0.0915566133077499]
     [0.11764264711396989, 0.5452836566115384, 0.0779146466098631]
     [0.1063420530772777, 0.654518284836661, 0.10056680208045686]
     [0.10742016460088366, 0.6002953088586728, 0.0944575240058189]
     [0.10181784492399727, 0.6733931462253242, 0.10145216344169283]
     [0.13780140248246897, 0.4754709820502025, 0.06502424068164285]
     [0.1348323219489168, 0.4343174985323506, 0.06673518016107313]
     [0.09870538382976095, 0.681938127457201, 0.11461301737414915]
     [0.09840207879754444, 0.7820169950841156, 0.11962057568416228]
     [0.12647047794255514, 0.49313614449972426, 0.0840694738220566]
     [0.11077030654763874, 0.6268908958295036, 0.08628430063569516]
     [0.10091785617385665, 0.6642848248012002, 0.1096139995274277]
     [0.10735068017532134, 0.6072807272425387, 0.0958951686599159]
     [0.11448220867827387, 0.4909776620789032, 0.08619604918168128]

Gen: 19
     [0.09858406181687435, 0.7093461102842199, 0.117807150645232]
     [0.10661006443301811, 0.5974015192395501, 0.09853132499594328]
     [0.10262077606382862, 0.6304191844019995, 0.10438438917183128]
     [0.11106368523334635, 0.5445305597229553, 0.09562472065567984]
     [0.10267316511484782, 0.6573587053849392, 0.09722463411231848]
     [0.10413233805165671, 0.6321507142560648, 0.10164574727630392]
     [0.11113316965890868, 0.5478394421153128, 0.08161836085734864]
     [0.12890574161940624, 0.6352698399520864, 0.07285015187790554]
     [0.13132501284910408, 0.5247247045428939, 0.08289088988780678]
     [0.10937344900835798, 0.7221665470804153, 0.0915566133077499]
     [0.11764264711396989, 0.5452836566115384, 0.0779146466098631]
     [0.1063420530772777, 0.654518284836661, 0.10056680208045686]
     [0.10742016460088366, 0.6002953088586728, 0.0944575240058189]
     [0.10181784492399727, 0.6733931462253242, 0.10145216344169283]
     [0.13780140248246897, 0.4754709820502025, 0.06502424068164285]
     [0.1348323219489168, 0.4343174985323506, 0.06673518016107313]
     [0.09870538382976095, 0.681938127457201, 0.11461301737414915]
     [0.09840207879754444, 0.7820169950841156, 0.11962057568416228]
     [0.12647047794255514, 0.49313614449972426, 0.0840694738220566]
     [0.11077030654763874, 0.6268908958295036, 0.08628430063569516]
     [0.10091785617385665, 0.6642848248012002, 0.1096139995274277]
     [0.10735068017532134, 0.6072807272425387, 0.0958951686599159]
     [0.11448220867827387, 0.4909776620789032, 0.08619604918168128]

Gen: 20
     [0.09858406181687435, 0.7093461102842199, 0.117807150645232]
     [0.10661006443301811, 0.5974015192395501, 0.09853132499594328]
     [0.10262077606382862, 0.6304191844019995, 0.10438438917183128]
     [0.11106368523334635, 0.5445305597229553, 0.09562472065567984]
     [0.10267316511484782, 0.6573587053849392, 0.09722463411231848]
     [0.10413233805165671, 0.6321507142560648, 0.10164574727630392]
     [0.11113316965890868, 0.5478394421153128, 0.08161836085734864]
     [0.12890574161940624, 0.6352698399520864, 0.07285015187790554]
     [0.13132501284910408, 0.5247247045428939, 0.08289088988780678]
     [0.10937344900835798, 0.7221665470804153, 0.0915566133077499]
     [0.11764264711396989, 0.5452836566115384, 0.0779146466098631]
     [0.1063420530772777, 0.654518284836661, 0.10056680208045686]
     [0.10742016460088366, 0.6002953088586728, 0.0944575240058189]
     [0.10181784492399727, 0.6733931462253242, 0.10145216344169283]
     [0.13780140248246897, 0.4754709820502025, 0.06502424068164285]
     [0.1348323219489168, 0.4343174985323506, 0.06673518016107313]
     [0.10666024762925758, 0.5947389955940867, 0.09803028448283224]
     [0.09870538382976095, 0.681938127457201, 0.11461301737414915]
     [0.09840207879754444, 0.7820169950841156, 0.11962057568416228]
     [0.12647047794255514, 0.49313614449972426, 0.0840694738220566]
     [0.11077030654763874, 0.6268908958295036, 0.08628430063569516]
     [0.10091785617385665, 0.6642848248012002, 0.1096139995274277]
     [0.10735068017532134, 0.6072807272425387, 0.0958951686599159]
     [0.11448220867827387, 0.4909776620789032, 0.08619604918168128]

Gen: 21
     [0.09858406181687435, 0.7093461102842199, 0.117807150645232]
     [0.10262077606382862, 0.6304191844019995, 0.10438438917183128]
     [0.10267316511484782, 0.6573587053849392, 0.09722463411231848]
     [0.10351083846746033, 0.5393003907801965, 0.08354281191907056]
     [0.11113316965890868, 0.5478394421153128, 0.08161836085734864]
     [0.12890574161940624, 0.6352698399520864, 0.07285015187790554]
     [0.13132501284910408, 0.5247247045428939, 0.08289088988780678]
     [0.11764264711396989, 0.5452836566115384, 0.0779146466098631]
     [0.10181784492399727, 0.6733931462253242, 0.10145216344169283]
     [0.13780140248246897, 0.4754709820502025, 0.06502424068164285]
     [0.1348323219489168, 0.4343174985323506, 0.06673518016107313]
     [0.09870538382976095, 0.681938127457201, 0.11461301737414915]
     [0.09840207879754444, 0.7820169950841156, 0.11962057568416228]
     [0.12647047794255514, 0.49313614449972426, 0.0840694738220566]
     [0.10091785617385665, 0.6642848248012002, 0.1096139995274277]
     [0.11448220867827387, 0.4909776620789032, 0.08619604918168128]

Gen: 22
     [0.09858406181687435, 0.7093461102842199, 0.117807150645232]
     [0.10262077606382862, 0.6304191844019995, 0.10438438917183128]
     [0.10267316511484782, 0.6573587053849392, 0.09722463411231848]
     [0.10351083846746033, 0.5393003907801965, 0.08354281191907056]
     [0.11113316965890868, 0.5478394421153128, 0.08161836085734864]
     [0.12890574161940624, 0.6352698399520864, 0.07285015187790554]
     [0.13132501284910408, 0.5247247045428939, 0.08289088988780678]
     [0.11764264711396989, 0.5452836566115384, 0.0779146466098631]
     [0.10181784492399727, 0.6733931462253242, 0.10145216344169283]
     [0.13780140248246897, 0.4754709820502025, 0.06502424068164285]
     [0.13372774016795377, 0.54029661343596, 0.07507067233373853]
     [0.1348323219489168, 0.4343174985323506, 0.06673518016107313]
     [0.09870538382976095, 0.681938127457201, 0.11461301737414915]
     [0.09840207879754444, 0.7820169950841156, 0.11962057568416228]
     [0.12647047794255514, 0.49313614449972426, 0.0840694738220566]
     [0.10091785617385665, 0.6642848248012002, 0.1096139995274277]
     [0.11448220867827387, 0.4909776620789032, 0.08619604918168128]

Gen: 23
     [0.09858406181687435, 0.7093461102842199, 0.117807150645232]
     [0.10262077606382862, 0.6304191844019995, 0.10438438917183128]
     [0.10267316511484782, 0.6573587053849392, 0.09722463411231848]
     [0.10351083846746033, 0.5393003907801965, 0.08354281191907056]
     [0.11113316965890868, 0.5478394421153128, 0.08161836085734864]
     [0.12890574161940624, 0.6352698399520864, 0.07285015187790554]
     [0.13132501284910408, 0.5247247045428939, 0.08289088988780678]
     [0.11764264711396989, 0.5452836566115384, 0.0779146466098631]
     [0.10181784492399727, 0.6733931462253242, 0.10145216344169283]
     [0.13780140248246897, 0.4754709820502025, 0.06502424068164285]
     [0.13372774016795377, 0.54029661343596, 0.07507067233373853]
     [0.1348323219489168, 0.4343174985323506, 0.06673518016107313]
     [0.09870538382976095, 0.681938127457201, 0.11461301737414915]
     [0.09840207879754444, 0.7820169950841156, 0.11962057568416228]
     [0.12647047794255514, 0.49313614449972426, 0.0840694738220566]
     [0.10091785617385665, 0.6642848248012002, 0.1096139995274277]
     [0.11448220867827387, 0.4909776620789032, 0.08619604918168128]

Gen: 24
     [0.09858406181687435, 0.7093461102842199, 0.117807150645232]
     [0.10262077606382862, 0.6304191844019995, 0.10438438917183128]
     [0.10267316511484782, 0.6573587053849392, 0.09722463411231848]
     [0.10351083846746033, 0.5393003907801965, 0.08354281191907056]
     [0.11113316965890868, 0.5478394421153128, 0.08161836085734864]
     [0.12890574161940624, 0.6352698399520864, 0.07285015187790554]
     [0.13132501284910408, 0.5247247045428939, 0.08289088988780678]
     [0.11764264711396989, 0.5452836566115384, 0.0779146466098631]
     [0.10181784492399727, 0.6733931462253242, 0.10145216344169283]
     [0.13780140248246897, 0.4754709820502025, 0.06502424068164285]
     [0.13372774016795377, 0.54029661343596, 0.07507067233373853]
     [0.1348323219489168, 0.4343174985323506, 0.06673518016107313]
     [0.09870538382976095, 0.681938127457201, 0.11461301737414915]
     [0.09840207879754444, 0.7820169950841156, 0.11962057568416228]
     [0.12647047794255514, 0.49313614449972426, 0.0840694738220566]
     [0.10091785617385665, 0.6642848248012002, 0.1096139995274277]
     [0.11448220867827387, 0.4909776620789032, 0.08619604918168128]

Gen: 25
     [0.09858406181687435, 0.7093461102842199, 0.117807150645232]
     [0.10262077606382862, 0.6304191844019995, 0.10438438917183128]
     [0.10267316511484782, 0.6573587053849392, 0.09722463411231848]
     [0.10351083846746033, 0.5393003907801965, 0.08354281191907056]
     [0.11113316965890868, 0.5478394421153128, 0.08161836085734864]
     [0.12890574161940624, 0.6352698399520864, 0.07285015187790554]
     [0.13132501284910408, 0.5247247045428939, 0.08289088988780678]
     [0.11764264711396989, 0.5452836566115384, 0.0779146466098631]
     [0.10181784492399727, 0.6733931462253242, 0.10145216344169283]
     [0.13780140248246897, 0.4754709820502025, 0.06502424068164285]
     [0.13372774016795377, 0.54029661343596, 0.07507067233373853]
     [0.09993018469622071, 0.6977235126336451, 0.1068440425998309]
     [0.1348323219489168, 0.4343174985323506, 0.06673518016107313]
     [0.09870538382976095, 0.681938127457201, 0.11461301737414915]
     [0.09840207879754444, 0.7820169950841156, 0.11962057568416228]
     [0.12647047794255514, 0.49313614449972426, 0.0840694738220566]
     [0.10091785617385665, 0.6642848248012002, 0.1096139995274277]
     [0.11448220867827387, 0.4909776620789032, 0.08619604918168128]

Gen: 26
     [0.09858406181687435, 0.7093461102842199, 0.117807150645232]
     [0.10262077606382862, 0.6304191844019995, 0.10438438917183128]
     [0.10267316511484782, 0.6573587053849392, 0.09722463411231848]
     [0.10351083846746033, 0.5393003907801965, 0.08354281191907056]
     [0.11113316965890868, 0.5478394421153128, 0.08161836085734864]
     [0.12890574161940624, 0.6352698399520864, 0.07285015187790554]
     [0.13132501284910408, 0.5247247045428939, 0.08289088988780678]
     [0.11287303761644156, 0.5112756986900858, 0.08731200305179222]
     [0.11764264711396989, 0.5452836566115384, 0.0779146466098631]
     [0.10181784492399727, 0.6733931462253242, 0.10145216344169283]
     [0.13780140248246897, 0.4754709820502025, 0.06502424068164285]
     [0.13372774016795377, 0.54029661343596, 0.07507067233373853]
     [0.09993018469622071, 0.6977235126336451, 0.1068440425998309]
     [0.1348323219489168, 0.4343174985323506, 0.06673518016107313]
     [0.09870538382976095, 0.681938127457201, 0.11461301737414915]
     [0.09840207879754444, 0.7820169950841156, 0.11962057568416228]
     [0.12647047794255514, 0.49313614449972426, 0.0840694738220566]
     [0.10091785617385665, 0.6642848248012002, 0.1096139995274277]
     [0.11448220867827387, 0.4909776620789032, 0.08619604918168128]

Gen: 27
     [0.10653175658833676, 0.5270966632470929, 0.08059919890454324]
     [0.09858406181687435, 0.7093461102842199, 0.117807150645232]
     [0.10262077606382862, 0.6304191844019995, 0.10438438917183128]
     [0.10267316511484782, 0.6573587053849392, 0.09722463411231848]
     [0.10351083846746033, 0.5393003907801965, 0.08354281191907056]
     [0.12890574161940624, 0.6352698399520864, 0.07285015187790554]
     [0.13132501284910408, 0.5247247045428939, 0.08289088988780678]
     [0.11287303761644156, 0.5112756986900858, 0.08731200305179222]
     [0.11764264711396989, 0.5452836566115384, 0.0779146466098631]
     [0.10181784492399727, 0.6733931462253242, 0.10145216344169283]
     [0.13780140248246897, 0.4754709820502025, 0.06502424068164285]
     [0.13372774016795377, 0.54029661343596, 0.07507067233373853]
     [0.09993018469622071, 0.6977235126336451, 0.1068440425998309]
     [0.1348323219489168, 0.4343174985323506, 0.06673518016107313]
     [0.09870538382976095, 0.681938127457201, 0.11461301737414915]
     [0.09840207879754444, 0.7820169950841156, 0.11962057568416228]
     [0.12647047794255514, 0.49313614449972426, 0.0840694738220566]
     [0.10091785617385665, 0.6642848248012002, 0.1096139995274277]
     [0.11448220867827387, 0.4909776620789032, 0.08619604918168128]

Gen: 28
     [0.10653175658833676, 0.5270966632470929, 0.08059919890454324]
     [0.09858406181687435, 0.7093461102842199, 0.117807150645232]
     [0.14371364475591114, 0.43477410058290883, 0.05985441356908808]
     [0.10262077606382862, 0.6304191844019995, 0.10438438917183128]
     [0.10267316511484782, 0.6573587053849392, 0.09722463411231848]
     [0.10351083846746033, 0.5393003907801965, 0.08354281191907056]
     [0.12890574161940624, 0.6352698399520864, 0.07285015187790554]
     [0.13132501284910408, 0.5247247045428939, 0.08289088988780678]
     [0.11287303761644156, 0.5112756986900858, 0.08731200305179222]
     [0.11764264711396989, 0.5452836566115384, 0.0779146466098631]
     [0.10181784492399727, 0.6733931462253242, 0.10145216344169283]
     [0.13780140248246897, 0.4754709820502025, 0.06502424068164285]
     [0.13372774016795377, 0.54029661343596, 0.07507067233373853]
     [0.09993018469622071, 0.6977235126336451, 0.1068440425998309]
     [0.1348323219489168, 0.4343174985323506, 0.06673518016107313]
     [0.09870538382976095, 0.681938127457201, 0.11461301737414915]
     [0.09840207879754444, 0.7820169950841156, 0.11962057568416228]
     [0.12647047794255514, 0.49313614449972426, 0.0840694738220566]
     [0.10091785617385665, 0.6642848248012002, 0.1096139995274277]
     [0.11448220867827387, 0.4909776620789032, 0.08619604918168128]

Gen: 29
     [0.10653175658833676, 0.5270966632470929, 0.08059919890454324]
     [0.09858406181687435, 0.7093461102842199, 0.117807150645232]
     [0.14371364475591114, 0.43477410058290883, 0.05985441356908808]
     [0.10262077606382862, 0.6304191844019995, 0.10438438917183128]
     [0.10267316511484782, 0.6573587053849392, 0.09722463411231848]
     [0.10351083846746033, 0.5393003907801965, 0.08354281191907056]
     [0.12890574161940624, 0.6352698399520864, 0.07285015187790554]
     [0.13132501284910408, 0.5247247045428939, 0.08289088988780678]
     [0.11287303761644156, 0.5112756986900858, 0.08731200305179222]
     [0.11764264711396989, 0.5452836566115384, 0.0779146466098631]
     [0.10181784492399727, 0.6733931462253242, 0.10145216344169283]
     [0.13780140248246897, 0.4754709820502025, 0.06502424068164285]
     [0.13372774016795377, 0.54029661343596, 0.07507067233373853]
     [0.09993018469622071, 0.6977235126336451, 0.1068440425998309]
     [0.1348323219489168, 0.4343174985323506, 0.06673518016107313]
     [0.09870538382976095, 0.681938127457201, 0.11461301737414915]
     [0.09840207879754444, 0.7820169950841156, 0.11962057568416228]
     [0.12647047794255514, 0.49313614449972426, 0.0840694738220566]
     [0.10091785617385665, 0.6642848248012002, 0.1096139995274277]
     [0.11448220867827387, 0.4909776620789032, 0.08619604918168128]

Gen: 30
     [0.10653175658833676, 0.5270966632470929, 0.08059919890454324]
     [0.12670319562181942, 0.5092417441012352, 0.07427640924761365]
     [0.09858406181687435, 0.7093461102842199, 0.117807150645232]
     [0.14371364475591114, 0.43477410058290883, 0.05985441356908808]
     [0.10262077606382862, 0.6304191844019995, 0.10438438917183128]
     [0.10267316511484782, 0.6573587053849392, 0.09722463411231848]
     [0.10351083846746033, 0.5393003907801965, 0.08354281191907056]
     [0.12890574161940624, 0.6352698399520864, 0.07285015187790554]
     [0.11287303761644156, 0.5112756986900858, 0.08731200305179222]
     [0.11764264711396989, 0.5452836566115384, 0.0779146466098631]
     [0.10181784492399727, 0.6733931462253242, 0.10145216344169283]
     [0.13780140248246897, 0.4754709820502025, 0.06502424068164285]
     [0.09993018469622071, 0.6977235126336451, 0.1068440425998309]
     [0.1348323219489168, 0.4343174985323506, 0.06673518016107313]
     [0.09870538382976095, 0.681938127457201, 0.11461301737414915]
     [0.09840207879754444, 0.7820169950841156, 0.11962057568416228]
     [0.12647047794255514, 0.49313614449972426, 0.0840694738220566]
     [0.10091785617385665, 0.6642848248012002, 0.1096139995274277]
     [0.11448220867827387, 0.4909776620789032, 0.08619604918168128]

Gen: 31
     [0.10653175658833676, 0.5270966632470929, 0.08059919890454324]
     [0.12670319562181942, 0.5092417441012352, 0.07427640924761365]
     [0.14371364475591114, 0.43477410058290883, 0.05985441356908808]
     [0.10267316511484782, 0.6573587053849392, 0.09722463411231848]
     [0.10351083846746033, 0.5393003907801965, 0.08354281191907056]
     [0.12890574161940624, 0.6352698399520864, 0.07285015187790554]
     [0.11287303761644156, 0.5112756986900858, 0.08731200305179222]
     [0.13780140248246897, 0.4754709820502025, 0.06502424068164285]
     [0.09686680387083396, 0.6218149042025178, 0.09998889739772084]
     [0.1348323219489168, 0.4343174985323506, 0.06673518016107313]
     [0.11253554183513882, 0.5216292984339143, 0.0768698632671827]
     [0.12647047794255514, 0.49313614449972426, 0.0840694738220566]
     [0.11448220867827387, 0.4909776620789032, 0.08619604918168128]

Gen: 32
     [0.10653175658833676, 0.5270966632470929, 0.08059919890454324]
     [0.12670319562181942, 0.5092417441012352, 0.07427640924761365]
     [0.14371364475591114, 0.43477410058290883, 0.05985441356908808]
     [0.10267316511484782, 0.6573587053849392, 0.09722463411231848]
     [0.10351083846746033, 0.5393003907801965, 0.08354281191907056]
     [0.12890574161940624, 0.6352698399520864, 0.07285015187790554]
     [0.11287303761644156, 0.5112756986900858, 0.08731200305179222]
     [0.13780140248246897, 0.4754709820502025, 0.06502424068164285]
     [0.09686680387083396, 0.6218149042025178, 0.09998889739772084]
     [0.1348323219489168, 0.4343174985323506, 0.06673518016107313]
     [0.11253554183513882, 0.5216292984339143, 0.0768698632671827]
     [0.12647047794255514, 0.49313614449972426, 0.0840694738220566]
     [0.11448220867827387, 0.4909776620789032, 0.08619604918168128]

Gen: 33
     [0.10653175658833676, 0.5270966632470929, 0.08059919890454324]
     [0.12670319562181942, 0.5092417441012352, 0.07427640924761365]
     [0.14371364475591114, 0.43477410058290883, 0.05985441356908808]
     [0.11283167783932113, 0.5126039955644373, 0.08011808613911275]
     [0.10267316511484782, 0.6573587053849392, 0.09722463411231848]
     [0.10351083846746033, 0.5393003907801965, 0.08354281191907056]
     [0.12890574161940624, 0.6352698399520864, 0.07285015187790554]
     [0.11287303761644156, 0.5112756986900858, 0.08731200305179222]
     [0.13780140248246897, 0.4754709820502025, 0.06502424068164285]
     [0.09686680387083396, 0.6218149042025178, 0.09998889739772084]
     [0.1348323219489168, 0.4343174985323506, 0.06673518016107313]
     [0.11253554183513882, 0.5216292984339143, 0.0768698632671827]
     [0.12647047794255514, 0.49313614449972426, 0.0840694738220566]
     [0.11448220867827387, 0.4909776620789032, 0.08619604918168128]

Gen: 34
     [0.10653175658833676, 0.5270966632470929, 0.08059919890454324]
     [0.12670319562181942, 0.5092417441012352, 0.07427640924761365]
     [0.14371364475591114, 0.43477410058290883, 0.05985441356908808]
     [0.11283167783932113, 0.5126039955644373, 0.08011808613911275]
     [0.10267316511484782, 0.6573587053849392, 0.09722463411231848]
     [0.10351083846746033, 0.5393003907801965, 0.08354281191907056]
     [0.12890574161940624, 0.6352698399520864, 0.07285015187790554]
     [0.11287303761644156, 0.5112756986900858, 0.08731200305179222]
     [0.13780140248246897, 0.4754709820502025, 0.06502424068164285]
     [0.09686680387083396, 0.6218149042025178, 0.09998889739772084]
     [0.1348323219489168, 0.4343174985323506, 0.06673518016107313]
     [0.11253554183513882, 0.5216292984339143, 0.0768698632671827]
     [0.12647047794255514, 0.49313614449972426, 0.0840694738220566]
     [0.11448220867827387, 0.4909776620789032, 0.08619604918168128]

Gen: 35
     [0.10653175658833676, 0.5270966632470929, 0.08059919890454324]
     [0.12670319562181942, 0.5092417441012352, 0.07427640924761365]
     [0.14371364475591114, 0.43477410058290883, 0.05985441356908808]
     [0.11283167783932113, 0.5126039955644373, 0.08011808613911275]
     [0.10267316511484782, 0.6573587053849392, 0.09722463411231848]
     [0.10351083846746033, 0.5393003907801965, 0.08354281191907056]
     [0.12890574161940624, 0.6352698399520864, 0.07285015187790554]
     [0.11287303761644156, 0.5112756986900858, 0.08731200305179222]
     [0.13780140248246897, 0.4754709820502025, 0.06502424068164285]
     [0.09686680387083396, 0.6218149042025178, 0.09998889739772084]
     [0.1348323219489168, 0.4343174985323506, 0.06673518016107313]
     [0.11253554183513882, 0.5216292984339143, 0.0768698632671827]
     [0.12647047794255514, 0.49313614449972426, 0.0840694738220566]
     [0.11448220867827387, 0.4909776620789032, 0.08619604918168128]

Gen: 36
     [0.10653175658833676, 0.5270966632470929, 0.08059919890454324]
     [0.12670319562181942, 0.5092417441012352, 0.07427640924761365]
     [0.14371364475591114, 0.43477410058290883, 0.05985441356908808]
     [0.11283167783932113, 0.5126039955644373, 0.08011808613911275]
     [0.10267316511484782, 0.6573587053849392, 0.09722463411231848]
     [0.10351083846746033, 0.5393003907801965, 0.08354281191907056]
     [0.12890574161940624, 0.6352698399520864, 0.07285015187790554]
     [0.11287303761644156, 0.5112756986900858, 0.08731200305179222]
     [0.13780140248246897, 0.4754709820502025, 0.06502424068164285]
     [0.09686680387083396, 0.6218149042025178, 0.09998889739772084]
     [0.1348323219489168, 0.4343174985323506, 0.06673518016107313]
     [0.11253554183513882, 0.5216292984339143, 0.0768698632671827]
     [0.12647047794255514, 0.49313614449972426, 0.0840694738220566]
     [0.11448220867827387, 0.4909776620789032, 0.08619604918168128]

Gen: 37
     [0.10653175658833676, 0.5270966632470929, 0.08059919890454324]
     [0.12670319562181942, 0.5092417441012352, 0.07427640924761365]
     [0.14371364475591114, 0.43477410058290883, 0.05985441356908808]
     [0.11283167783932113, 0.5126039955644373, 0.08011808613911275]
     [0.10267316511484782, 0.6573587053849392, 0.09722463411231848]
     [0.10351083846746033, 0.5393003907801965, 0.08354281191907056]
     [0.12890574161940624, 0.6352698399520864, 0.07285015187790554]
     [0.11287303761644156, 0.5112756986900858, 0.08731200305179222]
     [0.13780140248246897, 0.4754709820502025, 0.06502424068164285]
     [0.09686680387083396, 0.6218149042025178, 0.09998889739772084]
     [0.1348323219489168, 0.4343174985323506, 0.06673518016107313]
     [0.11253554183513882, 0.5216292984339143, 0.0768698632671827]
     [0.12647047794255514, 0.49313614449972426, 0.0840694738220566]
     [0.11448220867827387, 0.4909776620789032, 0.08619604918168128]

Gen: 38
     [0.10653175658833676, 0.5270966632470929, 0.08059919890454324]
     [0.12670319562181942, 0.5092417441012352, 0.07427640924761365]
     [0.14371364475591114, 0.43477410058290883, 0.05985441356908808]
     [0.11283167783932113, 0.5126039955644373, 0.08011808613911275]
     [0.10267316511484782, 0.6573587053849392, 0.09722463411231848]
     [0.10351083846746033, 0.5393003907801965, 0.08354281191907056]
     [0.12890574161940624, 0.6352698399520864, 0.07285015187790554]
     [0.11287303761644156, 0.5112756986900858, 0.08731200305179222]
     [0.13780140248246897, 0.4754709820502025, 0.06502424068164285]
     [0.09686680387083396, 0.6218149042025178, 0.09998889739772084]
     [0.1348323219489168, 0.4343174985323506, 0.06673518016107313]
     [0.11253554183513882, 0.5216292984339143, 0.0768698632671827]
     [0.12647047794255514, 0.49313614449972426, 0.0840694738220566]
     [0.11448220867827387, 0.4909776620789032, 0.08619604918168128]

Gen: 39
     [0.10653175658833676, 0.5270966632470929, 0.08059919890454324]
     [0.12670319562181942, 0.5092417441012352, 0.07427640924761365]
     [0.14371364475591114, 0.43477410058290883, 0.05985441356908808]
     [0.11283167783932113, 0.5126039955644373, 0.08011808613911275]
     [0.10267316511484782, 0.6573587053849392, 0.09722463411231848]
     [0.10351083846746033, 0.5393003907801965, 0.08354281191907056]
     [0.12890574161940624, 0.6352698399520864, 0.07285015187790554]
     [0.11287303761644156, 0.5112756986900858, 0.08731200305179222]
     [0.13780140248246897, 0.4754709820502025, 0.06502424068164285]
     [0.09686680387083396, 0.6218149042025178, 0.09998889739772084]
     [0.1348323219489168, 0.4343174985323506, 0.06673518016107313]
     [0.11253554183513882, 0.5216292984339143, 0.0768698632671827]
     [0.12647047794255514, 0.49313614449972426, 0.0840694738220566]
     [0.11448220867827387, 0.4909776620789032, 0.08619604918168128]

Gen: 40
     [0.10653175658833676, 0.5270966632470929, 0.08059919890454324]
     [0.12670319562181942, 0.5092417441012352, 0.07427640924761365]
     [0.14371364475591114, 0.43477410058290883, 0.05985441356908808]
     [0.11283167783932113, 0.5126039955644373, 0.08011808613911275]
     [0.10267316511484782, 0.6573587053849392, 0.09722463411231848]
     [0.10351083846746033, 0.5393003907801965, 0.08354281191907056]
     [0.12890574161940624, 0.6352698399520864, 0.07285015187790554]
     [0.11287303761644156, 0.5112756986900858, 0.08731200305179222]
     [0.1182658010892511, 0.5384346258531639, 0.07443298440796085]
     [0.13780140248246897, 0.4754709820502025, 0.06502424068164285]
     [0.09686680387083396, 0.6218149042025178, 0.09998889739772084]
     [0.1348323219489168, 0.4343174985323506, 0.06673518016107313]
     [0.11253554183513882, 0.5216292984339143, 0.0768698632671827]
     [0.12647047794255514, 0.49313614449972426, 0.0840694738220566]
     [0.11448220867827387, 0.4909776620789032, 0.08619604918168128]

Gen: 41
     [0.10653175658833676, 0.5270966632470929, 0.08059919890454324]
     [0.12670319562181942, 0.5092417441012352, 0.07427640924761365]
     [0.14371364475591114, 0.43477410058290883, 0.05985441356908808]
     [0.11283167783932113, 0.5126039955644373, 0.08011808613911275]
     [0.10267316511484782, 0.6573587053849392, 0.09722463411231848]
     [0.10351083846746033, 0.5393003907801965, 0.08354281191907056]
     [0.12890574161940624, 0.6352698399520864, 0.07285015187790554]
     [0.11287303761644156, 0.5112756986900858, 0.08731200305179222]
     [0.1182658010892511, 0.5384346258531639, 0.07443298440796085]
     [0.13780140248246897, 0.4754709820502025, 0.06502424068164285]
     [0.09686680387083396, 0.6218149042025178, 0.09998889739772084]
     [0.1348323219489168, 0.4343174985323506, 0.06673518016107313]
     [0.11253554183513882, 0.5216292984339143, 0.0768698632671827]
     [0.12647047794255514, 0.49313614449972426, 0.0840694738220566]
     [0.11448220867827387, 0.4909776620789032, 0.08619604918168128]

Gen: 42
     [0.10653175658833676, 0.5270966632470929, 0.08059919890454324]
     [0.12670319562181942, 0.5092417441012352, 0.07427640924761365]
     [0.14371364475591114, 0.43477410058290883, 0.05985441356908808]
     [0.11283167783932113, 0.5126039955644373, 0.08011808613911275]
     [0.10267316511484782, 0.6573587053849392, 0.09722463411231848]
     [0.10351083846746033, 0.5393003907801965, 0.08354281191907056]
     [0.12890574161940624, 0.6352698399520864, 0.07285015187790554]
     [0.11287303761644156, 0.5112756986900858, 0.08731200305179222]
     [0.1182658010892511, 0.5384346258531639, 0.07443298440796085]
     [0.13780140248246897, 0.4754709820502025, 0.06502424068164285]
     [0.09686680387083396, 0.6218149042025178, 0.09998889739772084]
     [0.1348323219489168, 0.4343174985323506, 0.06673518016107313]
     [0.11253554183513882, 0.5216292984339143, 0.0768698632671827]
     [0.12647047794255514, 0.49313614449972426, 0.0840694738220566]
     [0.11448220867827387, 0.4909776620789032, 0.08619604918168128]

Gen: 43
     [0.10653175658833676, 0.5270966632470929, 0.08059919890454324]
     [0.12670319562181942, 0.5092417441012352, 0.07427640924761365]
     [0.14371364475591114, 0.43477410058290883, 0.05985441356908808]
     [0.11283167783932113, 0.5126039955644373, 0.08011808613911275]
     [0.10267316511484782, 0.6573587053849392, 0.09722463411231848]
     [0.10351083846746033, 0.5393003907801965, 0.08354281191907056]
     [0.12890574161940624, 0.6352698399520864, 0.07285015187790554]
     [0.11287303761644156, 0.5112756986900858, 0.08731200305179222]
     [0.1182658010892511, 0.5384346258531639, 0.07443298440796085]
     [0.13780140248246897, 0.4754709820502025, 0.06502424068164285]
     [0.09686680387083396, 0.6218149042025178, 0.09998889739772084]
     [0.1348323219489168, 0.4343174985323506, 0.06673518016107313]
     [0.11253554183513882, 0.5216292984339143, 0.0768698632671827]
     [0.12647047794255514, 0.49313614449972426, 0.0840694738220566]
     [0.11448220867827387, 0.4909776620789032, 0.08619604918168128]

Gen: 44
     [0.10653175658833676, 0.5270966632470929, 0.08059919890454324]
     [0.12670319562181942, 0.5092417441012352, 0.07427640924761365]
     [0.14371364475591114, 0.43477410058290883, 0.05985441356908808]
     [0.11283167783932113, 0.5126039955644373, 0.08011808613911275]
     [0.10267316511484782, 0.6573587053849392, 0.09722463411231848]
     [0.10351083846746033, 0.5393003907801965, 0.08354281191907056]
     [0.12890574161940624, 0.6352698399520864, 0.07285015187790554]
     [0.11287303761644156, 0.5112756986900858, 0.08731200305179222]
     [0.1182658010892511, 0.5384346258531639, 0.07443298440796085]
     [0.13780140248246897, 0.4754709820502025, 0.06502424068164285]
     [0.09686680387083396, 0.6218149042025178, 0.09998889739772084]
     [0.1348323219489168, 0.4343174985323506, 0.06673518016107313]
     [0.11253554183513882, 0.5216292984339143, 0.0768698632671827]
     [0.12647047794255514, 0.49313614449972426, 0.0840694738220566]
     [0.11448220867827387, 0.4909776620789032, 0.08619604918168128]

Gen: 45
     [0.10653175658833676, 0.5270966632470929, 0.08059919890454324]
     [0.12670319562181942, 0.5092417441012352, 0.07427640924761365]
     [0.14371364475591114, 0.43477410058290883, 0.05985441356908808]
     [0.11283167783932113, 0.5126039955644373, 0.08011808613911275]
     [0.10267316511484782, 0.6573587053849392, 0.09722463411231848]
     [0.10351083846746033, 0.5393003907801965, 0.08354281191907056]
     [0.12890574161940624, 0.6352698399520864, 0.07285015187790554]
     [0.11287303761644156, 0.5112756986900858, 0.08731200305179222]
     [0.1182658010892511, 0.5384346258531639, 0.07443298440796085]
     [0.13780140248246897, 0.4754709820502025, 0.06502424068164285]
     [0.09686680387083396, 0.6218149042025178, 0.09998889739772084]
     [0.1348323219489168, 0.4343174985323506, 0.06673518016107313]
     [0.11253554183513882, 0.5216292984339143, 0.0768698632671827]
     [0.12647047794255514, 0.49313614449972426, 0.0840694738220566]
     [0.11448220867827387, 0.4909776620789032, 0.08619604918168128]

Gen: 46
     [0.10653175658833676, 0.5270966632470929, 0.08059919890454324]
     [0.12670319562181942, 0.5092417441012352, 0.07427640924761365]
     [0.14371364475591114, 0.43477410058290883, 0.05985441356908808]
     [0.11283167783932113, 0.5126039955644373, 0.08011808613911275]
     [0.10267316511484782, 0.6573587053849392, 0.09722463411231848]
     [0.10351083846746033, 0.5393003907801965, 0.08354281191907056]
     [0.12890574161940624, 0.6352698399520864, 0.07285015187790554]
     [0.11287303761644156, 0.5112756986900858, 0.08731200305179222]
     [0.1182658010892511, 0.5384346258531639, 0.07443298440796085]
     [0.13780140248246897, 0.4754709820502025, 0.06502424068164285]
     [0.09686680387083396, 0.6218149042025178, 0.09998889739772084]
     [0.1348323219489168, 0.4343174985323506, 0.06673518016107313]
     [0.11253554183513882, 0.5216292984339143, 0.0768698632671827]
     [0.12647047794255514, 0.49313614449972426, 0.0840694738220566]
     [0.11448220867827387, 0.4909776620789032, 0.08619604918168128]

Gen: 47
     [0.12670319562181942, 0.5092417441012352, 0.07427640924761365]
     [0.10233787518832485, 0.49072267651820184, 0.07887117849852962]
     [0.14371364475591114, 0.43477410058290883, 0.05985441356908808]
     [0.12890574161940624, 0.6352698399520864, 0.07285015187790554]
     [0.13230110358914632, 0.46578746064031024, 0.07196194369557234]
     [0.1182658010892511, 0.5384346258531639, 0.07443298440796085]
     [0.13780140248246897, 0.4754709820502025, 0.06502424068164285]
     [0.09686680387083396, 0.6218149042025178, 0.09998889739772084]
     [0.1348323219489168, 0.4343174985323506, 0.06673518016107313]
     [0.11253554183513882, 0.5216292984339143, 0.0768698632671827]

Gen: 48
     [0.12670319562181942, 0.5092417441012352, 0.07427640924761365]
     [0.10233787518832485, 0.49072267651820184, 0.07887117849852962]
     [0.14371364475591114, 0.43477410058290883, 0.05985441356908808]
     [0.12890574161940624, 0.6352698399520864, 0.07285015187790554]
     [0.13230110358914632, 0.46578746064031024, 0.07196194369557234]
     [0.1182658010892511, 0.5384346258531639, 0.07443298440796085]
     [0.13780140248246897, 0.4754709820502025, 0.06502424068164285]
     [0.09686680387083396, 0.6218149042025178, 0.09998889739772084]
     [0.1348323219489168, 0.4343174985323506, 0.06673518016107313]
     [0.11253554183513882, 0.5216292984339143, 0.0768698632671827]

Gen: 49
     [0.12670319562181942, 0.5092417441012352, 0.07427640924761365]
     [0.10233787518832485, 0.49072267651820184, 0.07887117849852962]
     [0.14371364475591114, 0.43477410058290883, 0.05985441356908808]
     [0.12890574161940624, 0.6352698399520864, 0.07285015187790554]
     [0.13230110358914632, 0.46578746064031024, 0.07196194369557234]
     [0.1182658010892511, 0.5384346258531639, 0.07443298440796085]
     [0.13780140248246897, 0.4754709820502025, 0.06502424068164285]
     [0.09686680387083396, 0.6218149042025178, 0.09998889739772084]
     [0.1348323219489168, 0.4343174985323506, 0.06673518016107313]
     [0.11253554183513882, 0.5216292984339143, 0.0768698632671827]

Gen: 50
     [0.12670319562181942, 0.5092417441012352, 0.07427640924761365]
     [0.10233787518832485, 0.49072267651820184, 0.07887117849852962]
     [0.14371364475591114, 0.43477410058290883, 0.05985441356908808]
     [0.12039500241541098, 0.46050985252346754, 0.07985617859816836]
     [0.11967368790243063, 0.5239656777575502, 0.0701655995832254]
     [0.13230110358914632, 0.46578746064031024, 0.07196194369557234]
     [0.1182658010892511, 0.5384346258531639, 0.07443298440796085]
     [0.13780140248246897, 0.4754709820502025, 0.06502424068164285]
     [0.09686680387083396, 0.6218149042025178, 0.09998889739772084]
     [0.1348323219489168, 0.4343174985323506, 0.06673518016107313]
     [0.11253554183513882, 0.5216292984339143, 0.0768698632671827]

Gen: 51
     [0.12670319562181942, 0.5092417441012352, 0.07427640924761365]
     [0.10233787518832485, 0.49072267651820184, 0.07887117849852962]
     [0.14371364475591114, 0.43477410058290883, 0.05985441356908808]
     [0.12039500241541098, 0.46050985252346754, 0.07985617859816836]
     [0.11967368790243063, 0.5239656777575502, 0.0701655995832254]
     [0.13230110358914632, 0.46578746064031024, 0.07196194369557234]
     [0.1182658010892511, 0.5384346258531639, 0.07443298440796085]
     [0.13780140248246897, 0.4754709820502025, 0.06502424068164285]
     [0.09686680387083396, 0.6218149042025178, 0.09998889739772084]
     [0.1348323219489168, 0.4343174985323506, 0.06673518016107313]
     [0.11253554183513882, 0.5216292984339143, 0.0768698632671827]

Gen: 52
     [0.12670319562181942, 0.5092417441012352, 0.07427640924761365]
     [0.10233787518832485, 0.49072267651820184, 0.07887117849852962]
     [0.14371364475591114, 0.43477410058290883, 0.05985441356908808]
     [0.12039500241541098, 0.46050985252346754, 0.07985617859816836]
     [0.11967368790243063, 0.5239656777575502, 0.0701655995832254]
     [0.13230110358914632, 0.46578746064031024, 0.07196194369557234]
     [0.1182658010892511, 0.5384346258531639, 0.07443298440796085]
     [0.13780140248246897, 0.4754709820502025, 0.06502424068164285]
     [0.09686680387083396, 0.6218149042025178, 0.09998889739772084]
     [0.1348323219489168, 0.4343174985323506, 0.06673518016107313]
     [0.11253554183513882, 0.5216292984339143, 0.0768698632671827]

Gen: 53
     [0.12670319562181942, 0.5092417441012352, 0.07427640924761365]
     [0.10233787518832485, 0.49072267651820184, 0.07887117849852962]
     [0.14371364475591114, 0.43477410058290883, 0.05985441356908808]
     [0.12039500241541098, 0.46050985252346754, 0.07985617859816836]
     [0.11967368790243063, 0.5239656777575502, 0.0701655995832254]
     [0.13230110358914632, 0.46578746064031024, 0.07196194369557234]
     [0.1182658010892511, 0.5384346258531639, 0.07443298440796085]
     [0.13780140248246897, 0.4754709820502025, 0.06502424068164285]
     [0.09686680387083396, 0.6218149042025178, 0.09998889739772084]
     [0.1348323219489168, 0.4343174985323506, 0.06673518016107313]
     [0.11253554183513882, 0.5216292984339143, 0.0768698632671827]

Gen: 54
     [0.12670319562181942, 0.5092417441012352, 0.07427640924761365]
     [0.10233787518832485, 0.49072267651820184, 0.07887117849852962]
     [0.14371364475591114, 0.43477410058290883, 0.05985441356908808]
     [0.12039500241541098, 0.46050985252346754, 0.07985617859816836]
     [0.11967368790243063, 0.5239656777575502, 0.0701655995832254]
     [0.13230110358914632, 0.46578746064031024, 0.07196194369557234]
     [0.1182658010892511, 0.5384346258531639, 0.07443298440796085]
     [0.13780140248246897, 0.4754709820502025, 0.06502424068164285]
     [0.09686680387083396, 0.6218149042025178, 0.09998889739772084]
     [0.1348323219489168, 0.4343174985323506, 0.06673518016107313]
     [0.11253554183513882, 0.5216292984339143, 0.0768698632671827]

Gen: 55
     [0.12670319562181942, 0.5092417441012352, 0.07427640924761365]
     [0.10233787518832485, 0.49072267651820184, 0.07887117849852962]
     [0.14371364475591114, 0.43477410058290883, 0.05985441356908808]
     [0.12039500241541098, 0.46050985252346754, 0.07985617859816836]
     [0.11967368790243063, 0.5239656777575502, 0.0701655995832254]
     [0.13230110358914632, 0.46578746064031024, 0.07196194369557234]
     [0.1182658010892511, 0.5384346258531639, 0.07443298440796085]
     [0.13780140248246897, 0.4754709820502025, 0.06502424068164285]
     [0.09686680387083396, 0.6218149042025178, 0.09998889739772084]
     [0.1348323219489168, 0.4343174985323506, 0.06673518016107313]
     [0.11253554183513882, 0.5216292984339143, 0.0768698632671827]

Gen: 56
     [0.12670319562181942, 0.5092417441012352, 0.07427640924761365]
     [0.10233787518832485, 0.49072267651820184, 0.07887117849852962]
     [0.14371364475591114, 0.43477410058290883, 0.05985441356908808]
     [0.12039500241541098, 0.46050985252346754, 0.07985617859816836]
     [0.11967368790243063, 0.5239656777575502, 0.0701655995832254]
     [0.13230110358914632, 0.46578746064031024, 0.07196194369557234]
     [0.1182658010892511, 0.5384346258531639, 0.07443298440796085]
     [0.13780140248246897, 0.4754709820502025, 0.06502424068164285]
     [0.09686680387083396, 0.6218149042025178, 0.09998889739772084]
     [0.1348323219489168, 0.4343174985323506, 0.06673518016107313]
     [0.11253554183513882, 0.5216292984339143, 0.0768698632671827]
     [0.1015432160039176, 0.7717819932754971, 0.09560194608690206]

Gen: 57
     [0.12670319562181942, 0.5092417441012352, 0.07427640924761365]
     [0.10233787518832485, 0.49072267651820184, 0.07887117849852962]
     [0.14371364475591114, 0.43477410058290883, 0.05985441356908808]
     [0.12039500241541098, 0.46050985252346754, 0.07985617859816836]
     [0.11967368790243063, 0.5239656777575502, 0.0701655995832254]
     [0.13230110358914632, 0.46578746064031024, 0.07196194369557234]
     [0.1182658010892511, 0.5384346258531639, 0.07443298440796085]
     [0.13780140248246897, 0.4754709820502025, 0.06502424068164285]
     [0.09686680387083396, 0.6218149042025178, 0.09998889739772084]
     [0.1348323219489168, 0.4343174985323506, 0.06673518016107313]
     [0.11253554183513882, 0.5216292984339143, 0.0768698632671827]
     [0.1015432160039176, 0.7717819932754971, 0.09560194608690206]

Gen: 58
     [0.12670319562181942, 0.5092417441012352, 0.07427640924761365]
     [0.10233787518832485, 0.49072267651820184, 0.07887117849852962]
     [0.14371364475591114, 0.43477410058290883, 0.05985441356908808]
     [0.12039500241541098, 0.46050985252346754, 0.07985617859816836]
     [0.11967368790243063, 0.5239656777575502, 0.0701655995832254]
     [0.13230110358914632, 0.46578746064031024, 0.07196194369557234]
     [0.1182658010892511, 0.5384346258531639, 0.07443298440796085]
     [0.13780140248246897, 0.4754709820502025, 0.06502424068164285]
     [0.09686680387083396, 0.6218149042025178, 0.09998889739772084]
     [0.1348323219489168, 0.4343174985323506, 0.06673518016107313]
     [0.11253554183513882, 0.5216292984339143, 0.0768698632671827]
     [0.1015432160039176, 0.7717819932754971, 0.09560194608690206]

Gen: 59
     [0.12670319562181942, 0.5092417441012352, 0.07427640924761365]
     [0.10233787518832485, 0.49072267651820184, 0.07887117849852962]
     [0.14371364475591114, 0.43477410058290883, 0.05985441356908808]
     [0.12039500241541098, 0.46050985252346754, 0.07985617859816836]
     [0.11967368790243063, 0.5239656777575502, 0.0701655995832254]
     [0.13230110358914632, 0.46578746064031024, 0.07196194369557234]
     [0.1182658010892511, 0.5384346258531639, 0.07443298440796085]
     [0.13780140248246897, 0.4754709820502025, 0.06502424068164285]
     [0.09686680387083396, 0.6218149042025178, 0.09998889739772084]
     [0.1348323219489168, 0.4343174985323506, 0.06673518016107313]
     [0.11253554183513882, 0.5216292984339143, 0.0768698632671827]
     [0.1015432160039176, 0.7717819932754971, 0.09560194608690206]

Gen: 60
     [0.12670319562181942, 0.5092417441012352, 0.07427640924761365]
     [0.10233787518832485, 0.49072267651820184, 0.07887117849852962]
     [0.14371364475591114, 0.43477410058290883, 0.05985441356908808]
     [0.12039500241541098, 0.46050985252346754, 0.07985617859816836]
     [0.11967368790243063, 0.5239656777575502, 0.0701655995832254]
     [0.13230110358914632, 0.46578746064031024, 0.07196194369557234]
     [0.1182658010892511, 0.5384346258531639, 0.07443298440796085]
     [0.13780140248246897, 0.4754709820502025, 0.06502424068164285]
     [0.09686680387083396, 0.6218149042025178, 0.09998889739772084]
     [0.1348323219489168, 0.4343174985323506, 0.06673518016107313]
     [0.11253554183513882, 0.5216292984339143, 0.0768698632671827]
     [0.1015432160039176, 0.7717819932754971, 0.09560194608690206]

Gen: 61
     [0.12670319562181942, 0.5092417441012352, 0.07427640924761365]
     [0.10233787518832485, 0.49072267651820184, 0.07887117849852962]
     [0.14371364475591114, 0.43477410058290883, 0.05985441356908808]
     [0.12039500241541098, 0.46050985252346754, 0.07985617859816836]
     [0.11967368790243063, 0.5239656777575502, 0.0701655995832254]
     [0.13230110358914632, 0.46578746064031024, 0.07196194369557234]
     [0.1182658010892511, 0.5384346258531639, 0.07443298440796085]
     [0.13780140248246897, 0.4754709820502025, 0.06502424068164285]
     [0.09686680387083396, 0.6218149042025178, 0.09998889739772084]
     [0.1348323219489168, 0.4343174985323506, 0.06673518016107313]
     [0.11253554183513882, 0.5216292984339143, 0.0768698632671827]
     [0.1015432160039176, 0.7717819932754971, 0.09560194608690206]
     [0.10167777314548274, 0.6107259972603877, 0.11514537291932964]

Gen: 62
     [0.12670319562181942, 0.5092417441012352, 0.07427640924761365]
     [0.10233787518832485, 0.49072267651820184, 0.07887117849852962]
     [0.14371364475591114, 0.43477410058290883, 0.05985441356908808]
     [0.12039500241541098, 0.46050985252346754, 0.07985617859816836]
     [0.11967368790243063, 0.5239656777575502, 0.0701655995832254]
     [0.13230110358914632, 0.46578746064031024, 0.07196194369557234]
     [0.1182658010892511, 0.5384346258531639, 0.07443298440796085]
     [0.13780140248246897, 0.4754709820502025, 0.06502424068164285]
     [0.09686680387083396, 0.6218149042025178, 0.09998889739772084]
     [0.1348323219489168, 0.4343174985323506, 0.06673518016107313]
     [0.11253554183513882, 0.5216292984339143, 0.0768698632671827]
     [0.1015432160039176, 0.7717819932754971, 0.09560194608690206]
     [0.10167777314548274, 0.6107259972603877, 0.11514537291932964]

