Gen: 2
     [0.12122820506181775, 0.6097704648422984, 0.05990097575313487]
     [0.168105122267788, 0.40004585959058453, 0.043250661334591836]
     [0.12202238564868963, 0.42312193116317315, 0.04325687104906916]

Gen: 3
     [0.1385099348558036, 0.44720612304602564, 0.04123871384393746]
     [0.12122820506181775, 0.6097704648422984, 0.05990097575313487]
     [0.168105122267788, 0.40004585959058453, 0.043250661334591836]
     [0.1575336837258833, 0.41514394376665376, 0.03837189566023754]
     [0.12202238564868963, 0.42312193116317315, 0.04325687104906916]

Gen: 4
     [0.1385099348558036, 0.44720612304602564, 0.04123871384393746]
     [0.12122820506181775, 0.6097704648422984, 0.05990097575313487]
     [0.168105122267788, 0.40004585959058453, 0.043250661334591836]
     [0.1575336837258833, 0.41514394376665376, 0.03837189566023754]
     [0.12202238564868963, 0.42312193116317315, 0.04325687104906916]

Gen: 5
     [0.1385099348558036, 0.44720612304602564, 0.04123871384393746]
     [0.12122820506181775, 0.6097704648422984, 0.05990097575313487]
     [0.168105122267788, 0.40004585959058453, 0.043250661334591836]
     [0.1575336837258833, 0.41514394376665376, 0.03837189566023754]
     [0.12202238564868963, 0.42312193116317315, 0.04325687104906916]

Gen: 6
     [0.1385099348558036, 0.44720612304602564, 0.04123871384393746]
     [0.12122820506181775, 0.6097704648422984, 0.05990097575313487]
     [0.168105122267788, 0.40004585959058453, 0.043250661334591836]
     [0.1575336837258833, 0.41514394376665376, 0.03837189566023754]
     [0.12202238564868963, 0.42312193116317315, 0.04325687104906916]

Gen: 7
     [0.1385099348558036, 0.44720612304602564, 0.04123871384393746]
     [0.12122820506181775, 0.6097704648422984, 0.05990097575313487]
     [0.168105122267788, 0.40004585959058453, 0.043250661334591836]
     [0.1575336837258833, 0.41514394376665376, 0.03837189566023754]
     [0.12202238564868963, 0.42312193116317315, 0.04325687104906916]

Gen: 8
     [0.15158661634042037, 0.4080673345298997, 0.042573802456563045]
     [0.1385099348558036, 0.44720612304602564, 0.04123871384393746]
     [0.12122820506181775, 0.6097704648422984, 0.05990097575313487]
     [0.168105122267788, 0.40004585959058453, 0.043250661334591836]
     [0.1575336837258833, 0.41514394376665376, 0.03837189566023754]
     [0.12202238564868963, 0.42312193116317315, 0.04325687104906916]

Gen: 9
     [0.15158661634042037, 0.4080673345298997, 0.042573802456563045]
     [0.1385099348558036, 0.44720612304602564, 0.04123871384393746]
     [0.12122820506181775, 0.6097704648422984, 0.05990097575313487]
     [0.168105122267788, 0.40004585959058453, 0.043250661334591836]
     [0.1575336837258833, 0.41514394376665376, 0.03837189566023754]
     [0.12202238564868963, 0.42312193116317315, 0.04325687104906916]

Gen: 10
     [0.15158661634042037, 0.4080673345298997, 0.042573802456563045]
     [0.1385099348558036, 0.44720612304602564, 0.04123871384393746]
     [0.12122820506181775, 0.6097704648422984, 0.05990097575313487]
     [0.168105122267788, 0.40004585959058453, 0.043250661334591836]
     [0.1575336837258833, 0.41514394376665376, 0.03837189566023754]
     [0.12202238564868963, 0.42312193116317315, 0.04325687104906916]

Gen: 11
     [0.15158661634042037, 0.4080673345298997, 0.042573802456563045]
     [0.1385099348558036, 0.44720612304602564, 0.04123871384393746]
     [0.12122820506181775, 0.6097704648422984, 0.05990097575313487]
     [0.168105122267788, 0.40004585959058453, 0.043250661334591836]
     [0.1575336837258833, 0.41514394376665376, 0.03837189566023754]
     [0.12202238564868963, 0.42312193116317315, 0.04325687104906916]

Gen: 12
     [0.15158661634042037, 0.4080673345298997, 0.042573802456563045]
     [0.1385099348558036, 0.44720612304602564, 0.04123871384393746]
     [0.12122820506181775, 0.6097704648422984, 0.05990097575313487]
     [0.168105122267788, 0.40004585959058453, 0.043250661334591836]
     [0.1575336837258833, 0.41514394376665376, 0.03837189566023754]
     [0.1782189641993973, 0.3944043392660884, 0.04277251331983756]
     [0.12202238564868963, 0.42312193116317315, 0.04325687104906916]

Gen: 13
     [0.15158661634042037, 0.4080673345298997, 0.042573802456563045]
     [0.1385099348558036, 0.44720612304602564, 0.04123871384393746]
     [0.12122820506181775, 0.6097704648422984, 0.05990097575313487]
     [0.168105122267788, 0.40004585959058453, 0.043250661334591836]
     [0.1575336837258833, 0.41514394376665376, 0.03837189566023754]
     [0.1782189641993973, 0.3944043392660884, 0.04277251331983756]
     [0.12202238564868963, 0.42312193116317315, 0.04325687104906916]

Gen: 14
     [0.15158661634042037, 0.4080673345298997, 0.042573802456563045]
     [0.1385099348558036, 0.44720612304602564, 0.04123871384393746]
     [0.12122820506181775, 0.6097704648422984, 0.05990097575313487]
     [0.168105122267788, 0.40004585959058453, 0.043250661334591836]
     [0.1575336837258833, 0.41514394376665376, 0.03837189566023754]
     [0.1782189641993973, 0.3944043392660884, 0.04277251331983756]
     [0.12202238564868963, 0.42312193116317315, 0.04325687104906916]

Gen: 15
     [0.15158661634042037, 0.4080673345298997, 0.042573802456563045]
     [0.1385099348558036, 0.44720612304602564, 0.04123871384393746]
     [0.12122820506181775, 0.6097704648422984, 0.05990097575313487]
     [0.168105122267788, 0.40004585959058453, 0.043250661334591836]
     [0.1575336837258833, 0.41514394376665376, 0.03837189566023754]
     [0.1782189641993973, 0.3944043392660884, 0.04277251331983756]
     [0.12202238564868963, 0.42312193116317315, 0.04325687104906916]

Gen: 16
     [0.15158661634042037, 0.4080673345298997, 0.042573802456563045]
     [0.1385099348558036, 0.44720612304602564, 0.04123871384393746]
     [0.12122820506181775, 0.6097704648422984, 0.05990097575313487]
     [0.168105122267788, 0.40004585959058453, 0.043250661334591836]
     [0.1575336837258833, 0.41514394376665376, 0.03837189566023754]
     [0.1782189641993973, 0.3944043392660884, 0.04277251331983756]
     [0.12202238564868963, 0.42312193116317315, 0.04325687104906916]

Gen: 17
     [0.15158661634042037, 0.4080673345298997, 0.042573802456563045]
     [0.1385099348558036, 0.44720612304602564, 0.04123871384393746]
     [0.12122820506181775, 0.6097704648422984, 0.05990097575313487]
     [0.168105122267788, 0.40004585959058453, 0.043250661334591836]
     [0.1575336837258833, 0.41514394376665376, 0.03837189566023754]
     [0.1782189641993973, 0.3944043392660884, 0.04277251331983756]
     [0.12202238564868963, 0.42312193116317315, 0.04325687104906916]

Gen: 18
     [0.15158661634042037, 0.4080673345298997, 0.042573802456563045]
     [0.1385099348558036, 0.44720612304602564, 0.04123871384393746]
     [0.12122820506181775, 0.6097704648422984, 0.05990097575313487]
     [0.168105122267788, 0.40004585959058453, 0.043250661334591836]
     [0.1575336837258833, 0.41514394376665376, 0.03837189566023754]
     [0.1782189641993973, 0.3944043392660884, 0.04277251331983756]
     [0.12202238564868963, 0.42312193116317315, 0.04325687104906916]

Gen: 19
     [0.15158661634042037, 0.4080673345298997, 0.042573802456563045]
     [0.1385099348558036, 0.44720612304602564, 0.04123871384393746]
     [0.12122820506181775, 0.6097704648422984, 0.05990097575313487]
     [0.168105122267788, 0.40004585959058453, 0.043250661334591836]
     [0.1575336837258833, 0.41514394376665376, 0.03837189566023754]
     [0.1782189641993973, 0.3944043392660884, 0.04277251331983756]
     [0.12202238564868963, 0.42312193116317315, 0.04325687104906916]

Gen: 20
     [0.15158661634042037, 0.4080673345298997, 0.042573802456563045]
     [0.1385099348558036, 0.44720612304602564, 0.04123871384393746]
     [0.12122820506181775, 0.6097704648422984, 0.05990097575313487]
     [0.168105122267788, 0.40004585959058453, 0.043250661334591836]
     [0.1575336837258833, 0.41514394376665376, 0.03837189566023754]
     [0.1782189641993973, 0.3944043392660884, 0.04277251331983756]
     [0.12202238564868963, 0.42312193116317315, 0.04325687104906916]

Gen: 21
     [0.15158661634042037, 0.4080673345298997, 0.042573802456563045]
     [0.1385099348558036, 0.44720612304602564, 0.04123871384393746]
     [0.12122820506181775, 0.6097704648422984, 0.05990097575313487]
     [0.168105122267788, 0.40004585959058453, 0.043250661334591836]
     [0.1575336837258833, 0.41514394376665376, 0.03837189566023754]
     [0.1782189641993973, 0.3944043392660884, 0.04277251331983756]
     [0.12202238564868963, 0.42312193116317315, 0.04325687104906916]

Gen: 22
     [0.15158661634042037, 0.4080673345298997, 0.042573802456563045]
     [0.1385099348558036, 0.44720612304602564, 0.04123871384393746]
     [0.12122820506181775, 0.6097704648422984, 0.05990097575313487]
     [0.168105122267788, 0.40004585959058453, 0.043250661334591836]
     [0.1575336837258833, 0.41514394376665376, 0.03837189566023754]
     [0.1782189641993973, 0.3944043392660884, 0.04277251331983756]
     [0.12202238564868963, 0.42312193116317315, 0.04325687104906916]

Gen: 23
     [0.15158661634042037, 0.4080673345298997, 0.042573802456563045]
     [0.1385099348558036, 0.44720612304602564, 0.04123871384393746]
     [0.12122820506181775, 0.6097704648422984, 0.05990097575313487]
     [0.168105122267788, 0.40004585959058453, 0.043250661334591836]
     [0.1575336837258833, 0.41514394376665376, 0.03837189566023754]
     [0.1782189641993973, 0.3944043392660884, 0.04277251331983756]
     [0.12202238564868963, 0.42312193116317315, 0.04325687104906916]

Gen: 24
     [0.15158661634042037, 0.4080673345298997, 0.042573802456563045]
     [0.1385099348558036, 0.44720612304602564, 0.04123871384393746]
     [0.12122820506181775, 0.6097704648422984, 0.05990097575313487]
     [0.168105122267788, 0.40004585959058453, 0.043250661334591836]
     [0.1575336837258833, 0.41514394376665376, 0.03837189566023754]
     [0.1782189641993973, 0.3944043392660884, 0.04277251331983756]
     [0.12202238564868963, 0.42312193116317315, 0.04325687104906916]

Gen: 25
     [0.15158661634042037, 0.4080673345298997, 0.042573802456563045]
     [0.1385099348558036, 0.44720612304602564, 0.04123871384393746]
     [0.12122820506181775, 0.6097704648422984, 0.05990097575313487]
     [0.168105122267788, 0.40004585959058453, 0.043250661334591836]
     [0.1575336837258833, 0.41514394376665376, 0.03837189566023754]
     [0.1782189641993973, 0.3944043392660884, 0.04277251331983756]
     [0.12202238564868963, 0.42312193116317315, 0.04325687104906916]

Gen: 26
     [0.15158661634042037, 0.4080673345298997, 0.042573802456563045]
     [0.1385099348558036, 0.44720612304602564, 0.04123871384393746]
     [0.12122820506181775, 0.6097704648422984, 0.05990097575313487]
     [0.168105122267788, 0.40004585959058453, 0.043250661334591836]
     [0.1575336837258833, 0.41514394376665376, 0.03837189566023754]
     [0.1782189641993973, 0.3944043392660884, 0.04277251331983756]
     [0.12202238564868963, 0.42312193116317315, 0.04325687104906916]

Gen: 27
     [0.15158661634042037, 0.4080673345298997, 0.042573802456563045]
     [0.1385099348558036, 0.44720612304602564, 0.04123871384393746]
     [0.12122820506181775, 0.6097704648422984, 0.05990097575313487]
     [0.168105122267788, 0.40004585959058453, 0.043250661334591836]
     [0.1575336837258833, 0.41514394376665376, 0.03837189566023754]
     [0.1782189641993973, 0.3944043392660884, 0.04277251331983756]
     [0.12202238564868963, 0.42312193116317315, 0.04325687104906916]

Gen: 28
     [0.15158661634042037, 0.4080673345298997, 0.042573802456563045]
     [0.12122820506181775, 0.6097704648422984, 0.05990097575313487]
     [0.168105122267788, 0.40004585959058453, 0.043250661334591836]
     [0.13141240317582178, 0.4129893336917761, 0.040739866780925414]
     [0.1575336837258833, 0.41514394376665376, 0.03837189566023754]
     [0.1782189641993973, 0.3944043392660884, 0.04277251331983756]
     [0.12202238564868963, 0.42312193116317315, 0.04325687104906916]

Gen: 29
     [0.15158661634042037, 0.4080673345298997, 0.042573802456563045]
     [0.12122820506181775, 0.6097704648422984, 0.05990097575313487]
     [0.168105122267788, 0.40004585959058453, 0.043250661334591836]
     [0.13141240317582178, 0.4129893336917761, 0.040739866780925414]
     [0.1575336837258833, 0.41514394376665376, 0.03837189566023754]
     [0.1782189641993973, 0.3944043392660884, 0.04277251331983756]
     [0.12202238564868963, 0.42312193116317315, 0.04325687104906916]

Gen: 30
     [0.15158661634042037, 0.4080673345298997, 0.042573802456563045]
     [0.12122820506181775, 0.6097704648422984, 0.05990097575313487]
     [0.168105122267788, 0.40004585959058453, 0.043250661334591836]
     [0.13141240317582178, 0.4129893336917761, 0.040739866780925414]
     [0.1575336837258833, 0.41514394376665376, 0.03837189566023754]
     [0.1782189641993973, 0.3944043392660884, 0.04277251331983756]
     [0.12202238564868963, 0.42312193116317315, 0.04325687104906916]

Gen: 31
     [0.15158661634042037, 0.4080673345298997, 0.042573802456563045]
     [0.11761302298564622, 0.6334237347101753, 0.06828409029752812]
     [0.12122820506181775, 0.6097704648422984, 0.05990097575313487]
     [0.168105122267788, 0.40004585959058453, 0.043250661334591836]
     [0.13141240317582178, 0.4129893336917761, 0.040739866780925414]
     [0.1575336837258833, 0.41514394376665376, 0.03837189566023754]
     [0.1782189641993973, 0.3944043392660884, 0.04277251331983756]
     [0.12202238564868963, 0.42312193116317315, 0.04325687104906916]

Gen: 32
     [0.15158661634042037, 0.4080673345298997, 0.042573802456563045]
     [0.11761302298564622, 0.6334237347101753, 0.06828409029752812]
     [0.12122820506181775, 0.6097704648422984, 0.05990097575313487]
     [0.168105122267788, 0.40004585959058453, 0.043250661334591836]
     [0.13141240317582178, 0.4129893336917761, 0.040739866780925414]
     [0.1575336837258833, 0.41514394376665376, 0.03837189566023754]
     [0.1782189641993973, 0.3944043392660884, 0.04277251331983756]
     [0.12202238564868963, 0.42312193116317315, 0.04325687104906916]

Gen: 33
     [0.15158661634042037, 0.4080673345298997, 0.042573802456563045]
     [0.11761302298564622, 0.6334237347101753, 0.06828409029752812]
     [0.16104980429724305, 0.3672602057356116, 0.036869144756724086]
     [0.12122820506181775, 0.6097704648422984, 0.05990097575313487]
     [0.13141240317582178, 0.4129893336917761, 0.040739866780925414]
     [0.1575336837258833, 0.41514394376665376, 0.03837189566023754]
     [0.12202238564868963, 0.42312193116317315, 0.04325687104906916]

Gen: 34
     [0.15158661634042037, 0.4080673345298997, 0.042573802456563045]
     [0.11761302298564622, 0.6334237347101753, 0.06828409029752812]
     [0.16104980429724305, 0.3672602057356116, 0.036869144756724086]
     [0.12122820506181775, 0.6097704648422984, 0.05990097575313487]
     [0.13141240317582178, 0.4129893336917761, 0.040739866780925414]
     [0.1575336837258833, 0.41514394376665376, 0.03837189566023754]
     [0.12202238564868963, 0.42312193116317315, 0.04325687104906916]

Gen: 35
     [0.15158661634042037, 0.4080673345298997, 0.042573802456563045]
     [0.15624644701278906, 0.4050390201861267, 0.046045032849389586]
     [0.11761302298564622, 0.6334237347101753, 0.06828409029752812]
     [0.16104980429724305, 0.3672602057356116, 0.036869144756724086]
     [0.12122820506181775, 0.6097704648422984, 0.05990097575313487]
     [0.13141240317582178, 0.4129893336917761, 0.040739866780925414]
     [0.1575336837258833, 0.41514394376665376, 0.03837189566023754]
     [0.12202238564868963, 0.42312193116317315, 0.04325687104906916]

Gen: 36
     [0.15158661634042037, 0.4080673345298997, 0.042573802456563045]
     [0.15624644701278906, 0.4050390201861267, 0.046045032849389586]
     [0.11761302298564622, 0.6334237347101753, 0.06828409029752812]
     [0.16104980429724305, 0.3672602057356116, 0.036869144756724086]
     [0.12122820506181775, 0.6097704648422984, 0.05990097575313487]
     [0.13141240317582178, 0.4129893336917761, 0.040739866780925414]
     [0.1575336837258833, 0.41514394376665376, 0.03837189566023754]
     [0.12202238564868963, 0.42312193116317315, 0.04325687104906916]

Gen: 37
     [0.15158661634042037, 0.4080673345298997, 0.042573802456563045]
     [0.15624644701278906, 0.4050390201861267, 0.046045032849389586]
     [0.11761302298564622, 0.6334237347101753, 0.06828409029752812]
     [0.16104980429724305, 0.3672602057356116, 0.036869144756724086]
     [0.12122820506181775, 0.6097704648422984, 0.05990097575313487]
     [0.13141240317582178, 0.4129893336917761, 0.040739866780925414]
     [0.1575336837258833, 0.41514394376665376, 0.03837189566023754]
     [0.12202238564868963, 0.42312193116317315, 0.04325687104906916]

Gen: 38
     [0.15158661634042037, 0.4080673345298997, 0.042573802456563045]
     [0.15624644701278906, 0.4050390201861267, 0.046045032849389586]
     [0.11761302298564622, 0.6334237347101753, 0.06828409029752812]
     [0.16104980429724305, 0.3672602057356116, 0.036869144756724086]
     [0.12122820506181775, 0.6097704648422984, 0.05990097575313487]
     [0.13141240317582178, 0.4129893336917761, 0.040739866780925414]
     [0.1575336837258833, 0.41514394376665376, 0.03837189566023754]
     [0.12202238564868963, 0.42312193116317315, 0.04325687104906916]

Gen: 39
     [0.15158661634042037, 0.4080673345298997, 0.042573802456563045]
     [0.15624644701278906, 0.4050390201861267, 0.046045032849389586]
     [0.11761302298564622, 0.6334237347101753, 0.06828409029752812]
     [0.16054661688075583, 0.39800194507918685, 0.03849402004495833]
     [0.16104980429724305, 0.3672602057356116, 0.036869144756724086]
     [0.12122820506181775, 0.6097704648422984, 0.05990097575313487]
     [0.13141240317582178, 0.4129893336917761, 0.040739866780925414]
     [0.1575336837258833, 0.41514394376665376, 0.03837189566023754]
     [0.12202238564868963, 0.42312193116317315, 0.04325687104906916]

Gen: 40
     [0.15158661634042037, 0.4080673345298997, 0.042573802456563045]
     [0.15624644701278906, 0.4050390201861267, 0.046045032849389586]
     [0.11761302298564622, 0.6334237347101753, 0.06828409029752812]
     [0.16054661688075583, 0.39800194507918685, 0.03849402004495833]
     [0.16104980429724305, 0.3672602057356116, 0.036869144756724086]
     [0.12122820506181775, 0.6097704648422984, 0.05990097575313487]
     [0.13141240317582178, 0.4129893336917761, 0.040739866780925414]
     [0.1575336837258833, 0.41514394376665376, 0.03837189566023754]
     [0.12202238564868963, 0.42312193116317315, 0.04325687104906916]

Gen: 41
     [0.15158661634042037, 0.4080673345298997, 0.042573802456563045]
     [0.15624644701278906, 0.4050390201861267, 0.046045032849389586]
     [0.11761302298564622, 0.6334237347101753, 0.06828409029752812]
     [0.16054661688075583, 0.39800194507918685, 0.03849402004495833]
     [0.16104980429724305, 0.3672602057356116, 0.036869144756724086]
     [0.12122820506181775, 0.6097704648422984, 0.05990097575313487]
     [0.13141240317582178, 0.4129893336917761, 0.040739866780925414]
     [0.1575336837258833, 0.41514394376665376, 0.03837189566023754]
     [0.12202238564868963, 0.42312193116317315, 0.04325687104906916]

Gen: 42
     [0.15158661634042037, 0.4080673345298997, 0.042573802456563045]
     [0.15624644701278906, 0.4050390201861267, 0.046045032849389586]
     [0.11761302298564622, 0.6334237347101753, 0.06828409029752812]
     [0.16054661688075583, 0.39800194507918685, 0.03849402004495833]
     [0.16104980429724305, 0.3672602057356116, 0.036869144756724086]
     [0.12122820506181775, 0.6097704648422984, 0.05990097575313487]
     [0.13141240317582178, 0.4129893336917761, 0.040739866780925414]
     [0.1575336837258833, 0.41514394376665376, 0.03837189566023754]
     [0.12202238564868963, 0.42312193116317315, 0.04325687104906916]

Gen: 43
     [0.15158661634042037, 0.4080673345298997, 0.042573802456563045]
     [0.15624644701278906, 0.4050390201861267, 0.046045032849389586]
     [0.11761302298564622, 0.6334237347101753, 0.06828409029752812]
     [0.16054661688075583, 0.39800194507918685, 0.03849402004495833]
     [0.16104980429724305, 0.3672602057356116, 0.036869144756724086]
     [0.12122820506181775, 0.6097704648422984, 0.05990097575313487]
     [0.13141240317582178, 0.4129893336917761, 0.040739866780925414]
     [0.1575336837258833, 0.41514394376665376, 0.03837189566023754]
     [0.12202238564868963, 0.42312193116317315, 0.04325687104906916]

Gen: 44
     [0.15158661634042037, 0.4080673345298997, 0.042573802456563045]
     [0.15624644701278906, 0.4050390201861267, 0.046045032849389586]
     [0.11761302298564622, 0.6334237347101753, 0.06828409029752812]
     [0.16054661688075583, 0.39800194507918685, 0.03849402004495833]
     [0.16104980429724305, 0.3672602057356116, 0.036869144756724086]
     [0.12122820506181775, 0.6097704648422984, 0.05990097575313487]
     [0.13141240317582178, 0.4129893336917761, 0.040739866780925414]
     [0.1575336837258833, 0.41514394376665376, 0.03837189566023754]
     [0.12202238564868963, 0.42312193116317315, 0.04325687104906916]

Gen: 45
     [0.15158661634042037, 0.4080673345298997, 0.042573802456563045]
     [0.15624644701278906, 0.4050390201861267, 0.046045032849389586]
     [0.11761302298564622, 0.6334237347101753, 0.06828409029752812]
     [0.16054661688075583, 0.39800194507918685, 0.03849402004495833]
     [0.16104980429724305, 0.3672602057356116, 0.036869144756724086]
     [0.12122820506181775, 0.6097704648422984, 0.05990097575313487]
     [0.11358133230969779, 0.6668933290109351, 0.06444648675053921]
     [0.13141240317582178, 0.4129893336917761, 0.040739866780925414]
     [0.1575336837258833, 0.41514394376665376, 0.03837189566023754]
     [0.12202238564868963, 0.42312193116317315, 0.04325687104906916]

Gen: 46
     [0.15158661634042037, 0.4080673345298997, 0.042573802456563045]
     [0.15624644701278906, 0.4050390201861267, 0.046045032849389586]
     [0.11761302298564622, 0.6334237347101753, 0.06828409029752812]
     [0.16054661688075583, 0.39800194507918685, 0.03849402004495833]
     [0.16104980429724305, 0.3672602057356116, 0.036869144756724086]
     [0.12122820506181775, 0.6097704648422984, 0.05990097575313487]
     [0.11358133230969779, 0.6668933290109351, 0.06444648675053921]
     [0.13141240317582178, 0.4129893336917761, 0.040739866780925414]
     [0.1575336837258833, 0.41514394376665376, 0.03837189566023754]
     [0.12202238564868963, 0.42312193116317315, 0.04325687104906916]

Gen: 47
     [0.15158661634042037, 0.4080673345298997, 0.042573802456563045]
     [0.15624644701278906, 0.4050390201861267, 0.046045032849389586]
     [0.11761302298564622, 0.6334237347101753, 0.06828409029752812]
     [0.16054661688075583, 0.39800194507918685, 0.03849402004495833]
     [0.16104980429724305, 0.3672602057356116, 0.036869144756724086]
     [0.12122820506181775, 0.6097704648422984, 0.05990097575313487]
     [0.11358133230969779, 0.6668933290109351, 0.06444648675053921]
     [0.13141240317582178, 0.4129893336917761, 0.040739866780925414]
     [0.1575336837258833, 0.41514394376665376, 0.03837189566023754]
     [0.12202238564868963, 0.42312193116317315, 0.04325687104906916]

Gen: 48
     [0.15158661634042037, 0.4080673345298997, 0.042573802456563045]
     [0.15624644701278906, 0.4050390201861267, 0.046045032849389586]
     [0.11761302298564622, 0.6334237347101753, 0.06828409029752812]
     [0.16054661688075583, 0.39800194507918685, 0.03849402004495833]
     [0.16104980429724305, 0.3672602057356116, 0.036869144756724086]
     [0.12122820506181775, 0.6097704648422984, 0.05990097575313487]
     [0.11358133230969779, 0.6668933290109351, 0.06444648675053921]
     [0.13141240317582178, 0.4129893336917761, 0.040739866780925414]
     [0.1575336837258833, 0.41514394376665376, 0.03837189566023754]
     [0.12202238564868963, 0.42312193116317315, 0.04325687104906916]

Gen: 49
     [0.15158661634042037, 0.4080673345298997, 0.042573802456563045]
     [0.15624644701278906, 0.4050390201861267, 0.046045032849389586]
     [0.11761302298564622, 0.6334237347101753, 0.06828409029752812]
     [0.16054661688075583, 0.39800194507918685, 0.03849402004495833]
     [0.16104980429724305, 0.3672602057356116, 0.036869144756724086]
     [0.12122820506181775, 0.6097704648422984, 0.05990097575313487]
     [0.11358133230969779, 0.6668933290109351, 0.06444648675053921]
     [0.13141240317582178, 0.4129893336917761, 0.040739866780925414]
     [0.1575336837258833, 0.41514394376665376, 0.03837189566023754]
     [0.12202238564868963, 0.42312193116317315, 0.04325687104906916]

Gen: 50
     [0.15158661634042037, 0.4080673345298997, 0.042573802456563045]
     [0.15624644701278906, 0.4050390201861267, 0.046045032849389586]
     [0.11761302298564622, 0.6334237347101753, 0.06828409029752812]
     [0.16054661688075583, 0.39800194507918685, 0.03849402004495833]
     [0.16104980429724305, 0.3672602057356116, 0.036869144756724086]
     [0.12122820506181775, 0.6097704648422984, 0.05990097575313487]
     [0.11358133230969779, 0.6668933290109351, 0.06444648675053921]
     [0.13141240317582178, 0.4129893336917761, 0.040739866780925414]
     [0.1575336837258833, 0.41514394376665376, 0.03837189566023754]
     [0.12202238564868963, 0.42312193116317315, 0.04325687104906916]

Gen: 51
     [0.15158661634042037, 0.4080673345298997, 0.042573802456563045]
     [0.15624644701278906, 0.4050390201861267, 0.046045032849389586]
     [0.11761302298564622, 0.6334237347101753, 0.06828409029752812]
     [0.16054661688075583, 0.39800194507918685, 0.03849402004495833]
     [0.16104980429724305, 0.3672602057356116, 0.036869144756724086]
     [0.12122820506181775, 0.6097704648422984, 0.05990097575313487]
     [0.11358133230969779, 0.6668933290109351, 0.06444648675053921]
     [0.13141240317582178, 0.4129893336917761, 0.040739866780925414]
     [0.1575336837258833, 0.41514394376665376, 0.03837189566023754]
     [0.12202238564868963, 0.42312193116317315, 0.04325687104906916]

Gen: 52
     [0.15158661634042037, 0.4080673345298997, 0.042573802456563045]
     [0.15624644701278906, 0.4050390201861267, 0.046045032849389586]
     [0.11761302298564622, 0.6334237347101753, 0.06828409029752812]
     [0.16054661688075583, 0.39800194507918685, 0.03849402004495833]
     [0.16104980429724305, 0.3672602057356116, 0.036869144756724086]
     [0.12122820506181775, 0.6097704648422984, 0.05990097575313487]
     [0.11358133230969779, 0.6668933290109351, 0.06444648675053921]
     [0.13141240317582178, 0.4129893336917761, 0.040739866780925414]
     [0.1575336837258833, 0.41514394376665376, 0.03837189566023754]
     [0.12202238564868963, 0.42312193116317315, 0.04325687104906916]

Gen: 53
     [0.15158661634042037, 0.4080673345298997, 0.042573802456563045]
     [0.15624644701278906, 0.4050390201861267, 0.046045032849389586]
     [0.11761302298564622, 0.6334237347101753, 0.06828409029752812]
     [0.16054661688075583, 0.39800194507918685, 0.03849402004495833]
     [0.16104980429724305, 0.3672602057356116, 0.036869144756724086]
     [0.12122820506181775, 0.6097704648422984, 0.05990097575313487]
     [0.11358133230969779, 0.6668933290109351, 0.06444648675053921]
     [0.13141240317582178, 0.4129893336917761, 0.040739866780925414]
     [0.1575336837258833, 0.41514394376665376, 0.03837189566023754]
     [0.12202238564868963, 0.42312193116317315, 0.04325687104906916]

Gen: 54
     [0.15158661634042037, 0.4080673345298997, 0.042573802456563045]
     [0.15624644701278906, 0.4050390201861267, 0.046045032849389586]
     [0.11761302298564622, 0.6334237347101753, 0.06828409029752812]
     [0.16054661688075583, 0.39800194507918685, 0.03849402004495833]
     [0.16104980429724305, 0.3672602057356116, 0.036869144756724086]
     [0.12122820506181775, 0.6097704648422984, 0.05990097575313487]
     [0.11358133230969779, 0.6668933290109351, 0.06444648675053921]
     [0.13141240317582178, 0.4129893336917761, 0.040739866780925414]
     [0.1575336837258833, 0.41514394376665376, 0.03837189566023754]
     [0.12202238564868963, 0.42312193116317315, 0.04325687104906916]

Gen: 55
     [0.15158661634042037, 0.4080673345298997, 0.042573802456563045]
     [0.15624644701278906, 0.4050390201861267, 0.046045032849389586]
     [0.11761302298564622, 0.6334237347101753, 0.06828409029752812]
     [0.16054661688075583, 0.39800194507918685, 0.03849402004495833]
     [0.16104980429724305, 0.3672602057356116, 0.036869144756724086]
     [0.12122820506181775, 0.6097704648422984, 0.05990097575313487]
     [0.11358133230969779, 0.6668933290109351, 0.06444648675053921]
     [0.13141240317582178, 0.4129893336917761, 0.040739866780925414]
     [0.1575336837258833, 0.41514394376665376, 0.03837189566023754]
     [0.12202238564868963, 0.42312193116317315, 0.04325687104906916]

Gen: 56
     [0.15158661634042037, 0.4080673345298997, 0.042573802456563045]
     [0.15624644701278906, 0.4050390201861267, 0.046045032849389586]
     [0.11761302298564622, 0.6334237347101753, 0.06828409029752812]
     [0.16054661688075583, 0.39800194507918685, 0.03849402004495833]
     [0.16104980429724305, 0.3672602057356116, 0.036869144756724086]
     [0.12122820506181775, 0.6097704648422984, 0.05990097575313487]
     [0.11358133230969779, 0.6668933290109351, 0.06444648675053921]
     [0.13141240317582178, 0.4129893336917761, 0.040739866780925414]
     [0.1575336837258833, 0.41514394376665376, 0.03837189566023754]
     [0.12202238564868963, 0.42312193116317315, 0.04325687104906916]

Gen: 57
     [0.15158661634042037, 0.4080673345298997, 0.042573802456563045]
     [0.15624644701278906, 0.4050390201861267, 0.046045032849389586]
     [0.11761302298564622, 0.6334237347101753, 0.06828409029752812]
     [0.16054661688075583, 0.39800194507918685, 0.03849402004495833]
     [0.16104980429724305, 0.3672602057356116, 0.036869144756724086]
     [0.12122820506181775, 0.6097704648422984, 0.05990097575313487]
     [0.11358133230969779, 0.6668933290109351, 0.06444648675053921]
     [0.13141240317582178, 0.4129893336917761, 0.040739866780925414]
     [0.1575336837258833, 0.41514394376665376, 0.03837189566023754]
     [0.12202238564868963, 0.42312193116317315, 0.04325687104906916]

Gen: 58
     [0.15158661634042037, 0.4080673345298997, 0.042573802456563045]
     [0.15624644701278906, 0.4050390201861267, 0.046045032849389586]
     [0.11761302298564622, 0.6334237347101753, 0.06828409029752812]
     [0.16054661688075583, 0.39800194507918685, 0.03849402004495833]
     [0.16104980429724305, 0.3672602057356116, 0.036869144756724086]
     [0.12122820506181775, 0.6097704648422984, 0.05990097575313487]
     [0.11358133230969779, 0.6668933290109351, 0.06444648675053921]
     [0.13141240317582178, 0.4129893336917761, 0.040739866780925414]
     [0.1575336837258833, 0.41514394376665376, 0.03837189566023754]
     [0.1179625524997833, 0.6268254884441739, 0.06281954155747918]
     [0.12202238564868963, 0.42312193116317315, 0.04325687104906916]

Gen: 59
     [0.15158661634042037, 0.4080673345298997, 0.042573802456563045]
     [0.15624644701278906, 0.4050390201861267, 0.046045032849389586]
     [0.11761302298564622, 0.6334237347101753, 0.06828409029752812]
     [0.16054661688075583, 0.39800194507918685, 0.03849402004495833]
     [0.16104980429724305, 0.3672602057356116, 0.036869144756724086]
     [0.12122820506181775, 0.6097704648422984, 0.05990097575313487]
     [0.11358133230969779, 0.6668933290109351, 0.06444648675053921]
     [0.13141240317582178, 0.4129893336917761, 0.040739866780925414]
     [0.1575336837258833, 0.41514394376665376, 0.03837189566023754]
     [0.1179625524997833, 0.6268254884441739, 0.06281954155747918]
     [0.12202238564868963, 0.42312193116317315, 0.04325687104906916]

Gen: 60
     [0.15158661634042037, 0.4080673345298997, 0.042573802456563045]
     [0.15624644701278906, 0.4050390201861267, 0.046045032849389586]
     [0.11761302298564622, 0.6334237347101753, 0.06828409029752812]
     [0.16054661688075583, 0.39800194507918685, 0.03849402004495833]
     [0.16104980429724305, 0.3672602057356116, 0.036869144756724086]
     [0.12122820506181775, 0.6097704648422984, 0.05990097575313487]
     [0.11358133230969779, 0.6668933290109351, 0.06444648675053921]
     [0.13141240317582178, 0.4129893336917761, 0.040739866780925414]
     [0.1575336837258833, 0.41514394376665376, 0.03837189566023754]
     [0.1179625524997833, 0.6268254884441739, 0.06281954155747918]
     [0.12202238564868963, 0.42312193116317315, 0.04325687104906916]

Gen: 61
     [0.15158661634042037, 0.4080673345298997, 0.042573802456563045]
     [0.15624644701278906, 0.4050390201861267, 0.046045032849389586]
     [0.11761302298564622, 0.6334237347101753, 0.06828409029752812]
     [0.16054661688075583, 0.39800194507918685, 0.03849402004495833]
     [0.16104980429724305, 0.3672602057356116, 0.036869144756724086]
     [0.12122820506181775, 0.6097704648422984, 0.05990097575313487]
     [0.11358133230969779, 0.6668933290109351, 0.06444648675053921]
     [0.13141240317582178, 0.4129893336917761, 0.040739866780925414]
     [0.1575336837258833, 0.41514394376665376, 0.03837189566023754]
     [0.1179625524997833, 0.6268254884441739, 0.06281954155747918]
     [0.12202238564868963, 0.42312193116317315, 0.04325687104906916]

Gen: 62
     [0.15158661634042037, 0.4080673345298997, 0.042573802456563045]
     [0.15624644701278906, 0.4050390201861267, 0.046045032849389586]
     [0.11761302298564622, 0.6334237347101753, 0.06828409029752812]
     [0.16054661688075583, 0.39800194507918685, 0.03849402004495833]
     [0.16104980429724305, 0.3672602057356116, 0.036869144756724086]
     [0.12122820506181775, 0.6097704648422984, 0.05990097575313487]
     [0.11358133230969779, 0.6668933290109351, 0.06444648675053921]
     [0.13141240317582178, 0.4129893336917761, 0.040739866780925414]
     [0.1575336837258833, 0.41514394376665376, 0.03837189566023754]
     [0.1179625524997833, 0.6268254884441739, 0.06281954155747918]
     [0.12202238564868963, 0.42312193116317315, 0.04325687104906916]

