Gen: 2
     [0.10647249616768752, 0.7681410187087704, 0.0922641098278492]
     [0.12767521727402514, 0.5766032226668109, 0.07621413525096245]
     [0.10098390099804601, 0.6501946577268303, 0.1170828793491683]
     [0.09762857161654506, 0.8620579647453228, 0.13548921333623884]
     [0.12710612709461372, 0.6425056775170326, 0.08382073073291203]
     [0.11238708658723527, 0.5391424245701308, 0.08588654027747512]
     [0.10118456285321421, 0.6310965718611442, 0.10161109900486671]
     [0.1011269959275512, 0.6454796150102736, 0.11534248565410038]
     [0.10848898333519741, 0.6430626149021305, 0.08927435171061233]
     [0.0984213504213899, 0.7902238563858549, 0.11443015907605143]
     [0.10303986262886768, 0.6437547312641938, 0.09489068061306022]
     [0.10045757482055567, 0.7242781442630042, 0.10590833151739668]

Gen: 3
     [0.11150384547063429, 0.59333838001514, 0.08962010605070095]
     [0.10647249616768752, 0.7681410187087704, 0.0922641098278492]
     [0.12767521727402514, 0.5766032226668109, 0.07621413525096245]
     [0.10098390099804601, 0.6501946577268303, 0.1170828793491683]
     [0.12710612709461372, 0.6425056775170326, 0.08382073073291203]
     [0.11238708658723527, 0.5391424245701308, 0.08588654027747512]
     [0.10118456285321421, 0.6310965718611442, 0.10161109900486671]
     [0.1011269959275512, 0.6454796150102736, 0.11534248565410038]
     [0.10848898333519741, 0.6430626149021305, 0.08927435171061233]
     [0.09544267321065547, 0.7617659781550773, 0.10815428197864459]
     [0.10303986262886768, 0.6437547312641938, 0.09489068061306022]
     [0.10045757482055567, 0.7242781442630042, 0.10590833151739668]

Gen: 4
     [0.11150384547063429, 0.59333838001514, 0.08962010605070095]
     [0.10647249616768752, 0.7681410187087704, 0.0922641098278492]
     [0.12767521727402514, 0.5766032226668109, 0.07621413525096245]
     [0.10098390099804601, 0.6501946577268303, 0.1170828793491683]
     [0.12710612709461372, 0.6425056775170326, 0.08382073073291203]
     [0.11238708658723527, 0.5391424245701308, 0.08588654027747512]
     [0.10118456285321421, 0.6310965718611442, 0.10161109900486671]
     [0.1011269959275512, 0.6454796150102736, 0.11534248565410038]
     [0.10848898333519741, 0.6430626149021305, 0.08927435171061233]
     [0.09544267321065547, 0.7617659781550773, 0.10815428197864459]
     [0.10303986262886768, 0.6437547312641938, 0.09489068061306022]
     [0.10045757482055567, 0.7242781442630042, 0.10590833151739668]

Gen: 5
     [0.11150384547063429, 0.59333838001514, 0.08962010605070095]
     [0.10647249616768752, 0.7681410187087704, 0.0922641098278492]
     [0.12767521727402514, 0.5766032226668109, 0.07621413525096245]
     [0.08712507483700337, 0.7537255326051693, 0.12764436696448028]
     [0.10098390099804601, 0.6501946577268303, 0.1170828793491683]
     [0.12710612709461372, 0.6425056775170326, 0.08382073073291203]
     [0.11238708658723527, 0.5391424245701308, 0.08588654027747512]
     [0.10118456285321421, 0.6310965718611442, 0.10161109900486671]
     [0.1011269959275512, 0.6454796150102736, 0.11534248565410038]
     [0.10848898333519741, 0.6430626149021305, 0.08927435171061233]
     [0.09544267321065547, 0.7617659781550773, 0.10815428197864459]
     [0.10303986262886768, 0.6437547312641938, 0.09489068061306022]
     [0.10045757482055567, 0.7242781442630042, 0.10590833151739668]
     [0.17110699553280656, 0.4346382610576403, 0.062752959976756]

Gen: 6
     [0.11150384547063429, 0.59333838001514, 0.08962010605070095]
     [0.10647249616768752, 0.7681410187087704, 0.0922641098278492]
     [0.12767521727402514, 0.5766032226668109, 0.07621413525096245]
     [0.08712507483700337, 0.7537255326051693, 0.12764436696448028]
     [0.10098390099804601, 0.6501946577268303, 0.1170828793491683]
     [0.10137700086185912, 0.639082945820266, 0.09644221689547469]
     [0.12710612709461372, 0.6425056775170326, 0.08382073073291203]
     [0.11238708658723527, 0.5391424245701308, 0.08588654027747512]
     [0.10118456285321421, 0.6310965718611442, 0.10161109900486671]
     [0.1011269959275512, 0.6454796150102736, 0.11534248565410038]
     [0.10848898333519741, 0.6430626149021305, 0.08927435171061233]
     [0.09544267321065547, 0.7617659781550773, 0.10815428197864459]
     [0.10303986262886768, 0.6437547312641938, 0.09489068061306022]
     [0.10045757482055567, 0.7242781442630042, 0.10590833151739668]
     [0.17110699553280656, 0.4346382610576403, 0.062752959976756]

Gen: 7
     [0.0931909840325796, 0.5267816589164053, 0.0715043219292511]
     [0.08712507483700337, 0.7537255326051693, 0.12764436696448028]
     [0.17110699553280656, 0.4346382610576403, 0.062752959976756]

Gen: 8
     [0.0931909840325796, 0.5267816589164053, 0.0715043219292511]
     [0.08712507483700337, 0.7537255326051693, 0.12764436696448028]
     [0.1323134667131588, 0.5075970585054612, 0.07744316118253795]
     [0.17110699553280656, 0.4346382610576403, 0.062752959976756]

Gen: 9
     [0.0931909840325796, 0.5267816589164053, 0.0715043219292511]
     [0.08712507483700337, 0.7537255326051693, 0.12764436696448028]
     [0.1323134667131588, 0.5075970585054612, 0.07744316118253795]
     [0.17110699553280656, 0.4346382610576403, 0.062752959976756]
     [0.08993927511727205, 0.6550773223748243, 0.11748093266506865]

Gen: 10
     [0.0931909840325796, 0.5267816589164053, 0.0715043219292511]
     [0.08712507483700337, 0.7537255326051693, 0.12764436696448028]
     [0.1323134667131588, 0.5075970585054612, 0.07744316118253795]
     [0.09214655552412218, 0.5436628095598572, 0.09964698191327087]
     [0.17110699553280656, 0.4346382610576403, 0.062752959976756]
     [0.08993927511727205, 0.6550773223748243, 0.11748093266506865]

Gen: 11
     [0.0931909840325796, 0.5267816589164053, 0.0715043219292511]
     [0.08712507483700337, 0.7537255326051693, 0.12764436696448028]
     [0.1323134667131588, 0.5075970585054612, 0.07744316118253795]
     [0.09214655552412218, 0.5436628095598572, 0.09964698191327087]
     [0.17110699553280656, 0.4346382610576403, 0.062752959976756]
     [0.08993927511727205, 0.6550773223748243, 0.11748093266506865]

Gen: 12
     [0.0931909840325796, 0.5267816589164053, 0.0715043219292511]
     [0.08712507483700337, 0.7537255326051693, 0.12764436696448028]
     [0.1323134667131588, 0.5075970585054612, 0.07744316118253795]
     [0.09214655552412218, 0.5436628095598572, 0.09964698191327087]
     [0.17110699553280656, 0.4346382610576403, 0.062752959976756]
     [0.08993927511727205, 0.6550773223748243, 0.11748093266506865]

Gen: 13
     [0.0931909840325796, 0.5267816589164053, 0.0715043219292511]
     [0.12418995111745626, 0.5119444144046718, 0.09096244642986853]
     [0.08712507483700337, 0.7537255326051693, 0.12764436696448028]
     [0.1323134667131588, 0.5075970585054612, 0.07744316118253795]
     [0.09214655552412218, 0.5436628095598572, 0.09964698191327087]
     [0.17110699553280656, 0.4346382610576403, 0.062752959976756]
     [0.08993927511727205, 0.6550773223748243, 0.11748093266506865]

Gen: 14
     [0.0931909840325796, 0.5267816589164053, 0.0715043219292511]
     [0.12418995111745626, 0.5119444144046718, 0.09096244642986853]
     [0.08712507483700337, 0.7537255326051693, 0.12764436696448028]
     [0.1323134667131588, 0.5075970585054612, 0.07744316118253795]
     [0.09214655552412218, 0.5436628095598572, 0.09964698191327087]
     [0.17110699553280656, 0.4346382610576403, 0.062752959976756]
     [0.08993927511727205, 0.6550773223748243, 0.11748093266506865]

Gen: 15
     [0.0931909840325796, 0.5267816589164053, 0.0715043219292511]
     [0.12418995111745626, 0.5119444144046718, 0.09096244642986853]
     [0.08712507483700337, 0.7537255326051693, 0.12764436696448028]
     [0.1323134667131588, 0.5075970585054612, 0.07744316118253795]
     [0.09214655552412218, 0.5436628095598572, 0.09964698191327087]
     [0.17110699553280656, 0.4346382610576403, 0.062752959976756]
     [0.08993927511727205, 0.6550773223748243, 0.11748093266506865]

Gen: 16
     [0.0931909840325796, 0.5267816589164053, 0.0715043219292511]
     [0.12418995111745626, 0.5119444144046718, 0.09096244642986853]
     [0.08712507483700337, 0.7537255326051693, 0.12764436696448028]
     [0.1323134667131588, 0.5075970585054612, 0.07744316118253795]
     [0.09214655552412218, 0.5436628095598572, 0.09964698191327087]
     [0.17110699553280656, 0.4346382610576403, 0.062752959976756]
     [0.08993927511727205, 0.6550773223748243, 0.11748093266506865]

Gen: 17
     [0.0931909840325796, 0.5267816589164053, 0.0715043219292511]
     [0.12418995111745626, 0.5119444144046718, 0.09096244642986853]
     [0.08712507483700337, 0.7537255326051693, 0.12764436696448028]
     [0.1323134667131588, 0.5075970585054612, 0.07744316118253795]
     [0.1333118416810858, 0.43316751378825563, 0.07134742500181594]
     [0.09214655552412218, 0.5436628095598572, 0.09964698191327087]
     [0.17110699553280656, 0.4346382610576403, 0.062752959976756]
     [0.08993927511727205, 0.6550773223748243, 0.11748093266506865]

Gen: 18
     [0.0931909840325796, 0.5267816589164053, 0.0715043219292511]
     [0.12418995111745626, 0.5119444144046718, 0.09096244642986853]
     [0.08712507483700337, 0.7537255326051693, 0.12764436696448028]
     [0.1323134667131588, 0.5075970585054612, 0.07744316118253795]
     [0.1333118416810858, 0.43316751378825563, 0.07134742500181594]
     [0.09214655552412218, 0.5436628095598572, 0.09964698191327087]
     [0.17110699553280656, 0.4346382610576403, 0.062752959976756]
     [0.08993927511727205, 0.6550773223748243, 0.11748093266506865]

Gen: 19
     [0.0931909840325796, 0.5267816589164053, 0.0715043219292511]
     [0.12418995111745626, 0.5119444144046718, 0.09096244642986853]
     [0.08712507483700337, 0.7537255326051693, 0.12764436696448028]
     [0.1323134667131588, 0.5075970585054612, 0.07744316118253795]
     [0.1333118416810858, 0.43316751378825563, 0.07134742500181594]
     [0.09214655552412218, 0.5436628095598572, 0.09964698191327087]
     [0.17110699553280656, 0.4346382610576403, 0.062752959976756]
     [0.08993927511727205, 0.6550773223748243, 0.11748093266506865]

Gen: 20
     [0.0931909840325796, 0.5267816589164053, 0.0715043219292511]
     [0.12418995111745626, 0.5119444144046718, 0.09096244642986853]
     [0.08712507483700337, 0.7537255326051693, 0.12764436696448028]
     [0.1323134667131588, 0.5075970585054612, 0.07744316118253795]
     [0.1333118416810858, 0.43316751378825563, 0.07134742500181594]
     [0.09214655552412218, 0.5436628095598572, 0.09964698191327087]
     [0.17110699553280656, 0.4346382610576403, 0.062752959976756]
     [0.08993927511727205, 0.6550773223748243, 0.11748093266506865]

Gen: 21
     [0.0931909840325796, 0.5267816589164053, 0.0715043219292511]
     [0.12418995111745626, 0.5119444144046718, 0.09096244642986853]
     [0.08712507483700337, 0.7537255326051693, 0.12764436696448028]
     [0.13027559754468837, 0.5127933383800152, 0.08446865693324616]
     [0.1323134667131588, 0.5075970585054612, 0.07744316118253795]
     [0.1333118416810858, 0.43316751378825563, 0.07134742500181594]
     [0.09214655552412218, 0.5436628095598572, 0.09964698191327087]
     [0.17110699553280656, 0.4346382610576403, 0.062752959976756]
     [0.08993927511727205, 0.6550773223748243, 0.11748093266506865]

Gen: 22
     [0.0931909840325796, 0.5267816589164053, 0.0715043219292511]
     [0.12418995111745626, 0.5119444144046718, 0.09096244642986853]
     [0.08712507483700337, 0.7537255326051693, 0.12764436696448028]
     [0.13027559754468837, 0.5127933383800152, 0.08446865693324616]
     [0.1323134667131588, 0.5075970585054612, 0.07744316118253795]
     [0.1333118416810858, 0.43316751378825563, 0.07134742500181594]
     [0.09214655552412218, 0.5436628095598572, 0.09964698191327087]
     [0.17110699553280656, 0.4346382610576403, 0.062752959976756]
     [0.08993927511727205, 0.6550773223748243, 0.11748093266506865]

Gen: 23
     [0.0931909840325796, 0.5267816589164053, 0.0715043219292511]
     [0.12418995111745626, 0.5119444144046718, 0.09096244642986853]
     [0.08712507483700337, 0.7537255326051693, 0.12764436696448028]
     [0.09917465476292295, 0.5250513680112469, 0.08446575143458997]
     [0.13027559754468837, 0.5127933383800152, 0.08446865693324616]
     [0.1323134667131588, 0.5075970585054612, 0.07744316118253795]
     [0.1333118416810858, 0.43316751378825563, 0.07134742500181594]
     [0.09214655552412218, 0.5436628095598572, 0.09964698191327087]
     [0.17110699553280656, 0.4346382610576403, 0.062752959976756]
     [0.08993927511727205, 0.6550773223748243, 0.11748093266506865]

Gen: 24
     [0.0931909840325796, 0.5267816589164053, 0.0715043219292511]
     [0.12418995111745626, 0.5119444144046718, 0.09096244642986853]
     [0.08712507483700337, 0.7537255326051693, 0.12764436696448028]
     [0.09917465476292295, 0.5250513680112469, 0.08446575143458997]
     [0.13027559754468837, 0.5127933383800152, 0.08446865693324616]
     [0.1323134667131588, 0.5075970585054612, 0.07744316118253795]
     [0.1333118416810858, 0.43316751378825563, 0.07134742500181594]
     [0.09214655552412218, 0.5436628095598572, 0.09964698191327087]
     [0.17110699553280656, 0.4346382610576403, 0.062752959976756]
     [0.08993927511727205, 0.6550773223748243, 0.11748093266506865]

Gen: 25
     [0.0931909840325796, 0.5267816589164053, 0.0715043219292511]
     [0.12418995111745626, 0.5119444144046718, 0.09096244642986853]
     [0.08712507483700337, 0.7537255326051693, 0.12764436696448028]
     [0.09917465476292295, 0.5250513680112469, 0.08446575143458997]
     [0.13027559754468837, 0.5127933383800152, 0.08446865693324616]
     [0.1323134667131588, 0.5075970585054612, 0.07744316118253795]
     [0.1333118416810858, 0.43316751378825563, 0.07134742500181594]
     [0.09214655552412218, 0.5436628095598572, 0.09964698191327087]
     [0.17110699553280656, 0.4346382610576403, 0.062752959976756]
     [0.08993927511727205, 0.6550773223748243, 0.11748093266506865]

Gen: 26
     [0.0931909840325796, 0.5267816589164053, 0.0715043219292511]
     [0.08712507483700337, 0.7537255326051693, 0.12764436696448028]
     [0.09917465476292295, 0.5250513680112469, 0.08446575143458997]
     [0.13027559754468837, 0.5127933383800152, 0.08446865693324616]
     [0.1323134667131588, 0.5075970585054612, 0.07744316118253795]
     [0.10671427725547215, 0.4924083486536174, 0.08626425510278202]
     [0.1333118416810858, 0.43316751378825563, 0.07134742500181594]
     [0.09214655552412218, 0.5436628095598572, 0.09964698191327087]
     [0.17110699553280656, 0.4346382610576403, 0.062752959976756]
     [0.08993927511727205, 0.6550773223748243, 0.11748093266506865]

Gen: 27
     [0.0931909840325796, 0.5267816589164053, 0.0715043219292511]
     [0.08712507483700337, 0.7537255326051693, 0.12764436696448028]
     [0.09917465476292295, 0.5250513680112469, 0.08446575143458997]
     [0.13027559754468837, 0.5127933383800152, 0.08446865693324616]
     [0.1323134667131588, 0.5075970585054612, 0.07744316118253795]
     [0.10671427725547215, 0.4924083486536174, 0.08626425510278202]
     [0.1333118416810858, 0.43316751378825563, 0.07134742500181594]
     [0.09214655552412218, 0.5436628095598572, 0.09964698191327087]
     [0.17110699553280656, 0.4346382610576403, 0.062752959976756]
     [0.08993927511727205, 0.6550773223748243, 0.11748093266506865]

Gen: 28
     [0.0931909840325796, 0.5267816589164053, 0.0715043219292511]
     [0.08712507483700337, 0.7537255326051693, 0.12764436696448028]
     [0.09917465476292295, 0.5250513680112469, 0.08446575143458997]
     [0.13027559754468837, 0.5127933383800152, 0.08446865693324616]
     [0.1323134667131588, 0.5075970585054612, 0.07744316118253795]
     [0.10671427725547215, 0.4924083486536174, 0.08626425510278202]
     [0.1333118416810858, 0.43316751378825563, 0.07134742500181594]
     [0.09214655552412218, 0.5436628095598572, 0.09964698191327087]
     [0.17110699553280656, 0.4346382610576403, 0.062752959976756]
     [0.08993927511727205, 0.6550773223748243, 0.11748093266506865]

Gen: 29
     [0.0931909840325796, 0.5267816589164053, 0.0715043219292511]
     [0.08712507483700337, 0.7537255326051693, 0.12764436696448028]
     [0.09917465476292295, 0.5250513680112469, 0.08446575143458997]
     [0.13027559754468837, 0.5127933383800152, 0.08446865693324616]
     [0.1323134667131588, 0.5075970585054612, 0.07744316118253795]
     [0.10671427725547215, 0.4924083486536174, 0.08626425510278202]
     [0.1333118416810858, 0.43316751378825563, 0.07134742500181594]
     [0.09214655552412218, 0.5436628095598572, 0.09964698191327087]
     [0.17110699553280656, 0.4346382610576403, 0.062752959976756]
     [0.08993927511727205, 0.6550773223748243, 0.11748093266506865]

Gen: 30
     [0.0931909840325796, 0.5267816589164053, 0.0715043219292511]
     [0.08712507483700337, 0.7537255326051693, 0.12764436696448028]
     [0.09917465476292295, 0.5250513680112469, 0.08446575143458997]
     [0.13027559754468837, 0.5127933383800152, 0.08446865693324616]
     [0.1323134667131588, 0.5075970585054612, 0.07744316118253795]
     [0.10671427725547215, 0.4924083486536174, 0.08626425510278202]
     [0.1333118416810858, 0.43316751378825563, 0.07134742500181594]
     [0.09214655552412218, 0.5436628095598572, 0.09964698191327087]
     [0.17110699553280656, 0.4346382610576403, 0.062752959976756]
     [0.08993927511727205, 0.6550773223748243, 0.11748093266506865]

Gen: 31
     [0.0931909840325796, 0.5267816589164053, 0.0715043219292511]
     [0.08712507483700337, 0.7537255326051693, 0.12764436696448028]
     [0.09917465476292295, 0.5250513680112469, 0.08446575143458997]
     [0.13027559754468837, 0.5127933383800152, 0.08446865693324616]
     [0.1323134667131588, 0.5075970585054612, 0.07744316118253795]
     [0.10671427725547215, 0.4924083486536174, 0.08626425510278202]
     [0.1333118416810858, 0.43316751378825563, 0.07134742500181594]
     [0.09214655552412218, 0.5436628095598572, 0.09964698191327087]
     [0.17110699553280656, 0.4346382610576403, 0.062752959976756]
     [0.08993927511727205, 0.6550773223748243, 0.11748093266506865]

Gen: 32
     [0.0931909840325796, 0.5267816589164053, 0.0715043219292511]
     [0.08712507483700337, 0.7537255326051693, 0.12764436696448028]
     [0.09917465476292295, 0.5250513680112469, 0.08446575143458997]
     [0.13027559754468837, 0.5127933383800152, 0.08446865693324616]
     [0.1323134667131588, 0.5075970585054612, 0.07744316118253795]
     [0.10671427725547215, 0.4924083486536174, 0.08626425510278202]
     [0.1333118416810858, 0.43316751378825563, 0.07134742500181594]
     [0.09214655552412218, 0.5436628095598572, 0.09964698191327087]
     [0.17110699553280656, 0.4346382610576403, 0.062752959976756]
     [0.08993927511727205, 0.6550773223748243, 0.11748093266506865]

Gen: 33
     [0.0931909840325796, 0.5267816589164053, 0.0715043219292511]
     [0.08712507483700337, 0.7537255326051693, 0.12764436696448028]
     [0.09917465476292295, 0.5250513680112469, 0.08446575143458997]
     [0.13027559754468837, 0.5127933383800152, 0.08446865693324616]
     [0.1323134667131588, 0.5075970585054612, 0.07744316118253795]
     [0.10671427725547215, 0.4924083486536174, 0.08626425510278202]
     [0.1333118416810858, 0.43316751378825563, 0.07134742500181594]
     [0.09214655552412218, 0.5436628095598572, 0.09964698191327087]
     [0.17110699553280656, 0.4346382610576403, 0.062752959976756]
     [0.08993927511727205, 0.6550773223748243, 0.11748093266506865]

Gen: 34
     [0.0931909840325796, 0.5267816589164053, 0.0715043219292511]
     [0.08712507483700337, 0.7537255326051693, 0.12764436696448028]
     [0.09917465476292295, 0.5250513680112469, 0.08446575143458997]
     [0.13027559754468837, 0.5127933383800152, 0.08446865693324616]
     [0.1323134667131588, 0.5075970585054612, 0.07744316118253795]
     [0.10671427725547215, 0.4924083486536174, 0.08626425510278202]
     [0.1333118416810858, 0.43316751378825563, 0.07134742500181594]
     [0.09214655552412218, 0.5436628095598572, 0.09964698191327087]
     [0.17110699553280656, 0.4346382610576403, 0.062752959976756]
     [0.08993927511727205, 0.6550773223748243, 0.11748093266506865]

Gen: 35
     [0.0931909840325796, 0.5267816589164053, 0.0715043219292511]
     [0.08712507483700337, 0.7537255326051693, 0.12764436696448028]
     [0.15378592998546023, 0.3969287336433438, 0.05328684535483402]
     [0.09917465476292295, 0.5250513680112469, 0.08446575143458997]
     [0.13027559754468837, 0.5127933383800152, 0.08446865693324616]
     [0.1323134667131588, 0.5075970585054612, 0.07744316118253795]
     [0.10671427725547215, 0.4924083486536174, 0.08626425510278202]
     [0.1333118416810858, 0.43316751378825563, 0.07134742500181594]
     [0.09214655552412218, 0.5436628095598572, 0.09964698191327087]
     [0.08993927511727205, 0.6550773223748243, 0.11748093266506865]

Gen: 36
     [0.0931909840325796, 0.5267816589164053, 0.0715043219292511]
     [0.08712507483700337, 0.7537255326051693, 0.12764436696448028]
     [0.15378592998546023, 0.3969287336433438, 0.05328684535483402]
     [0.09917465476292295, 0.5250513680112469, 0.08446575143458997]
     [0.13027559754468837, 0.5127933383800152, 0.08446865693324616]
     [0.1323134667131588, 0.5075970585054612, 0.07744316118253795]
     [0.10671427725547215, 0.4924083486536174, 0.08626425510278202]
     [0.1333118416810858, 0.43316751378825563, 0.07134742500181594]
     [0.09214655552412218, 0.5436628095598572, 0.09964698191327087]
     [0.08993927511727205, 0.6550773223748243, 0.11748093266506865]

Gen: 37
     [0.0931909840325796, 0.5267816589164053, 0.0715043219292511]
     [0.08712507483700337, 0.7537255326051693, 0.12764436696448028]
     [0.15378592998546023, 0.3969287336433438, 0.05328684535483402]
     [0.09917465476292295, 0.5250513680112469, 0.08446575143458997]
     [0.13027559754468837, 0.5127933383800152, 0.08446865693324616]
     [0.1323134667131588, 0.5075970585054612, 0.07744316118253795]
     [0.10671427725547215, 0.4924083486536174, 0.08626425510278202]
     [0.1333118416810858, 0.43316751378825563, 0.07134742500181594]
     [0.09214655552412218, 0.5436628095598572, 0.09964698191327087]
     [0.08993927511727205, 0.6550773223748243, 0.11748093266506865]

Gen: 38
     [0.0931909840325796, 0.5267816589164053, 0.0715043219292511]
     [0.08712507483700337, 0.7537255326051693, 0.12764436696448028]
     [0.15378592998546023, 0.3969287336433438, 0.05328684535483402]
     [0.09917465476292295, 0.5250513680112469, 0.08446575143458997]
     [0.13027559754468837, 0.5127933383800152, 0.08446865693324616]
     [0.1323134667131588, 0.5075970585054612, 0.07744316118253795]
     [0.10671427725547215, 0.4924083486536174, 0.08626425510278202]
     [0.1333118416810858, 0.43316751378825563, 0.07134742500181594]
     [0.09214655552412218, 0.5436628095598572, 0.09964698191327087]
     [0.08993927511727205, 0.6550773223748243, 0.11748093266506865]

Gen: 39
     [0.0931909840325796, 0.5267816589164053, 0.0715043219292511]
     [0.08712507483700337, 0.7537255326051693, 0.12764436696448028]
     [0.15378592998546023, 0.3969287336433438, 0.05328684535483402]
     [0.09917465476292295, 0.5250513680112469, 0.08446575143458997]
     [0.13027559754468837, 0.5127933383800152, 0.08446865693324616]
     [0.1323134667131588, 0.5075970585054612, 0.07744316118253795]
     [0.10671427725547215, 0.4924083486536174, 0.08626425510278202]
     [0.1333118416810858, 0.43316751378825563, 0.07134742500181594]
     [0.09214655552412218, 0.5436628095598572, 0.09964698191327087]
     [0.11910267965815115, 0.5211744349518763, 0.08176363768431757]
     [0.08993927511727205, 0.6550773223748243, 0.11748093266506865]

Gen: 40
     [0.0931909840325796, 0.5267816589164053, 0.0715043219292511]
     [0.08712507483700337, 0.7537255326051693, 0.12764436696448028]
     [0.15378592998546023, 0.3969287336433438, 0.05328684535483402]
     [0.09917465476292295, 0.5250513680112469, 0.08446575143458997]
     [0.13027559754468837, 0.5127933383800152, 0.08446865693324616]
     [0.1323134667131588, 0.5075970585054612, 0.07744316118253795]
     [0.10671427725547215, 0.4924083486536174, 0.08626425510278202]
     [0.1333118416810858, 0.43316751378825563, 0.07134742500181594]
     [0.09214655552412218, 0.5436628095598572, 0.09964698191327087]
     [0.11910267965815115, 0.5211744349518763, 0.08176363768431757]
     [0.08993927511727205, 0.6550773223748243, 0.11748093266506865]

Gen: 41
     [0.0931909840325796, 0.5267816589164053, 0.0715043219292511]
     [0.08712507483700337, 0.7537255326051693, 0.12764436696448028]
     [0.15378592998546023, 0.3969287336433438, 0.05328684535483402]
     [0.09917465476292295, 0.5250513680112469, 0.08446575143458997]
     [0.13027559754468837, 0.5127933383800152, 0.08446865693324616]
     [0.1323134667131588, 0.5075970585054612, 0.07744316118253795]
     [0.10671427725547215, 0.4924083486536174, 0.08626425510278202]
     [0.1333118416810858, 0.43316751378825563, 0.07134742500181594]
     [0.09214655552412218, 0.5436628095598572, 0.09964698191327087]
     [0.11910267965815115, 0.5211744349518763, 0.08176363768431757]
     [0.08993927511727205, 0.6550773223748243, 0.11748093266506865]

Gen: 42
     [0.0931909840325796, 0.5267816589164053, 0.0715043219292511]
     [0.08712507483700337, 0.7537255326051693, 0.12764436696448028]
     [0.15378592998546023, 0.3969287336433438, 0.05328684535483402]
     [0.09917465476292295, 0.5250513680112469, 0.08446575143458997]
     [0.13027559754468837, 0.5127933383800152, 0.08446865693324616]
     [0.1323134667131588, 0.5075970585054612, 0.07744316118253795]
     [0.10671427725547215, 0.4924083486536174, 0.08626425510278202]
     [0.1333118416810858, 0.43316751378825563, 0.07134742500181594]
     [0.09214655552412218, 0.5436628095598572, 0.09964698191327087]
     [0.11910267965815115, 0.5211744349518763, 0.08176363768431757]
     [0.08993927511727205, 0.6550773223748243, 0.11748093266506865]

Gen: 43
     [0.0931909840325796, 0.5267816589164053, 0.0715043219292511]
     [0.08712507483700337, 0.7537255326051693, 0.12764436696448028]
     [0.15378592998546023, 0.3969287336433438, 0.05328684535483402]
     [0.09917465476292295, 0.5250513680112469, 0.08446575143458997]
     [0.13027559754468837, 0.5127933383800152, 0.08446865693324616]
     [0.1323134667131588, 0.5075970585054612, 0.07744316118253795]
     [0.10671427725547215, 0.4924083486536174, 0.08626425510278202]
     [0.1333118416810858, 0.43316751378825563, 0.07134742500181594]
     [0.09214655552412218, 0.5436628095598572, 0.09964698191327087]
     [0.11910267965815115, 0.5211744349518763, 0.08176363768431757]
     [0.08993927511727205, 0.6550773223748243, 0.11748093266506865]

Gen: 44
     [0.0931909840325796, 0.5267816589164053, 0.0715043219292511]
     [0.08712507483700337, 0.7537255326051693, 0.12764436696448028]
     [0.15378592998546023, 0.3969287336433438, 0.05328684535483402]
     [0.09917465476292295, 0.5250513680112469, 0.08446575143458997]
     [0.13027559754468837, 0.5127933383800152, 0.08446865693324616]
     [0.1323134667131588, 0.5075970585054612, 0.07744316118253795]
     [0.10671427725547215, 0.4924083486536174, 0.08626425510278202]
     [0.1333118416810858, 0.43316751378825563, 0.07134742500181594]
     [0.09214655552412218, 0.5436628095598572, 0.09964698191327087]
     [0.11910267965815115, 0.5211744349518763, 0.08176363768431757]
     [0.08993927511727205, 0.6550773223748243, 0.11748093266506865]

Gen: 45
     [0.14019191168246742, 0.5328052341299881, 0.06812232149342631]
     [0.0931909840325796, 0.5267816589164053, 0.0715043219292511]
     [0.08712507483700337, 0.7537255326051693, 0.12764436696448028]
     [0.15378592998546023, 0.3969287336433438, 0.05328684535483402]
     [0.09917465476292295, 0.5250513680112469, 0.08446575143458997]
     [0.13027559754468837, 0.5127933383800152, 0.08446865693324616]
     [0.1323134667131588, 0.5075970585054612, 0.07744316118253795]
     [0.10671427725547215, 0.4924083486536174, 0.08626425510278202]
     [0.1333118416810858, 0.43316751378825563, 0.07134742500181594]
     [0.09214655552412218, 0.5436628095598572, 0.09964698191327087]
     [0.11910267965815115, 0.5211744349518763, 0.08176363768431757]
     [0.08993927511727205, 0.6550773223748243, 0.11748093266506865]

Gen: 46
     [0.14019191168246742, 0.5328052341299881, 0.06812232149342631]
     [0.0931909840325796, 0.5267816589164053, 0.0715043219292511]
     [0.08712507483700337, 0.7537255326051693, 0.12764436696448028]
     [0.15378592998546023, 0.3969287336433438, 0.05328684535483402]
     [0.09917465476292295, 0.5250513680112469, 0.08446575143458997]
     [0.13027559754468837, 0.5127933383800152, 0.08446865693324616]
     [0.1323134667131588, 0.5075970585054612, 0.07744316118253795]
     [0.10671427725547215, 0.4924083486536174, 0.08626425510278202]
     [0.1333118416810858, 0.43316751378825563, 0.07134742500181594]
     [0.09214655552412218, 0.5436628095598572, 0.09964698191327087]
     [0.11910267965815115, 0.5211744349518763, 0.08176363768431757]
     [0.08993927511727205, 0.6550773223748243, 0.11748093266506865]

Gen: 47
     [0.14019191168246742, 0.5328052341299881, 0.06812232149342631]
     [0.0931909840325796, 0.5267816589164053, 0.0715043219292511]
     [0.08712507483700337, 0.7537255326051693, 0.12764436696448028]
     [0.15378592998546023, 0.3969287336433438, 0.05328684535483402]
     [0.09917465476292295, 0.5250513680112469, 0.08446575143458997]
     [0.10671427725547215, 0.4924083486536174, 0.08626425510278202]
     [0.1333118416810858, 0.43316751378825563, 0.07134742500181594]
     [0.09214655552412218, 0.5436628095598572, 0.09964698191327087]
     [0.11910267965815115, 0.5211744349518763, 0.08176363768431757]
     [0.11969644137713244, 0.4565913269168379, 0.07441272608411419]
     [0.08993927511727205, 0.6550773223748243, 0.11748093266506865]

Gen: 48
     [0.14019191168246742, 0.5328052341299881, 0.06812232149342631]
     [0.0931909840325796, 0.5267816589164053, 0.0715043219292511]
     [0.08712507483700337, 0.7537255326051693, 0.12764436696448028]
     [0.15378592998546023, 0.3969287336433438, 0.05328684535483402]
     [0.09917465476292295, 0.5250513680112469, 0.08446575143458997]
     [0.10671427725547215, 0.4924083486536174, 0.08626425510278202]
     [0.1333118416810858, 0.43316751378825563, 0.07134742500181594]
     [0.09214655552412218, 0.5436628095598572, 0.09964698191327087]
     [0.11910267965815115, 0.5211744349518763, 0.08176363768431757]
     [0.11969644137713244, 0.4565913269168379, 0.07441272608411419]
     [0.09186529997302578, 0.7295501243646588, 0.11382872085421661]
     [0.08993927511727205, 0.6550773223748243, 0.11748093266506865]

Gen: 49
     [0.14019191168246742, 0.5328052341299881, 0.06812232149342631]
     [0.0931909840325796, 0.5267816589164053, 0.0715043219292511]
     [0.08712507483700337, 0.7537255326051693, 0.12764436696448028]
     [0.15378592998546023, 0.3969287336433438, 0.05328684535483402]
     [0.09917465476292295, 0.5250513680112469, 0.08446575143458997]
     [0.10671427725547215, 0.4924083486536174, 0.08626425510278202]
     [0.1333118416810858, 0.43316751378825563, 0.07134742500181594]
     [0.09214655552412218, 0.5436628095598572, 0.09964698191327087]
     [0.11910267965815115, 0.5211744349518763, 0.08176363768431757]
     [0.11969644137713244, 0.4565913269168379, 0.07441272608411419]
     [0.09186529997302578, 0.7295501243646588, 0.11382872085421661]
     [0.08993927511727205, 0.6550773223748243, 0.11748093266506865]

Gen: 50
     [0.14019191168246742, 0.5328052341299881, 0.06812232149342631]
     [0.0931909840325796, 0.5267816589164053, 0.0715043219292511]
     [0.08712507483700337, 0.7537255326051693, 0.12764436696448028]
     [0.15378592998546023, 0.3969287336433438, 0.05328684535483402]
     [0.09917465476292295, 0.5250513680112469, 0.08446575143458997]
     [0.10671427725547215, 0.4924083486536174, 0.08626425510278202]
     [0.1333118416810858, 0.43316751378825563, 0.07134742500181594]
     [0.09214655552412218, 0.5436628095598572, 0.09964698191327087]
     [0.11910267965815115, 0.5211744349518763, 0.08176363768431757]
     [0.11969644137713244, 0.4565913269168379, 0.07441272608411419]
     [0.09186529997302578, 0.7295501243646588, 0.11382872085421661]
     [0.08993927511727205, 0.6550773223748243, 0.11748093266506865]

Gen: 51
     [0.14019191168246742, 0.5328052341299881, 0.06812232149342631]
     [0.0931909840325796, 0.5267816589164053, 0.0715043219292511]
     [0.08712507483700337, 0.7537255326051693, 0.12764436696448028]
     [0.15378592998546023, 0.3969287336433438, 0.05328684535483402]
     [0.09917465476292295, 0.5250513680112469, 0.08446575143458997]
     [0.10671427725547215, 0.4924083486536174, 0.08626425510278202]
     [0.1333118416810858, 0.43316751378825563, 0.07134742500181594]
     [0.09214655552412218, 0.5436628095598572, 0.09964698191327087]
     [0.11910267965815115, 0.5211744349518763, 0.08176363768431757]
     [0.11969644137713244, 0.4565913269168379, 0.07441272608411419]
     [0.09186529997302578, 0.7295501243646588, 0.11382872085421661]
     [0.08993927511727205, 0.6550773223748243, 0.11748093266506865]

Gen: 52
     [0.14019191168246742, 0.5328052341299881, 0.06812232149342631]
     [0.0931909840325796, 0.5267816589164053, 0.0715043219292511]
     [0.08712507483700337, 0.7537255326051693, 0.12764436696448028]
     [0.15378592998546023, 0.3969287336433438, 0.05328684535483402]
     [0.09917465476292295, 0.5250513680112469, 0.08446575143458997]
     [0.10671427725547215, 0.4924083486536174, 0.08626425510278202]
     [0.1333118416810858, 0.43316751378825563, 0.07134742500181594]
     [0.09214655552412218, 0.5436628095598572, 0.09964698191327087]
     [0.11910267965815115, 0.5211744349518763, 0.08176363768431757]
     [0.11969644137713244, 0.4565913269168379, 0.07441272608411419]
     [0.09186529997302578, 0.7295501243646588, 0.11382872085421661]
     [0.08993927511727205, 0.6550773223748243, 0.11748093266506865]

Gen: 53
     [0.14019191168246742, 0.5328052341299881, 0.06812232149342631]
     [0.0931909840325796, 0.5267816589164053, 0.0715043219292511]
     [0.08712507483700337, 0.7537255326051693, 0.12764436696448028]
     [0.15378592998546023, 0.3969287336433438, 0.05328684535483402]
     [0.09917465476292295, 0.5250513680112469, 0.08446575143458997]
     [0.11681645032467745, 0.49643668216718934, 0.0844366964480279]
     [0.10671427725547215, 0.4924083486536174, 0.08626425510278202]
     [0.1333118416810858, 0.43316751378825563, 0.07134742500181594]
     [0.09214655552412218, 0.5436628095598572, 0.09964698191327087]
     [0.11910267965815115, 0.5211744349518763, 0.08176363768431757]
     [0.11969644137713244, 0.4565913269168379, 0.07441272608411419]
     [0.09186529997302578, 0.7295501243646588, 0.11382872085421661]
     [0.08993927511727205, 0.6550773223748243, 0.11748093266506865]

Gen: 54
     [0.14019191168246742, 0.5328052341299881, 0.06812232149342631]
     [0.0931909840325796, 0.5267816589164053, 0.0715043219292511]
     [0.08712507483700337, 0.7537255326051693, 0.12764436696448028]
     [0.15378592998546023, 0.3969287336433438, 0.05328684535483402]
     [0.09917465476292295, 0.5250513680112469, 0.08446575143458997]
     [0.11681645032467745, 0.49643668216718934, 0.0844366964480279]
     [0.10671427725547215, 0.4924083486536174, 0.08626425510278202]
     [0.1333118416810858, 0.43316751378825563, 0.07134742500181594]
     [0.09214655552412218, 0.5436628095598572, 0.09964698191327087]
     [0.11910267965815115, 0.5211744349518763, 0.08176363768431757]
     [0.11969644137713244, 0.4565913269168379, 0.07441272608411419]
     [0.09186529997302578, 0.7295501243646588, 0.11382872085421661]
     [0.08993927511727205, 0.6550773223748243, 0.11748093266506865]

Gen: 55
     [0.14019191168246742, 0.5328052341299881, 0.06812232149342631]
     [0.0931909840325796, 0.5267816589164053, 0.0715043219292511]
     [0.08712507483700337, 0.7537255326051693, 0.12764436696448028]
     [0.15378592998546023, 0.3969287336433438, 0.05328684535483402]
     [0.09917465476292295, 0.5250513680112469, 0.08446575143458997]
     [0.11681645032467745, 0.49643668216718934, 0.0844366964480279]
     [0.10671427725547215, 0.4924083486536174, 0.08626425510278202]
     [0.1333118416810858, 0.43316751378825563, 0.07134742500181594]
     [0.09214655552412218, 0.5436628095598572, 0.09964698191327087]
     [0.11910267965815115, 0.5211744349518763, 0.08176363768431757]
     [0.11969644137713244, 0.4565913269168379, 0.07441272608411419]
     [0.09186529997302578, 0.7295501243646588, 0.11382872085421661]
     [0.08993927511727205, 0.6550773223748243, 0.11748093266506865]

Gen: 56
     [0.14019191168246742, 0.5328052341299881, 0.06812232149342631]
     [0.0931909840325796, 0.5267816589164053, 0.0715043219292511]
     [0.08712507483700337, 0.7537255326051693, 0.12764436696448028]
     [0.15378592998546023, 0.3969287336433438, 0.05328684535483402]
     [0.09917465476292295, 0.5250513680112469, 0.08446575143458997]
     [0.11681645032467745, 0.49643668216718934, 0.0844366964480279]
     [0.10671427725547215, 0.4924083486536174, 0.08626425510278202]
     [0.1333118416810858, 0.43316751378825563, 0.07134742500181594]
     [0.09214655552412218, 0.5436628095598572, 0.09964698191327087]
     [0.11910267965815115, 0.5211744349518763, 0.08176363768431757]
     [0.11969644137713244, 0.4565913269168379, 0.07441272608411419]
     [0.09186529997302578, 0.7295501243646588, 0.11382872085421661]
     [0.08993927511727205, 0.6550773223748243, 0.11748093266506865]

Gen: 57
     [0.14019191168246742, 0.5328052341299881, 0.06812232149342631]
     [0.0931909840325796, 0.5267816589164053, 0.0715043219292511]
     [0.08712507483700337, 0.7537255326051693, 0.12764436696448028]
     [0.15378592998546023, 0.3969287336433438, 0.05328684535483402]
     [0.09917465476292295, 0.5250513680112469, 0.08446575143458997]
     [0.11681645032467745, 0.49643668216718934, 0.0844366964480279]
     [0.10671427725547215, 0.4924083486536174, 0.08626425510278202]
     [0.1333118416810858, 0.43316751378825563, 0.07134742500181594]
     [0.09214655552412218, 0.5436628095598572, 0.09964698191327087]
     [0.11910267965815115, 0.5211744349518763, 0.08176363768431757]
     [0.11969644137713244, 0.4565913269168379, 0.07441272608411419]
     [0.09186529997302578, 0.7295501243646588, 0.11382872085421661]
     [0.08993927511727205, 0.6550773223748243, 0.11748093266506865]

Gen: 58
     [0.14019191168246742, 0.5328052341299881, 0.06812232149342631]
     [0.0931909840325796, 0.5267816589164053, 0.0715043219292511]
     [0.08712507483700337, 0.7537255326051693, 0.12764436696448028]
     [0.15378592998546023, 0.3969287336433438, 0.05328684535483402]
     [0.09917465476292295, 0.5250513680112469, 0.08446575143458997]
     [0.11681645032467745, 0.49643668216718934, 0.0844366964480279]
     [0.10671427725547215, 0.4924083486536174, 0.08626425510278202]
     [0.1333118416810858, 0.43316751378825563, 0.07134742500181594]
     [0.09214655552412218, 0.5436628095598572, 0.09964698191327087]
     [0.11910267965815115, 0.5211744349518763, 0.08176363768431757]
     [0.11969644137713244, 0.4565913269168379, 0.07441272608411419]
     [0.09186529997302578, 0.7295501243646588, 0.11382872085421661]
     [0.08993927511727205, 0.6550773223748243, 0.11748093266506865]

Gen: 59
     [0.14019191168246742, 0.5328052341299881, 0.06812232149342631]
     [0.0931909840325796, 0.5267816589164053, 0.0715043219292511]
     [0.08712507483700337, 0.7537255326051693, 0.12764436696448028]
     [0.15378592998546023, 0.3969287336433438, 0.05328684535483402]
     [0.09917465476292295, 0.5250513680112469, 0.08446575143458997]
     [0.11681645032467745, 0.49643668216718934, 0.0844366964480279]
     [0.10671427725547215, 0.4924083486536174, 0.08626425510278202]
     [0.1333118416810858, 0.43316751378825563, 0.07134742500181594]
     [0.09214655552412218, 0.5436628095598572, 0.09964698191327087]
     [0.11910267965815115, 0.5211744349518763, 0.08176363768431757]
     [0.11969644137713244, 0.4565913269168379, 0.07441272608411419]
     [0.09186529997302578, 0.7295501243646588, 0.11382872085421661]
     [0.08993927511727205, 0.6550773223748243, 0.11748093266506865]

Gen: 60
     [0.14019191168246742, 0.5328052341299881, 0.06812232149342631]
     [0.0931909840325796, 0.5267816589164053, 0.0715043219292511]
     [0.08712507483700337, 0.7537255326051693, 0.12764436696448028]
     [0.15378592998546023, 0.3969287336433438, 0.05328684535483402]
     [0.09917465476292295, 0.5250513680112469, 0.08446575143458997]
     [0.11681645032467745, 0.49643668216718934, 0.0844366964480279]
     [0.10671427725547215, 0.4924083486536174, 0.08626425510278202]
     [0.1333118416810858, 0.43316751378825563, 0.07134742500181594]
     [0.09214655552412218, 0.5436628095598572, 0.09964698191327087]
     [0.11910267965815115, 0.5211744349518763, 0.08176363768431757]
     [0.11969644137713244, 0.4565913269168379, 0.07441272608411419]
     [0.09186529997302578, 0.7295501243646588, 0.11382872085421661]
     [0.08993927511727205, 0.6550773223748243, 0.11748093266506865]

Gen: 61
     [0.14019191168246742, 0.5328052341299881, 0.06812232149342631]
     [0.0931909840325796, 0.5267816589164053, 0.0715043219292511]
     [0.08712507483700337, 0.7537255326051693, 0.12764436696448028]
     [0.15378592998546023, 0.3969287336433438, 0.05328684535483402]
     [0.09917465476292295, 0.5250513680112469, 0.08446575143458997]
     [0.11681645032467745, 0.49643668216718934, 0.0844366964480279]
     [0.10671427725547215, 0.4924083486536174, 0.08626425510278202]
     [0.1333118416810858, 0.43316751378825563, 0.07134742500181594]
     [0.09214655552412218, 0.5436628095598572, 0.09964698191327087]
     [0.11910267965815115, 0.5211744349518763, 0.08176363768431757]
     [0.11969644137713244, 0.4565913269168379, 0.07441272608411419]
     [0.09186529997302578, 0.7295501243646588, 0.11382872085421661]
     [0.08993927511727205, 0.6550773223748243, 0.11748093266506865]

Gen: 62
     [0.14019191168246742, 0.5328052341299881, 0.06812232149342631]
     [0.0931909840325796, 0.5267816589164053, 0.0715043219292511]
     [0.08712507483700337, 0.7537255326051693, 0.12764436696448028]
     [0.08845404843516648, 0.7812101222017952, 0.12268468075833515]
     [0.15378592998546023, 0.3969287336433438, 0.05328684535483402]
     [0.09917465476292295, 0.5250513680112469, 0.08446575143458997]
     [0.11681645032467745, 0.49643668216718934, 0.0844366964480279]
     [0.10671427725547215, 0.4924083486536174, 0.08626425510278202]
     [0.1333118416810858, 0.43316751378825563, 0.07134742500181594]
     [0.09214655552412218, 0.5436628095598572, 0.09964698191327087]
     [0.11910267965815115, 0.5211744349518763, 0.08176363768431757]
     [0.11969644137713244, 0.4565913269168379, 0.07441272608411419]
     [0.09186529997302578, 0.7295501243646588, 0.11382872085421661]
     [0.08993927511727205, 0.6550773223748243, 0.11748093266506865]

Gen: 63
     [0.14019191168246742, 0.5328052341299881, 0.06812232149342631]
     [0.0931909840325796, 0.5267816589164053, 0.0715043219292511]
     [0.08712507483700337, 0.7537255326051693, 0.12764436696448028]
     [0.08845404843516648, 0.7812101222017952, 0.12268468075833515]
     [0.15378592998546023, 0.3969287336433438, 0.05328684535483402]
     [0.09917465476292295, 0.5250513680112469, 0.08446575143458997]
     [0.11681645032467745, 0.49643668216718934, 0.0844366964480279]
     [0.10671427725547215, 0.4924083486536174, 0.08626425510278202]
     [0.1333118416810858, 0.43316751378825563, 0.07134742500181594]
     [0.09214655552412218, 0.5436628095598572, 0.09964698191327087]
     [0.11910267965815115, 0.5211744349518763, 0.08176363768431757]
     [0.11969644137713244, 0.4565913269168379, 0.07441272608411419]
     [0.09186529997302578, 0.7295501243646588, 0.11382872085421661]
     [0.08993927511727205, 0.6550773223748243, 0.11748093266506865]

Gen: 64
     [0.14019191168246742, 0.5328052341299881, 0.06812232149342631]
     [0.0931909840325796, 0.5267816589164053, 0.0715043219292511]
     [0.08712507483700337, 0.7537255326051693, 0.12764436696448028]
     [0.08845404843516648, 0.7812101222017952, 0.12268468075833515]
     [0.15378592998546023, 0.3969287336433438, 0.05328684535483402]
     [0.09917465476292295, 0.5250513680112469, 0.08446575143458997]
     [0.11681645032467745, 0.49643668216718934, 0.0844366964480279]
     [0.10671427725547215, 0.4924083486536174, 0.08626425510278202]
     [0.1333118416810858, 0.43316751378825563, 0.07134742500181594]
     [0.09214655552412218, 0.5436628095598572, 0.09964698191327087]
     [0.11910267965815115, 0.5211744349518763, 0.08176363768431757]
     [0.11969644137713244, 0.4565913269168379, 0.07441272608411419]
     [0.09186529997302578, 0.7295501243646588, 0.11382872085421661]
     [0.08993927511727205, 0.6550773223748243, 0.11748093266506865]

Gen: 65
     [0.14019191168246742, 0.5328052341299881, 0.06812232149342631]
     [0.0931909840325796, 0.5267816589164053, 0.0715043219292511]
     [0.08712507483700337, 0.7537255326051693, 0.12764436696448028]
     [0.08845404843516648, 0.7812101222017952, 0.12268468075833515]
     [0.15378592998546023, 0.3969287336433438, 0.05328684535483402]
     [0.09917465476292295, 0.5250513680112469, 0.08446575143458997]
     [0.11681645032467745, 0.49643668216718934, 0.0844366964480279]
     [0.14899800653960277, 0.5010922461338813, 0.057220890535338124]
     [0.10671427725547215, 0.4924083486536174, 0.08626425510278202]
     [0.1333118416810858, 0.43316751378825563, 0.07134742500181594]
     [0.09214655552412218, 0.5436628095598572, 0.09964698191327087]
     [0.11910267965815115, 0.5211744349518763, 0.08176363768431757]
     [0.11969644137713244, 0.4565913269168379, 0.07441272608411419]
     [0.09186529997302578, 0.7295501243646588, 0.11382872085421661]
     [0.08993927511727205, 0.6550773223748243, 0.11748093266506865]

Gen: 66
     [0.14019191168246742, 0.5328052341299881, 0.06812232149342631]
     [0.0931909840325796, 0.5267816589164053, 0.0715043219292511]
     [0.08712507483700337, 0.7537255326051693, 0.12764436696448028]
     [0.08845404843516648, 0.7812101222017952, 0.12268468075833515]
     [0.15378592998546023, 0.3969287336433438, 0.05328684535483402]
     [0.09917465476292295, 0.5250513680112469, 0.08446575143458997]
     [0.11681645032467745, 0.49643668216718934, 0.0844366964480279]
     [0.14899800653960277, 0.5010922461338813, 0.057220890535338124]
     [0.10671427725547215, 0.4924083486536174, 0.08626425510278202]
     [0.1333118416810858, 0.43316751378825563, 0.07134742500181594]
     [0.09214655552412218, 0.5436628095598572, 0.09964698191327087]
     [0.11910267965815115, 0.5211744349518763, 0.08176363768431757]
     [0.11969644137713244, 0.4565913269168379, 0.07441272608411419]
     [0.09186529997302578, 0.7295501243646588, 0.11382872085421661]
     [0.08993927511727205, 0.6550773223748243, 0.11748093266506865]

Gen: 67
     [0.14019191168246742, 0.5328052341299881, 0.06812232149342631]
     [0.0931909840325796, 0.5267816589164053, 0.0715043219292511]
     [0.08712507483700337, 0.7537255326051693, 0.12764436696448028]
     [0.08845404843516648, 0.7812101222017952, 0.12268468075833515]
     [0.15378592998546023, 0.3969287336433438, 0.05328684535483402]
     [0.09917465476292295, 0.5250513680112469, 0.08446575143458997]
     [0.11681645032467745, 0.49643668216718934, 0.0844366964480279]
     [0.14899800653960277, 0.5010922461338813, 0.057220890535338124]
     [0.10671427725547215, 0.4924083486536174, 0.08626425510278202]
     [0.1333118416810858, 0.43316751378825563, 0.07134742500181594]
     [0.09214655552412218, 0.5436628095598572, 0.09964698191327087]
     [0.11910267965815115, 0.5211744349518763, 0.08176363768431757]
     [0.11969644137713244, 0.4565913269168379, 0.07441272608411419]
     [0.09186529997302578, 0.7295501243646588, 0.11382872085421661]
     [0.08993927511727205, 0.6550773223748243, 0.11748093266506865]

Gen: 68
     [0.14019191168246742, 0.5328052341299881, 0.06812232149342631]
     [0.0931909840325796, 0.5267816589164053, 0.0715043219292511]
     [0.08712507483700337, 0.7537255326051693, 0.12764436696448028]
     [0.08845404843516648, 0.7812101222017952, 0.12268468075833515]
     [0.15378592998546023, 0.3969287336433438, 0.05328684535483402]
     [0.09917465476292295, 0.5250513680112469, 0.08446575143458997]
     [0.11681645032467745, 0.49643668216718934, 0.0844366964480279]
     [0.14899800653960277, 0.5010922461338813, 0.057220890535338124]
     [0.10671427725547215, 0.4924083486536174, 0.08626425510278202]
     [0.1333118416810858, 0.43316751378825563, 0.07134742500181594]
     [0.09214655552412218, 0.5436628095598572, 0.09964698191327087]
     [0.11910267965815115, 0.5211744349518763, 0.08176363768431757]
     [0.11969644137713244, 0.4565913269168379, 0.07441272608411419]
     [0.09186529997302578, 0.7295501243646588, 0.11382872085421661]
     [0.08993927511727205, 0.6550773223748243, 0.11748093266506865]

Gen: 69
     [0.14019191168246742, 0.5328052341299881, 0.06812232149342631]
     [0.0931909840325796, 0.5267816589164053, 0.0715043219292511]
     [0.08712507483700337, 0.7537255326051693, 0.12764436696448028]
     [0.08845404843516648, 0.7812101222017952, 0.12268468075833515]
     [0.15378592998546023, 0.3969287336433438, 0.05328684535483402]
     [0.09917465476292295, 0.5250513680112469, 0.08446575143458997]
     [0.11681645032467745, 0.49643668216718934, 0.0844366964480279]
     [0.14899800653960277, 0.5010922461338813, 0.057220890535338124]
     [0.10671427725547215, 0.4924083486536174, 0.08626425510278202]
     [0.1333118416810858, 0.43316751378825563, 0.07134742500181594]
     [0.09214655552412218, 0.5436628095598572, 0.09964698191327087]
     [0.11910267965815115, 0.5211744349518763, 0.08176363768431757]
     [0.11969644137713244, 0.4565913269168379, 0.07441272608411419]
     [0.09186529997302578, 0.7295501243646588, 0.11382872085421661]
     [0.08993927511727205, 0.6550773223748243, 0.11748093266506865]

Gen: 70
     [0.14019191168246742, 0.5328052341299881, 0.06812232149342631]
     [0.0931909840325796, 0.5267816589164053, 0.0715043219292511]
     [0.08712507483700337, 0.7537255326051693, 0.12764436696448028]
     [0.08845404843516648, 0.7812101222017952, 0.12268468075833515]
     [0.15378592998546023, 0.3969287336433438, 0.05328684535483402]
     [0.09917465476292295, 0.5250513680112469, 0.08446575143458997]
     [0.11681645032467745, 0.49643668216718934, 0.0844366964480279]
     [0.14899800653960277, 0.5010922461338813, 0.057220890535338124]
     [0.10671427725547215, 0.4924083486536174, 0.08626425510278202]
     [0.1333118416810858, 0.43316751378825563, 0.07134742500181594]
     [0.09214655552412218, 0.5436628095598572, 0.09964698191327087]
     [0.11910267965815115, 0.5211744349518763, 0.08176363768431757]
     [0.11969644137713244, 0.4565913269168379, 0.07441272608411419]
     [0.09186529997302578, 0.7295501243646588, 0.11382872085421661]
     [0.08993927511727205, 0.6550773223748243, 0.11748093266506865]

Gen: 71
     [0.14019191168246742, 0.5328052341299881, 0.06812232149342631]
     [0.0931909840325796, 0.5267816589164053, 0.0715043219292511]
     [0.08712507483700337, 0.7537255326051693, 0.12764436696448028]
     [0.08845404843516648, 0.7812101222017952, 0.12268468075833515]
     [0.15378592998546023, 0.3969287336433438, 0.05328684535483402]
     [0.09917465476292295, 0.5250513680112469, 0.08446575143458997]
     [0.11681645032467745, 0.49643668216718934, 0.0844366964480279]
     [0.14899800653960277, 0.5010922461338813, 0.057220890535338124]
     [0.10671427725547215, 0.4924083486536174, 0.08626425510278202]
     [0.1333118416810858, 0.43316751378825563, 0.07134742500181594]
     [0.09214655552412218, 0.5436628095598572, 0.09964698191327087]
     [0.11910267965815115, 0.5211744349518763, 0.08176363768431757]
     [0.11969644137713244, 0.4565913269168379, 0.07441272608411419]
     [0.09186529997302578, 0.7295501243646588, 0.11382872085421661]
     [0.08993927511727205, 0.6550773223748243, 0.11748093266506865]

Gen: 72
     [0.14019191168246742, 0.5328052341299881, 0.06812232149342631]
     [0.0931909840325796, 0.5267816589164053, 0.0715043219292511]
     [0.08712507483700337, 0.7537255326051693, 0.12764436696448028]
     [0.08845404843516648, 0.7812101222017952, 0.12268468075833515]
     [0.15378592998546023, 0.3969287336433438, 0.05328684535483402]
     [0.09917465476292295, 0.5250513680112469, 0.08446575143458997]
     [0.11681645032467745, 0.49643668216718934, 0.0844366964480279]
     [0.14899800653960277, 0.5010922461338813, 0.057220890535338124]
     [0.10671427725547215, 0.4924083486536174, 0.08626425510278202]
     [0.1333118416810858, 0.43316751378825563, 0.07134742500181594]
     [0.09214655552412218, 0.5436628095598572, 0.09964698191327087]
     [0.11910267965815115, 0.5211744349518763, 0.08176363768431757]
     [0.11969644137713244, 0.4565913269168379, 0.07441272608411419]
     [0.09186529997302578, 0.7295501243646588, 0.11382872085421661]
     [0.08993927511727205, 0.6550773223748243, 0.11748093266506865]

Gen: 73
     [0.14019191168246742, 0.5328052341299881, 0.06812232149342631]
     [0.0931909840325796, 0.5267816589164053, 0.0715043219292511]
     [0.08712507483700337, 0.7537255326051693, 0.12764436696448028]
     [0.08845404843516648, 0.7812101222017952, 0.12268468075833515]
     [0.15378592998546023, 0.3969287336433438, 0.05328684535483402]
     [0.09917465476292295, 0.5250513680112469, 0.08446575143458997]
     [0.11681645032467745, 0.49643668216718934, 0.0844366964480279]
     [0.14899800653960277, 0.5010922461338813, 0.057220890535338124]
     [0.10671427725547215, 0.4924083486536174, 0.08626425510278202]
     [0.1333118416810858, 0.43316751378825563, 0.07134742500181594]
     [0.09214655552412218, 0.5436628095598572, 0.09964698191327087]
     [0.11910267965815115, 0.5211744349518763, 0.08176363768431757]
     [0.11969644137713244, 0.4565913269168379, 0.07441272608411419]
     [0.09186529997302578, 0.7295501243646588, 0.11382872085421661]
     [0.08993927511727205, 0.6550773223748243, 0.11748093266506865]

Gen: 74
     [0.14019191168246742, 0.5328052341299881, 0.06812232149342631]
     [0.0931909840325796, 0.5267816589164053, 0.0715043219292511]
     [0.08712507483700337, 0.7537255326051693, 0.12764436696448028]
     [0.08845404843516648, 0.7812101222017952, 0.12268468075833515]
     [0.15378592998546023, 0.3969287336433438, 0.05328684535483402]
     [0.13589248472009316, 0.5326376121985509, 0.06933391443306458]
     [0.09917465476292295, 0.5250513680112469, 0.08446575143458997]
     [0.11681645032467745, 0.49643668216718934, 0.0844366964480279]
     [0.14899800653960277, 0.5010922461338813, 0.057220890535338124]
     [0.10671427725547215, 0.4924083486536174, 0.08626425510278202]
     [0.1333118416810858, 0.43316751378825563, 0.07134742500181594]
     [0.09214655552412218, 0.5436628095598572, 0.09964698191327087]
     [0.11910267965815115, 0.5211744349518763, 0.08176363768431757]
     [0.11969644137713244, 0.4565913269168379, 0.07441272608411419]
     [0.09186529997302578, 0.7295501243646588, 0.11382872085421661]
     [0.08993927511727205, 0.6550773223748243, 0.11748093266506865]

Gen: 75
     [0.14019191168246742, 0.5328052341299881, 0.06812232149342631]
     [0.0931909840325796, 0.5267816589164053, 0.0715043219292511]
     [0.08712507483700337, 0.7537255326051693, 0.12764436696448028]
     [0.08845404843516648, 0.7812101222017952, 0.12268468075833515]
     [0.15378592998546023, 0.3969287336433438, 0.05328684535483402]
     [0.13589248472009316, 0.5326376121985509, 0.06933391443306458]
     [0.09917465476292295, 0.5250513680112469, 0.08446575143458997]
     [0.11681645032467745, 0.49643668216718934, 0.0844366964480279]
     [0.14899800653960277, 0.5010922461338813, 0.057220890535338124]
     [0.10671427725547215, 0.4924083486536174, 0.08626425510278202]
     [0.1333118416810858, 0.43316751378825563, 0.07134742500181594]
     [0.09214655552412218, 0.5436628095598572, 0.09964698191327087]
     [0.11910267965815115, 0.5211744349518763, 0.08176363768431757]
     [0.11969644137713244, 0.4565913269168379, 0.07441272608411419]
     [0.09186529997302578, 0.7295501243646588, 0.11382872085421661]
     [0.08993927511727205, 0.6550773223748243, 0.11748093266506865]

Gen: 76
     [0.14019191168246742, 0.5328052341299881, 0.06812232149342631]
     [0.0931909840325796, 0.5267816589164053, 0.0715043219292511]
     [0.08712507483700337, 0.7537255326051693, 0.12764436696448028]
     [0.08845404843516648, 0.7812101222017952, 0.12268468075833515]
     [0.15378592998546023, 0.3969287336433438, 0.05328684535483402]
     [0.13589248472009316, 0.5326376121985509, 0.06933391443306458]
     [0.09917465476292295, 0.5250513680112469, 0.08446575143458997]
     [0.11681645032467745, 0.49643668216718934, 0.0844366964480279]
     [0.14899800653960277, 0.5010922461338813, 0.057220890535338124]
     [0.10671427725547215, 0.4924083486536174, 0.08626425510278202]
     [0.1333118416810858, 0.43316751378825563, 0.07134742500181594]
     [0.09214655552412218, 0.5436628095598572, 0.09964698191327087]
     [0.11910267965815115, 0.5211744349518763, 0.08176363768431757]
     [0.11969644137713244, 0.4565913269168379, 0.07441272608411419]
     [0.09186529997302578, 0.7295501243646588, 0.11382872085421661]
     [0.08993927511727205, 0.6550773223748243, 0.11748093266506865]

Gen: 77
     [0.14019191168246742, 0.5328052341299881, 0.06812232149342631]
     [0.0931909840325796, 0.5267816589164053, 0.0715043219292511]
     [0.08712507483700337, 0.7537255326051693, 0.12764436696448028]
     [0.08845404843516648, 0.7812101222017952, 0.12268468075833515]
     [0.15378592998546023, 0.3969287336433438, 0.05328684535483402]
     [0.13589248472009316, 0.5326376121985509, 0.06933391443306458]
     [0.09917465476292295, 0.5250513680112469, 0.08446575143458997]
     [0.11681645032467745, 0.49643668216718934, 0.0844366964480279]
     [0.14899800653960277, 0.5010922461338813, 0.057220890535338124]
     [0.10671427725547215, 0.4924083486536174, 0.08626425510278202]
     [0.1333118416810858, 0.43316751378825563, 0.07134742500181594]
     [0.09214655552412218, 0.5436628095598572, 0.09964698191327087]
     [0.11910267965815115, 0.5211744349518763, 0.08176363768431757]
     [0.11969644137713244, 0.4565913269168379, 0.07441272608411419]
     [0.09186529997302578, 0.7295501243646588, 0.11382872085421661]
     [0.08993927511727205, 0.6550773223748243, 0.11748093266506865]

Gen: 78
     [0.14019191168246742, 0.5328052341299881, 0.06812232149342631]
     [0.0931909840325796, 0.5267816589164053, 0.0715043219292511]
     [0.08712507483700337, 0.7537255326051693, 0.12764436696448028]
     [0.08845404843516648, 0.7812101222017952, 0.12268468075833515]
     [0.15378592998546023, 0.3969287336433438, 0.05328684535483402]
     [0.13589248472009316, 0.5326376121985509, 0.06933391443306458]
     [0.09917465476292295, 0.5250513680112469, 0.08446575143458997]
     [0.11681645032467745, 0.49643668216718934, 0.0844366964480279]
     [0.14899800653960277, 0.5010922461338813, 0.057220890535338124]
     [0.10671427725547215, 0.4924083486536174, 0.08626425510278202]
     [0.1333118416810858, 0.43316751378825563, 0.07134742500181594]
     [0.09214655552412218, 0.5436628095598572, 0.09964698191327087]
     [0.11910267965815115, 0.5211744349518763, 0.08176363768431757]
     [0.11969644137713244, 0.4565913269168379, 0.07441272608411419]
     [0.09186529997302578, 0.7295501243646588, 0.11382872085421661]
     [0.08993927511727205, 0.6550773223748243, 0.11748093266506865]

Gen: 79
     [0.14019191168246742, 0.5328052341299881, 0.06812232149342631]
     [0.0931909840325796, 0.5267816589164053, 0.0715043219292511]
     [0.08712507483700337, 0.7537255326051693, 0.12764436696448028]
     [0.08845404843516648, 0.7812101222017952, 0.12268468075833515]
     [0.15378592998546023, 0.3969287336433438, 0.05328684535483402]
     [0.13589248472009316, 0.5326376121985509, 0.06933391443306458]
     [0.09917465476292295, 0.5250513680112469, 0.08446575143458997]
     [0.11681645032467745, 0.49643668216718934, 0.0844366964480279]
     [0.14899800653960277, 0.5010922461338813, 0.057220890535338124]
     [0.10671427725547215, 0.4924083486536174, 0.08626425510278202]
     [0.1333118416810858, 0.43316751378825563, 0.07134742500181594]
     [0.09214655552412218, 0.5436628095598572, 0.09964698191327087]
     [0.11910267965815115, 0.5211744349518763, 0.08176363768431757]
     [0.11969644137713244, 0.4565913269168379, 0.07441272608411419]
     [0.09186529997302578, 0.7295501243646588, 0.11382872085421661]
     [0.08993927511727205, 0.6550773223748243, 0.11748093266506865]

