Gen: 2
     [0.126803769180958, 0.49954877587260926, 0.05387897074357882]
     [0.12363554990798993, 0.5016913626968648, 0.04907876998138281]
     [0.149504462701474, 0.48295537247823933, 0.04166107372758204]
     [0.12624219682714669, 0.4885214404238596, 0.05038605869959789]
     [0.12133804216731564, 0.49410497510989493, 0.04442447197791616]
     [0.13037014995993995, 0.47445489214287795, 0.04769269377345387]
     [0.11587231515367327, 0.48336875200139734, 0.048562274215480865]
     [0.11457905243658989, 0.48026549445430994, 0.04582805651689262]
     [0.1207782990394125, 0.45541032284358535, 0.04805453261510269]
     [0.1276336280013024, 0.44321853803382727, 0.04200832229335792]

Gen: 3
     [0.13037014995993995, 0.47445489214287795, 0.04769269377345387]
     [0.11587231515367327, 0.48336875200139734, 0.048562274215480865]
     [0.11587231515367327, 0.48336875200139734, 0.048562274215480865]
     [0.11587231515367327, 0.48336875200139734, 0.048562274215480865]
     [0.12953175475202403, 0.471695147157288, 0.045600448213274816]
     [0.11457905243658989, 0.48026549445430994, 0.04582805651689262]
     [0.11457905243658989, 0.48026549445430994, 0.04582805651689262]
     [0.1207782990394125, 0.45541032284358535, 0.04805453261510269]
     [0.1276336280013024, 0.44321853803382727, 0.04200832229335792]
     [0.1276336280013024, 0.44321853803382727, 0.04200832229335792]

Gen: 4
     [0.11457905243658989, 0.48026549445430994, 0.04582805651689262]
     [0.11457905243658989, 0.48026549445430994, 0.04582805651689262]
     [0.1207782990394125, 0.45541032284358535, 0.04805453261510269]
     [0.1207782990394125, 0.45541032284358535, 0.04805453261510269]
     [0.1207782990394125, 0.45541032284358535, 0.04805453261510269]
     [0.1276336280013024, 0.44321853803382727, 0.04200832229335792]
     [0.1276336280013024, 0.44321853803382727, 0.04200832229335792]
     [0.1276336280013024, 0.44321853803382727, 0.04200832229335792]
     [0.1276336280013024, 0.44321853803382727, 0.04200832229335792]
     [0.1276336280013024, 0.44321853803382727, 0.04200832229335792]

Gen: 5
     [0.1276336280013024, 0.44321853803382727, 0.04200832229335792]
     [0.1276336280013024, 0.44321853803382727, 0.04200832229335792]
     [0.1276336280013024, 0.44321853803382727, 0.04200832229335792]
     [0.1276336280013024, 0.44321853803382727, 0.04200832229335792]
     [0.1276336280013024, 0.44321853803382727, 0.04200832229335792]
     [0.1276336280013024, 0.44321853803382727, 0.04200832229335792]
     [0.1276336280013024, 0.44321853803382727, 0.04200832229335792]
     [0.1276336280013024, 0.44321853803382727, 0.04200832229335792]
     [0.1276336280013024, 0.44321853803382727, 0.04200832229335792]
     [0.1276336280013024, 0.44321853803382727, 0.04200832229335792]

Gen: 6
     [0.1276336280013024, 0.44321853803382727, 0.04200832229335792]
     [0.1276336280013024, 0.44321853803382727, 0.04200832229335792]
     [0.1276336280013024, 0.44321853803382727, 0.04200832229335792]
     [0.1276336280013024, 0.44321853803382727, 0.04200832229335792]
     [0.1276336280013024, 0.44321853803382727, 0.04200832229335792]
     [0.1276336280013024, 0.44321853803382727, 0.04200832229335792]
     [0.1276336280013024, 0.44321853803382727, 0.04200832229335792]
     [0.1276336280013024, 0.44321853803382727, 0.04200832229335792]
     [0.1276336280013024, 0.44321853803382727, 0.04200832229335792]
     [0.1276336280013024, 0.44321853803382727, 0.04200832229335792]

Gen: 7
     [0.1276336280013024, 0.44321853803382727, 0.04200832229335792]
     [0.1276336280013024, 0.44321853803382727, 0.04200832229335792]
     [0.1276336280013024, 0.44321853803382727, 0.04200832229335792]
     [0.1276336280013024, 0.44321853803382727, 0.04200832229335792]
     [0.1276336280013024, 0.44321853803382727, 0.04200832229335792]
     [0.1276336280013024, 0.44321853803382727, 0.04200832229335792]
     [0.1276336280013024, 0.44321853803382727, 0.04200832229335792]
     [0.1276336280013024, 0.44321853803382727, 0.04200832229335792]
     [0.1276336280013024, 0.44321853803382727, 0.04200832229335792]
     [0.1276336280013024, 0.44321853803382727, 0.04200832229335792]

Gen: 8
     [0.1276336280013024, 0.44321853803382727, 0.04200832229335792]
     [0.1276336280013024, 0.44321853803382727, 0.04200832229335792]
     [0.1276336280013024, 0.44321853803382727, 0.04200832229335792]
     [0.1276336280013024, 0.44321853803382727, 0.04200832229335792]
     [0.1276336280013024, 0.44321853803382727, 0.04200832229335792]
     [0.1276336280013024, 0.44321853803382727, 0.04200832229335792]
     [0.1276336280013024, 0.44321853803382727, 0.04200832229335792]
     [0.1276336280013024, 0.44321853803382727, 0.04200832229335792]
     [0.1276336280013024, 0.44321853803382727, 0.04200832229335792]
     [0.1276336280013024, 0.44321853803382727, 0.04200832229335792]

Gen: 9
     [0.1276336280013024, 0.44321853803382727, 0.04200832229335792]
     [0.1276336280013024, 0.44321853803382727, 0.04200832229335792]
     [0.1276336280013024, 0.44321853803382727, 0.04200832229335792]
     [0.1276336280013024, 0.44321853803382727, 0.04200832229335792]
     [0.1276336280013024, 0.44321853803382727, 0.04200832229335792]
     [0.1276336280013024, 0.44321853803382727, 0.04200832229335792]
     [0.1276336280013024, 0.44321853803382727, 0.04200832229335792]
     [0.1276336280013024, 0.44321853803382727, 0.04200832229335792]
     [0.1276336280013024, 0.44321853803382727, 0.04200832229335792]
     [0.1276336280013024, 0.44321853803382727, 0.04200832229335792]

Gen: 10
     [0.1276336280013024, 0.44321853803382727, 0.04200832229335792]
     [0.1276336280013024, 0.44321853803382727, 0.04200832229335792]
     [0.1276336280013024, 0.44321853803382727, 0.04200832229335792]
     [0.1276336280013024, 0.44321853803382727, 0.04200832229335792]
     [0.1276336280013024, 0.44321853803382727, 0.04200832229335792]
     [0.1276336280013024, 0.44321853803382727, 0.04200832229335792]
     [0.1276336280013024, 0.44321853803382727, 0.04200832229335792]
     [0.1276336280013024, 0.44321853803382727, 0.04200832229335792]
     [0.1276336280013024, 0.44321853803382727, 0.04200832229335792]
     [0.1276336280013024, 0.44321853803382727, 0.04200832229335792]

Gen: 11
     [0.1276336280013024, 0.44321853803382727, 0.04200832229335792]
     [0.1276336280013024, 0.44321853803382727, 0.04200832229335792]
     [0.1276336280013024, 0.44321853803382727, 0.04200832229335792]
     [0.1276336280013024, 0.44321853803382727, 0.04200832229335792]
     [0.1276336280013024, 0.44321853803382727, 0.04200832229335792]
     [0.1276336280013024, 0.44321853803382727, 0.04200832229335792]
     [0.1276336280013024, 0.44321853803382727, 0.04200832229335792]
     [0.1276336280013024, 0.44321853803382727, 0.04200832229335792]
     [0.1276336280013024, 0.44321853803382727, 0.04200832229335792]
     [0.1276336280013024, 0.44321853803382727, 0.04200832229335792]

Gen: 12
     [0.1276336280013024, 0.44321853803382727, 0.04200832229335792]
     [0.1276336280013024, 0.44321853803382727, 0.04200832229335792]
     [0.1276336280013024, 0.44321853803382727, 0.04200832229335792]
     [0.1276336280013024, 0.44321853803382727, 0.04200832229335792]
     [0.1276336280013024, 0.44321853803382727, 0.04200832229335792]
     [0.1276336280013024, 0.44321853803382727, 0.04200832229335792]
     [0.1276336280013024, 0.44321853803382727, 0.04200832229335792]
     [0.1276336280013024, 0.44321853803382727, 0.04200832229335792]
     [0.1276336280013024, 0.44321853803382727, 0.04200832229335792]
     [0.1276336280013024, 0.44321853803382727, 0.04200832229335792]

Gen: 13
     [0.1276336280013024, 0.44321853803382727, 0.04200832229335792]
     [0.1276336280013024, 0.44321853803382727, 0.04200832229335792]
     [0.1276336280013024, 0.44321853803382727, 0.04200832229335792]
     [0.1276336280013024, 0.44321853803382727, 0.04200832229335792]
     [0.1276336280013024, 0.44321853803382727, 0.04200832229335792]
     [0.1276336280013024, 0.44321853803382727, 0.04200832229335792]
     [0.1276336280013024, 0.44321853803382727, 0.04200832229335792]
     [0.1276336280013024, 0.44321853803382727, 0.04200832229335792]
     [0.1276336280013024, 0.44321853803382727, 0.04200832229335792]
     [0.1276336280013024, 0.44321853803382727, 0.04200832229335792]

Gen: 14
     [0.1276336280013024, 0.44321853803382727, 0.04200832229335792]
     [0.1276336280013024, 0.44321853803382727, 0.04200832229335792]
     [0.1276336280013024, 0.44321853803382727, 0.04200832229335792]
     [0.1276336280013024, 0.44321853803382727, 0.04200832229335792]
     [0.1276336280013024, 0.44321853803382727, 0.04200832229335792]
     [0.1276336280013024, 0.44321853803382727, 0.04200832229335792]
     [0.1276336280013024, 0.44321853803382727, 0.04200832229335792]
     [0.1276336280013024, 0.44321853803382727, 0.04200832229335792]
     [0.1276336280013024, 0.44321853803382727, 0.04200832229335792]
     [0.1276336280013024, 0.44321853803382727, 0.04200832229335792]

Gen: 15
     [0.1276336280013024, 0.44321853803382727, 0.04200832229335792]
     [0.1276336280013024, 0.44321853803382727, 0.04200832229335792]
     [0.1276336280013024, 0.44321853803382727, 0.04200832229335792]
     [0.1276336280013024, 0.44321853803382727, 0.04200832229335792]
     [0.1276336280013024, 0.44321853803382727, 0.04200832229335792]
     [0.1276336280013024, 0.44321853803382727, 0.04200832229335792]
     [0.1276336280013024, 0.44321853803382727, 0.04200832229335792]
     [0.1276336280013024, 0.44321853803382727, 0.04200832229335792]
     [0.1276336280013024, 0.44321853803382727, 0.04200832229335792]
     [0.1276336280013024, 0.44321853803382727, 0.04200832229335792]

Gen: 16
     [0.1276336280013024, 0.44321853803382727, 0.04200832229335792]
     [0.1276336280013024, 0.44321853803382727, 0.04200832229335792]
     [0.1276336280013024, 0.44321853803382727, 0.04200832229335792]
     [0.1276336280013024, 0.44321853803382727, 0.04200832229335792]
     [0.1276336280013024, 0.44321853803382727, 0.04200832229335792]
     [0.1276336280013024, 0.44321853803382727, 0.04200832229335792]
     [0.1276336280013024, 0.44321853803382727, 0.04200832229335792]
     [0.1276336280013024, 0.44321853803382727, 0.04200832229335792]
     [0.1276336280013024, 0.44321853803382727, 0.04200832229335792]
     [0.1276336280013024, 0.44321853803382727, 0.04200832229335792]

Gen: 17
     [0.1276336280013024, 0.44321853803382727, 0.04200832229335792]
     [0.1276336280013024, 0.44321853803382727, 0.04200832229335792]
     [0.1276336280013024, 0.44321853803382727, 0.04200832229335792]
     [0.1276336280013024, 0.44321853803382727, 0.04200832229335792]
     [0.1276336280013024, 0.44321853803382727, 0.04200832229335792]
     [0.1276336280013024, 0.44321853803382727, 0.04200832229335792]
     [0.1276336280013024, 0.44321853803382727, 0.04200832229335792]
     [0.1276336280013024, 0.44321853803382727, 0.04200832229335792]
     [0.1276336280013024, 0.44321853803382727, 0.04200832229335792]
     [0.1276336280013024, 0.44321853803382727, 0.04200832229335792]

Gen: 18
     [0.1276336280013024, 0.44321853803382727, 0.04200832229335792]
     [0.1276336280013024, 0.44321853803382727, 0.04200832229335792]
     [0.1276336280013024, 0.44321853803382727, 0.04200832229335792]
     [0.1276336280013024, 0.44321853803382727, 0.04200832229335792]
     [0.1276336280013024, 0.44321853803382727, 0.04200832229335792]
     [0.1276336280013024, 0.44321853803382727, 0.04200832229335792]
     [0.1276336280013024, 0.44321853803382727, 0.04200832229335792]
     [0.1276336280013024, 0.44321853803382727, 0.04200832229335792]
     [0.1276336280013024, 0.44321853803382727, 0.04200832229335792]
     [0.1276336280013024, 0.44321853803382727, 0.04200832229335792]

Gen: 19
     [0.1276336280013024, 0.44321853803382727, 0.04200832229335792]
     [0.1276336280013024, 0.44321853803382727, 0.04200832229335792]
     [0.1276336280013024, 0.44321853803382727, 0.04200832229335792]
     [0.1276336280013024, 0.44321853803382727, 0.04200832229335792]
     [0.1276336280013024, 0.44321853803382727, 0.04200832229335792]
     [0.1276336280013024, 0.44321853803382727, 0.04200832229335792]
     [0.1276336280013024, 0.44321853803382727, 0.04200832229335792]
     [0.1276336280013024, 0.44321853803382727, 0.04200832229335792]
     [0.1276336280013024, 0.44321853803382727, 0.04200832229335792]
     [0.1276336280013024, 0.44321853803382727, 0.04200832229335792]

Gen: 20
     [0.1276336280013024, 0.44321853803382727, 0.04200832229335792]
     [0.1276336280013024, 0.44321853803382727, 0.04200832229335792]
     [0.1276336280013024, 0.44321853803382727, 0.04200832229335792]
     [0.1276336280013024, 0.44321853803382727, 0.04200832229335792]
     [0.1276336280013024, 0.44321853803382727, 0.04200832229335792]
     [0.1276336280013024, 0.44321853803382727, 0.04200832229335792]
     [0.1276336280013024, 0.44321853803382727, 0.04200832229335792]
     [0.1276336280013024, 0.44321853803382727, 0.04200832229335792]
     [0.1276336280013024, 0.44321853803382727, 0.04200832229335792]
     [0.1276336280013024, 0.44321853803382727, 0.04200832229335792]

Gen: 21
     [0.1276336280013024, 0.44321853803382727, 0.04200832229335792]
     [0.1276336280013024, 0.44321853803382727, 0.04200832229335792]
     [0.1276336280013024, 0.44321853803382727, 0.04200832229335792]
     [0.1276336280013024, 0.44321853803382727, 0.04200832229335792]
     [0.1276336280013024, 0.44321853803382727, 0.04200832229335792]
     [0.1276336280013024, 0.44321853803382727, 0.04200832229335792]
     [0.1276336280013024, 0.44321853803382727, 0.04200832229335792]
     [0.1276336280013024, 0.44321853803382727, 0.04200832229335792]
     [0.1276336280013024, 0.44321853803382727, 0.04200832229335792]
     [0.1276336280013024, 0.44321853803382727, 0.04200832229335792]

Gen: 22
     [0.1276336280013024, 0.44321853803382727, 0.04200832229335792]
     [0.1276336280013024, 0.44321853803382727, 0.04200832229335792]
     [0.1276336280013024, 0.44321853803382727, 0.04200832229335792]
     [0.1276336280013024, 0.44321853803382727, 0.04200832229335792]
     [0.1276336280013024, 0.44321853803382727, 0.04200832229335792]
     [0.1276336280013024, 0.44321853803382727, 0.04200832229335792]
     [0.1276336280013024, 0.44321853803382727, 0.04200832229335792]
     [0.1276336280013024, 0.44321853803382727, 0.04200832229335792]
     [0.1276336280013024, 0.44321853803382727, 0.04200832229335792]
     [0.1276336280013024, 0.44321853803382727, 0.04200832229335792]

Gen: 23
     [0.1276336280013024, 0.44321853803382727, 0.04200832229335792]
     [0.1276336280013024, 0.44321853803382727, 0.04200832229335792]
     [0.1276336280013024, 0.44321853803382727, 0.04200832229335792]
     [0.1276336280013024, 0.44321853803382727, 0.04200832229335792]
     [0.1276336280013024, 0.44321853803382727, 0.04200832229335792]
     [0.1276336280013024, 0.44321853803382727, 0.04200832229335792]
     [0.1276336280013024, 0.44321853803382727, 0.04200832229335792]
     [0.1276336280013024, 0.44321853803382727, 0.04200832229335792]
     [0.1276336280013024, 0.44321853803382727, 0.04200832229335792]
     [0.1276336280013024, 0.44321853803382727, 0.04200832229335792]

Gen: 24
     [0.1276336280013024, 0.44321853803382727, 0.04200832229335792]
     [0.1276336280013024, 0.44321853803382727, 0.04200832229335792]
     [0.1276336280013024, 0.44321853803382727, 0.04200832229335792]
     [0.1276336280013024, 0.44321853803382727, 0.04200832229335792]
     [0.1276336280013024, 0.44321853803382727, 0.04200832229335792]
     [0.1276336280013024, 0.44321853803382727, 0.04200832229335792]
     [0.1276336280013024, 0.44321853803382727, 0.04200832229335792]
     [0.1276336280013024, 0.44321853803382727, 0.04200832229335792]
     [0.1276336280013024, 0.44321853803382727, 0.04200832229335792]
     [0.1276336280013024, 0.44321853803382727, 0.04200832229335792]

Gen: 25
     [0.1276336280013024, 0.44321853803382727, 0.04200832229335792]
     [0.1276336280013024, 0.44321853803382727, 0.04200832229335792]
     [0.1276336280013024, 0.44321853803382727, 0.04200832229335792]
     [0.1276336280013024, 0.44321853803382727, 0.04200832229335792]
     [0.1276336280013024, 0.44321853803382727, 0.04200832229335792]
     [0.1276336280013024, 0.44321853803382727, 0.04200832229335792]
     [0.1276336280013024, 0.44321853803382727, 0.04200832229335792]
     [0.1276336280013024, 0.44321853803382727, 0.04200832229335792]
     [0.1276336280013024, 0.44321853803382727, 0.04200832229335792]
     [0.1276336280013024, 0.44321853803382727, 0.04200832229335792]

Gen: 26
     [0.1276336280013024, 0.44321853803382727, 0.04200832229335792]
     [0.1276336280013024, 0.44321853803382727, 0.04200832229335792]
     [0.1276336280013024, 0.44321853803382727, 0.04200832229335792]
     [0.1276336280013024, 0.44321853803382727, 0.04200832229335792]
     [0.1276336280013024, 0.44321853803382727, 0.04200832229335792]
     [0.1276336280013024, 0.44321853803382727, 0.04200832229335792]
     [0.1276336280013024, 0.44321853803382727, 0.04200832229335792]
     [0.1276336280013024, 0.44321853803382727, 0.04200832229335792]
     [0.1276336280013024, 0.44321853803382727, 0.04200832229335792]
     [0.1276336280013024, 0.44321853803382727, 0.04200832229335792]

Gen: 27
     [0.1276336280013024, 0.44321853803382727, 0.04200832229335792]
     [0.1276336280013024, 0.44321853803382727, 0.04200832229335792]
     [0.1276336280013024, 0.44321853803382727, 0.04200832229335792]
     [0.1276336280013024, 0.44321853803382727, 0.04200832229335792]
     [0.1276336280013024, 0.44321853803382727, 0.04200832229335792]
     [0.1276336280013024, 0.44321853803382727, 0.04200832229335792]
     [0.1276336280013024, 0.44321853803382727, 0.04200832229335792]
     [0.1276336280013024, 0.44321853803382727, 0.04200832229335792]
     [0.1276336280013024, 0.44321853803382727, 0.04200832229335792]
     [0.1276336280013024, 0.44321853803382727, 0.04200832229335792]

Gen: 28
     [0.1276336280013024, 0.44321853803382727, 0.04200832229335792]
     [0.1276336280013024, 0.44321853803382727, 0.04200832229335792]
     [0.1276336280013024, 0.44321853803382727, 0.04200832229335792]
     [0.1276336280013024, 0.44321853803382727, 0.04200832229335792]
     [0.1276336280013024, 0.44321853803382727, 0.04200832229335792]
     [0.1276336280013024, 0.44321853803382727, 0.04200832229335792]
     [0.1276336280013024, 0.44321853803382727, 0.04200832229335792]
     [0.1276336280013024, 0.44321853803382727, 0.04200832229335792]
     [0.1276336280013024, 0.44321853803382727, 0.04200832229335792]
     [0.1276336280013024, 0.44321853803382727, 0.04200832229335792]

Gen: 29
     [0.1276336280013024, 0.44321853803382727, 0.04200832229335792]
     [0.1276336280013024, 0.44321853803382727, 0.04200832229335792]
     [0.1276336280013024, 0.44321853803382727, 0.04200832229335792]
     [0.1276336280013024, 0.44321853803382727, 0.04200832229335792]
     [0.1276336280013024, 0.44321853803382727, 0.04200832229335792]
     [0.1276336280013024, 0.44321853803382727, 0.04200832229335792]
     [0.1276336280013024, 0.44321853803382727, 0.04200832229335792]
     [0.1276336280013024, 0.44321853803382727, 0.04200832229335792]
     [0.1276336280013024, 0.44321853803382727, 0.04200832229335792]
     [0.1276336280013024, 0.44321853803382727, 0.04200832229335792]

Gen: 30
     [0.1276336280013024, 0.44321853803382727, 0.04200832229335792]
     [0.1276336280013024, 0.44321853803382727, 0.04200832229335792]
     [0.1276336280013024, 0.44321853803382727, 0.04200832229335792]
     [0.1276336280013024, 0.44321853803382727, 0.04200832229335792]
     [0.1276336280013024, 0.44321853803382727, 0.04200832229335792]
     [0.1276336280013024, 0.44321853803382727, 0.04200832229335792]
     [0.1276336280013024, 0.44321853803382727, 0.04200832229335792]
     [0.1276336280013024, 0.44321853803382727, 0.04200832229335792]
     [0.1276336280013024, 0.44321853803382727, 0.04200832229335792]
     [0.1276336280013024, 0.44321853803382727, 0.04200832229335792]

Gen: 31
     [0.1276336280013024, 0.44321853803382727, 0.04200832229335792]
     [0.1276336280013024, 0.44321853803382727, 0.04200832229335792]
     [0.1276336280013024, 0.44321853803382727, 0.04200832229335792]
     [0.1276336280013024, 0.44321853803382727, 0.04200832229335792]
     [0.1276336280013024, 0.44321853803382727, 0.04200832229335792]
     [0.1276336280013024, 0.44321853803382727, 0.04200832229335792]
     [0.1276336280013024, 0.44321853803382727, 0.04200832229335792]
     [0.1276336280013024, 0.44321853803382727, 0.04200832229335792]
     [0.1276336280013024, 0.44321853803382727, 0.04200832229335792]
     [0.1276336280013024, 0.44321853803382727, 0.04200832229335792]

Gen: 32
     [0.1276336280013024, 0.44321853803382727, 0.04200832229335792]
     [0.1276336280013024, 0.44321853803382727, 0.04200832229335792]
     [0.1276336280013024, 0.44321853803382727, 0.04200832229335792]
     [0.1276336280013024, 0.44321853803382727, 0.04200832229335792]
     [0.1276336280013024, 0.44321853803382727, 0.04200832229335792]
     [0.1276336280013024, 0.44321853803382727, 0.04200832229335792]
     [0.1276336280013024, 0.44321853803382727, 0.04200832229335792]
     [0.1276336280013024, 0.44321853803382727, 0.04200832229335792]
     [0.1276336280013024, 0.44321853803382727, 0.04200832229335792]
     [0.1276336280013024, 0.44321853803382727, 0.04200832229335792]

Gen: 33
     [0.1276336280013024, 0.44321853803382727, 0.04200832229335792]
     [0.1276336280013024, 0.44321853803382727, 0.04200832229335792]
     [0.1276336280013024, 0.44321853803382727, 0.04200832229335792]
     [0.1276336280013024, 0.44321853803382727, 0.04200832229335792]
     [0.1276336280013024, 0.44321853803382727, 0.04200832229335792]
     [0.1276336280013024, 0.44321853803382727, 0.04200832229335792]
     [0.1276336280013024, 0.44321853803382727, 0.04200832229335792]
     [0.1276336280013024, 0.44321853803382727, 0.04200832229335792]
     [0.1276336280013024, 0.44321853803382727, 0.04200832229335792]
     [0.1276336280013024, 0.44321853803382727, 0.04200832229335792]

Gen: 34
     [0.1276336280013024, 0.44321853803382727, 0.04200832229335792]
     [0.1276336280013024, 0.44321853803382727, 0.04200832229335792]
     [0.1276336280013024, 0.44321853803382727, 0.04200832229335792]
     [0.1276336280013024, 0.44321853803382727, 0.04200832229335792]
     [0.1276336280013024, 0.44321853803382727, 0.04200832229335792]
     [0.1276336280013024, 0.44321853803382727, 0.04200832229335792]
     [0.1276336280013024, 0.44321853803382727, 0.04200832229335792]
     [0.1276336280013024, 0.44321853803382727, 0.04200832229335792]
     [0.1276336280013024, 0.44321853803382727, 0.04200832229335792]
     [0.1276336280013024, 0.44321853803382727, 0.04200832229335792]

Gen: 35
     [0.1276336280013024, 0.44321853803382727, 0.04200832229335792]
     [0.1276336280013024, 0.44321853803382727, 0.04200832229335792]
     [0.1276336280013024, 0.44321853803382727, 0.04200832229335792]
     [0.1276336280013024, 0.44321853803382727, 0.04200832229335792]
     [0.1276336280013024, 0.44321853803382727, 0.04200832229335792]
     [0.1276336280013024, 0.44321853803382727, 0.04200832229335792]
     [0.1276336280013024, 0.44321853803382727, 0.04200832229335792]
     [0.1276336280013024, 0.44321853803382727, 0.04200832229335792]
     [0.1276336280013024, 0.44321853803382727, 0.04200832229335792]
     [0.1276336280013024, 0.44321853803382727, 0.04200832229335792]

Gen: 36
     [0.1276336280013024, 0.44321853803382727, 0.04200832229335792]
     [0.1276336280013024, 0.44321853803382727, 0.04200832229335792]
     [0.1276336280013024, 0.44321853803382727, 0.04200832229335792]
     [0.1276336280013024, 0.44321853803382727, 0.04200832229335792]
     [0.1276336280013024, 0.44321853803382727, 0.04200832229335792]
     [0.1276336280013024, 0.44321853803382727, 0.04200832229335792]
     [0.1276336280013024, 0.44321853803382727, 0.04200832229335792]
     [0.1276336280013024, 0.44321853803382727, 0.04200832229335792]
     [0.1276336280013024, 0.44321853803382727, 0.04200832229335792]
     [0.1276336280013024, 0.44321853803382727, 0.04200832229335792]

Gen: 37
     [0.1276336280013024, 0.44321853803382727, 0.04200832229335792]
     [0.1276336280013024, 0.44321853803382727, 0.04200832229335792]
     [0.1276336280013024, 0.44321853803382727, 0.04200832229335792]
     [0.1276336280013024, 0.44321853803382727, 0.04200832229335792]
     [0.1276336280013024, 0.44321853803382727, 0.04200832229335792]
     [0.1276336280013024, 0.44321853803382727, 0.04200832229335792]
     [0.1276336280013024, 0.44321853803382727, 0.04200832229335792]
     [0.1276336280013024, 0.44321853803382727, 0.04200832229335792]
     [0.1276336280013024, 0.44321853803382727, 0.04200832229335792]
     [0.1276336280013024, 0.44321853803382727, 0.04200832229335792]

Gen: 38
     [0.1276336280013024, 0.44321853803382727, 0.04200832229335792]
     [0.1276336280013024, 0.44321853803382727, 0.04200832229335792]
     [0.1276336280013024, 0.44321853803382727, 0.04200832229335792]
     [0.1276336280013024, 0.44321853803382727, 0.04200832229335792]
     [0.1276336280013024, 0.44321853803382727, 0.04200832229335792]
     [0.1276336280013024, 0.44321853803382727, 0.04200832229335792]
     [0.1276336280013024, 0.44321853803382727, 0.04200832229335792]
     [0.1276336280013024, 0.44321853803382727, 0.04200832229335792]
     [0.1276336280013024, 0.44321853803382727, 0.04200832229335792]
     [0.1276336280013024, 0.44321853803382727, 0.04200832229335792]

Gen: 39
     [0.1276336280013024, 0.44321853803382727, 0.04200832229335792]
     [0.1276336280013024, 0.44321853803382727, 0.04200832229335792]
     [0.1276336280013024, 0.44321853803382727, 0.04200832229335792]
     [0.1276336280013024, 0.44321853803382727, 0.04200832229335792]
     [0.1276336280013024, 0.44321853803382727, 0.04200832229335792]
     [0.1276336280013024, 0.44321853803382727, 0.04200832229335792]
     [0.1276336280013024, 0.44321853803382727, 0.04200832229335792]
     [0.1276336280013024, 0.44321853803382727, 0.04200832229335792]
     [0.1276336280013024, 0.44321853803382727, 0.04200832229335792]
     [0.1276336280013024, 0.44321853803382727, 0.04200832229335792]

Gen: 40
     [0.1276336280013024, 0.44321853803382727, 0.04200832229335792]
     [0.1276336280013024, 0.44321853803382727, 0.04200832229335792]
     [0.1276336280013024, 0.44321853803382727, 0.04200832229335792]
     [0.1276336280013024, 0.44321853803382727, 0.04200832229335792]
     [0.1276336280013024, 0.44321853803382727, 0.04200832229335792]
     [0.1276336280013024, 0.44321853803382727, 0.04200832229335792]
     [0.1276336280013024, 0.44321853803382727, 0.04200832229335792]
     [0.1276336280013024, 0.44321853803382727, 0.04200832229335792]
     [0.1276336280013024, 0.44321853803382727, 0.04200832229335792]
     [0.1276336280013024, 0.44321853803382727, 0.04200832229335792]

Gen: 41
     [0.1276336280013024, 0.44321853803382727, 0.04200832229335792]
     [0.1276336280013024, 0.44321853803382727, 0.04200832229335792]
     [0.1276336280013024, 0.44321853803382727, 0.04200832229335792]
     [0.1276336280013024, 0.44321853803382727, 0.04200832229335792]
     [0.1276336280013024, 0.44321853803382727, 0.04200832229335792]
     [0.1276336280013024, 0.44321853803382727, 0.04200832229335792]
     [0.1276336280013024, 0.44321853803382727, 0.04200832229335792]
     [0.1276336280013024, 0.44321853803382727, 0.04200832229335792]
     [0.1276336280013024, 0.44321853803382727, 0.04200832229335792]
     [0.1276336280013024, 0.44321853803382727, 0.04200832229335792]

Gen: 42
     [0.1276336280013024, 0.44321853803382727, 0.04200832229335792]
     [0.1276336280013024, 0.44321853803382727, 0.04200832229335792]
     [0.1276336280013024, 0.44321853803382727, 0.04200832229335792]
     [0.1276336280013024, 0.44321853803382727, 0.04200832229335792]
     [0.1276336280013024, 0.44321853803382727, 0.04200832229335792]
     [0.1276336280013024, 0.44321853803382727, 0.04200832229335792]
     [0.1276336280013024, 0.44321853803382727, 0.04200832229335792]
     [0.1276336280013024, 0.44321853803382727, 0.04200832229335792]
     [0.1276336280013024, 0.44321853803382727, 0.04200832229335792]
     [0.1276336280013024, 0.44321853803382727, 0.04200832229335792]

Gen: 43
     [0.1276336280013024, 0.44321853803382727, 0.04200832229335792]
     [0.1276336280013024, 0.44321853803382727, 0.04200832229335792]
     [0.1276336280013024, 0.44321853803382727, 0.04200832229335792]
     [0.1276336280013024, 0.44321853803382727, 0.04200832229335792]
     [0.1276336280013024, 0.44321853803382727, 0.04200832229335792]
     [0.1276336280013024, 0.44321853803382727, 0.04200832229335792]
     [0.1276336280013024, 0.44321853803382727, 0.04200832229335792]
     [0.1276336280013024, 0.44321853803382727, 0.04200832229335792]
     [0.1276336280013024, 0.44321853803382727, 0.04200832229335792]
     [0.1276336280013024, 0.44321853803382727, 0.04200832229335792]

Gen: 44
     [0.1276336280013024, 0.44321853803382727, 0.04200832229335792]
     [0.1276336280013024, 0.44321853803382727, 0.04200832229335792]
     [0.1276336280013024, 0.44321853803382727, 0.04200832229335792]
     [0.1276336280013024, 0.44321853803382727, 0.04200832229335792]
     [0.1276336280013024, 0.44321853803382727, 0.04200832229335792]
     [0.1276336280013024, 0.44321853803382727, 0.04200832229335792]
     [0.1276336280013024, 0.44321853803382727, 0.04200832229335792]
     [0.1276336280013024, 0.44321853803382727, 0.04200832229335792]
     [0.1276336280013024, 0.44321853803382727, 0.04200832229335792]
     [0.1276336280013024, 0.44321853803382727, 0.04200832229335792]

Gen: 45
     [0.1276336280013024, 0.44321853803382727, 0.04200832229335792]
     [0.1276336280013024, 0.44321853803382727, 0.04200832229335792]
     [0.1276336280013024, 0.44321853803382727, 0.04200832229335792]
     [0.1276336280013024, 0.44321853803382727, 0.04200832229335792]
     [0.1276336280013024, 0.44321853803382727, 0.04200832229335792]
     [0.1276336280013024, 0.44321853803382727, 0.04200832229335792]
     [0.1276336280013024, 0.44321853803382727, 0.04200832229335792]
     [0.1276336280013024, 0.44321853803382727, 0.04200832229335792]
     [0.1276336280013024, 0.44321853803382727, 0.04200832229335792]
     [0.1276336280013024, 0.44321853803382727, 0.04200832229335792]

Gen: 46
     [0.1276336280013024, 0.44321853803382727, 0.04200832229335792]
     [0.1276336280013024, 0.44321853803382727, 0.04200832229335792]
     [0.1276336280013024, 0.44321853803382727, 0.04200832229335792]
     [0.1276336280013024, 0.44321853803382727, 0.04200832229335792]
     [0.1276336280013024, 0.44321853803382727, 0.04200832229335792]
     [0.1276336280013024, 0.44321853803382727, 0.04200832229335792]
     [0.1276336280013024, 0.44321853803382727, 0.04200832229335792]
     [0.1276336280013024, 0.44321853803382727, 0.04200832229335792]
     [0.1276336280013024, 0.44321853803382727, 0.04200832229335792]
     [0.1276336280013024, 0.44321853803382727, 0.04200832229335792]

Gen: 47
     [0.1276336280013024, 0.44321853803382727, 0.04200832229335792]
     [0.1276336280013024, 0.44321853803382727, 0.04200832229335792]
     [0.1276336280013024, 0.44321853803382727, 0.04200832229335792]
     [0.1276336280013024, 0.44321853803382727, 0.04200832229335792]
     [0.1276336280013024, 0.44321853803382727, 0.04200832229335792]
     [0.1276336280013024, 0.44321853803382727, 0.04200832229335792]
     [0.1276336280013024, 0.44321853803382727, 0.04200832229335792]
     [0.1276336280013024, 0.44321853803382727, 0.04200832229335792]
     [0.1276336280013024, 0.44321853803382727, 0.04200832229335792]
     [0.1276336280013024, 0.44321853803382727, 0.04200832229335792]

Gen: 48
     [0.1276336280013024, 0.44321853803382727, 0.04200832229335792]
     [0.1276336280013024, 0.44321853803382727, 0.04200832229335792]
     [0.1276336280013024, 0.44321853803382727, 0.04200832229335792]
     [0.1276336280013024, 0.44321853803382727, 0.04200832229335792]
     [0.1276336280013024, 0.44321853803382727, 0.04200832229335792]
     [0.1276336280013024, 0.44321853803382727, 0.04200832229335792]
     [0.1276336280013024, 0.44321853803382727, 0.04200832229335792]
     [0.1276336280013024, 0.44321853803382727, 0.04200832229335792]
     [0.1276336280013024, 0.44321853803382727, 0.04200832229335792]
     [0.1276336280013024, 0.44321853803382727, 0.04200832229335792]

Gen: 49
     [0.1276336280013024, 0.44321853803382727, 0.04200832229335792]
     [0.1276336280013024, 0.44321853803382727, 0.04200832229335792]
     [0.1276336280013024, 0.44321853803382727, 0.04200832229335792]
     [0.1276336280013024, 0.44321853803382727, 0.04200832229335792]
     [0.1276336280013024, 0.44321853803382727, 0.04200832229335792]
     [0.1276336280013024, 0.44321853803382727, 0.04200832229335792]
     [0.1276336280013024, 0.44321853803382727, 0.04200832229335792]
     [0.1276336280013024, 0.44321853803382727, 0.04200832229335792]
     [0.1276336280013024, 0.44321853803382727, 0.04200832229335792]
     [0.1276336280013024, 0.44321853803382727, 0.04200832229335792]

Gen: 50
     [0.1276336280013024, 0.44321853803382727, 0.04200832229335792]
     [0.1276336280013024, 0.44321853803382727, 0.04200832229335792]
     [0.1276336280013024, 0.44321853803382727, 0.04200832229335792]
     [0.1276336280013024, 0.44321853803382727, 0.04200832229335792]
     [0.1276336280013024, 0.44321853803382727, 0.04200832229335792]
     [0.1276336280013024, 0.44321853803382727, 0.04200832229335792]
     [0.1276336280013024, 0.44321853803382727, 0.04200832229335792]
     [0.1276336280013024, 0.44321853803382727, 0.04200832229335792]
     [0.1276336280013024, 0.44321853803382727, 0.04200832229335792]
     [0.12695559493133696, 0.42211289336554975, 0.04377666372915779]

Gen: 51
     [0.1276336280013024, 0.44321853803382727, 0.04200832229335792]
     [0.1276336280013024, 0.44321853803382727, 0.04200832229335792]
     [0.1276336280013024, 0.44321853803382727, 0.04200832229335792]
     [0.1276336280013024, 0.44321853803382727, 0.04200832229335792]
     [0.1276336280013024, 0.44321853803382727, 0.04200832229335792]
     [0.1276336280013024, 0.44321853803382727, 0.04200832229335792]
     [0.1276336280013024, 0.44321853803382727, 0.04200832229335792]
     [0.1276336280013024, 0.44321853803382727, 0.04200832229335792]
     [0.12695559493133696, 0.42211289336554975, 0.04377666372915779]
     [0.12695559493133696, 0.42211289336554975, 0.04377666372915779]

Gen: 52
     [0.1276336280013024, 0.44321853803382727, 0.04200832229335792]
     [0.1276336280013024, 0.44321853803382727, 0.04200832229335792]
     [0.1276336280013024, 0.44321853803382727, 0.04200832229335792]
     [0.1276336280013024, 0.44321853803382727, 0.04200832229335792]
     [0.1276336280013024, 0.44321853803382727, 0.04200832229335792]
     [0.1276336280013024, 0.44321853803382727, 0.04200832229335792]
     [0.12695559493133696, 0.42211289336554975, 0.04377666372915779]
     [0.12695559493133696, 0.42211289336554975, 0.04377666372915779]
     [0.12695559493133696, 0.42211289336554975, 0.04377666372915779]
     [0.12695559493133696, 0.42211289336554975, 0.04377666372915779]

Gen: 53
     [0.1276336280013024, 0.44321853803382727, 0.04200832229335792]
     [0.12695559493133696, 0.42211289336554975, 0.04377666372915779]
     [0.12695559493133696, 0.42211289336554975, 0.04377666372915779]
     [0.12695559493133696, 0.42211289336554975, 0.04377666372915779]
     [0.12695559493133696, 0.42211289336554975, 0.04377666372915779]
     [0.12695559493133696, 0.42211289336554975, 0.04377666372915779]
     [0.12695559493133696, 0.42211289336554975, 0.04377666372915779]
     [0.12695559493133696, 0.42211289336554975, 0.04377666372915779]
     [0.12695559493133696, 0.42211289336554975, 0.04377666372915779]
     [0.12695559493133696, 0.42211289336554975, 0.04377666372915779]

Gen: 54
     [0.12695559493133696, 0.42211289336554975, 0.04377666372915779]
     [0.12695559493133696, 0.42211289336554975, 0.04377666372915779]
     [0.12695559493133696, 0.42211289336554975, 0.04377666372915779]
     [0.12695559493133696, 0.42211289336554975, 0.04377666372915779]
     [0.12695559493133696, 0.42211289336554975, 0.04377666372915779]
     [0.12695559493133696, 0.42211289336554975, 0.04377666372915779]
     [0.12695559493133696, 0.42211289336554975, 0.04377666372915779]
     [0.12695559493133696, 0.42211289336554975, 0.04377666372915779]
     [0.12695559493133696, 0.42211289336554975, 0.04377666372915779]
     [0.12695559493133696, 0.42211289336554975, 0.04377666372915779]

Gen: 55
     [0.12695559493133696, 0.42211289336554975, 0.04377666372915779]
     [0.12695559493133696, 0.42211289336554975, 0.04377666372915779]
     [0.12695559493133696, 0.42211289336554975, 0.04377666372915779]
     [0.12695559493133696, 0.42211289336554975, 0.04377666372915779]
     [0.12695559493133696, 0.42211289336554975, 0.04377666372915779]
     [0.12695559493133696, 0.42211289336554975, 0.04377666372915779]
     [0.12695559493133696, 0.42211289336554975, 0.04377666372915779]
     [0.12695559493133696, 0.42211289336554975, 0.04377666372915779]
     [0.12695559493133696, 0.42211289336554975, 0.04377666372915779]
     [0.12695559493133696, 0.42211289336554975, 0.04377666372915779]

