Gen: 2
     [0.18000459050795375, 0.4640774723821537, 0.05176439435175242]
     [0.1782161660827041, 0.46796736720037435, 0.04689709958829748]
     [0.18274624796237657, 0.4579944255691413, 0.04865403327666031]
     [0.1569405669745742, 0.48050780216873845, 0.04601022636283202]
     [0.1813358378145435, 0.4594511016621569, 0.04241649836390804]
     [0.16912368140001124, 0.45405570361931114, 0.04496993667893298]
     [0.18110069138670815, 0.43335299981689823, 0.04562353282376652]
     [0.15451883981937756, 0.4498606392285313, 0.04421756555401205]
     [0.1513865207697064, 0.4438915223892743, 0.042345044122993766]
     [0.1809920181371906, 0.406103391451183, 0.043385333806892815]

Gen: 3
     [0.1698534784808229, 0.45405570361931114, 0.045690783874038784]
     [0.16912368140001124, 0.45405570361931114, 0.04496993667893298]
     [0.16912368140001124, 0.45405570361931114, 0.04496993667893298]
     [0.18196117741844822, 0.43746261672736153, 0.04606066465053622]
     [0.18110069138670815, 0.43335299981689823, 0.04562353282376652]
     [0.18110069138670815, 0.43335299981689823, 0.04562353282376652]
     [0.15451883981937756, 0.4498606392285313, 0.04421756555401205]
     [0.15451883981937756, 0.4498606392285313, 0.04421756555401205]
     [0.1513865207697064, 0.4438915223892743, 0.042345044122993766]
     [0.1809920181371906, 0.406103391451183, 0.043385333806892815]

Gen: 4
     [0.17097253189934608, 0.4457713669562387, 0.04111561086020398]
     [0.15451883981937756, 0.4498606392285313, 0.04421756555401205]
     [0.15451883981937756, 0.4498606392285313, 0.04421756555401205]
     [0.15451883981937756, 0.4498606392285313, 0.04421756555401205]
     [0.15451883981937756, 0.4498606392285313, 0.04421756555401205]
     [0.15451883981937756, 0.4498606392285313, 0.04421756555401205]
     [0.15451883981937756, 0.4498606392285313, 0.04421756555401205]
     [0.1513865207697064, 0.4438915223892743, 0.042345044122993766]
     [0.1809920181371906, 0.406103391451183, 0.043385333806892815]
     [0.1809920181371906, 0.406103391451183, 0.043385333806892815]

Gen: 5
     [0.15451883981937756, 0.4498606392285313, 0.04421756555401205]
     [0.15451883981937756, 0.4498606392285313, 0.04421756555401205]
     [0.15451883981937756, 0.4498606392285313, 0.04421756555401205]
     [0.15451883981937756, 0.4498606392285313, 0.04421756555401205]
     [0.1513865207697064, 0.4438915223892743, 0.042345044122993766]
     [0.1809920181371906, 0.406103391451183, 0.043385333806892815]
     [0.1809920181371906, 0.406103391451183, 0.043385333806892815]
     [0.1809920181371906, 0.406103391451183, 0.043385333806892815]
     [0.1809920181371906, 0.406103391451183, 0.043385333806892815]
     [0.1582647879934796, 0.4113075498952251, 0.041760800623753494]

Gen: 6
     [0.1809920181371906, 0.406103391451183, 0.043385333806892815]
     [0.1809920181371906, 0.406103391451183, 0.043385333806892815]
     [0.1809920181371906, 0.406103391451183, 0.043385333806892815]
     [0.1809920181371906, 0.406103391451183, 0.043385333806892815]
     [0.1809920181371906, 0.406103391451183, 0.043385333806892815]
     [0.1809920181371906, 0.406103391451183, 0.043385333806892815]
     [0.1809920181371906, 0.406103391451183, 0.043385333806892815]
     [0.1809920181371906, 0.406103391451183, 0.043385333806892815]
     [0.1582647879934796, 0.4113075498952251, 0.041760800623753494]
     [0.157295628712222, 0.37994832461904665, 0.03908546978011008]

Gen: 7
     [0.1809920181371906, 0.406103391451183, 0.043385333806892815]
     [0.1809920181371906, 0.406103391451183, 0.043385333806892815]
     [0.1809920181371906, 0.406103391451183, 0.043385333806892815]
     [0.1809920181371906, 0.406103391451183, 0.043385333806892815]
     [0.1809920181371906, 0.406103391451183, 0.043385333806892815]
     [0.1582647879934796, 0.4113075498952251, 0.041760800623753494]
     [0.1582647879934796, 0.4113075498952251, 0.041760800623753494]
     [0.157295628712222, 0.37994832461904665, 0.03908546978011008]
     [0.157295628712222, 0.37994832461904665, 0.03908546978011008]
     [0.157295628712222, 0.37994832461904665, 0.03908546978011008]

Gen: 8
     [0.157295628712222, 0.37994832461904665, 0.03908546978011008]
     [0.157295628712222, 0.37994832461904665, 0.03908546978011008]
     [0.157295628712222, 0.37994832461904665, 0.03908546978011008]
     [0.157295628712222, 0.37994832461904665, 0.03908546978011008]
     [0.157295628712222, 0.37994832461904665, 0.03908546978011008]
     [0.157295628712222, 0.37994832461904665, 0.03908546978011008]
     [0.157295628712222, 0.37994832461904665, 0.03908546978011008]
     [0.157295628712222, 0.37994832461904665, 0.03908546978011008]
     [0.157295628712222, 0.37994832461904665, 0.03908546978011008]
     [0.157295628712222, 0.37994832461904665, 0.03908546978011008]

Gen: 9
     [0.157295628712222, 0.37994832461904665, 0.03908546978011008]
     [0.157295628712222, 0.37994832461904665, 0.03908546978011008]
     [0.157295628712222, 0.37994832461904665, 0.03908546978011008]
     [0.157295628712222, 0.37994832461904665, 0.03908546978011008]
     [0.157295628712222, 0.37994832461904665, 0.03908546978011008]
     [0.157295628712222, 0.37994832461904665, 0.03908546978011008]
     [0.157295628712222, 0.37994832461904665, 0.03908546978011008]
     [0.157295628712222, 0.37994832461904665, 0.03908546978011008]
     [0.157295628712222, 0.37994832461904665, 0.03908546978011008]
     [0.157295628712222, 0.37994832461904665, 0.03908546978011008]

Gen: 10
     [0.157295628712222, 0.37994832461904665, 0.03908546978011008]
     [0.157295628712222, 0.37994832461904665, 0.03908546978011008]
     [0.157295628712222, 0.37994832461904665, 0.03908546978011008]
     [0.157295628712222, 0.37994832461904665, 0.03908546978011008]
     [0.157295628712222, 0.37994832461904665, 0.03908546978011008]
     [0.157295628712222, 0.37994832461904665, 0.03908546978011008]
     [0.157295628712222, 0.37994832461904665, 0.03908546978011008]
     [0.157295628712222, 0.37994832461904665, 0.03908546978011008]
     [0.157295628712222, 0.37994832461904665, 0.03908546978011008]
     [0.157295628712222, 0.37994832461904665, 0.03908546978011008]

Gen: 11
     [0.157295628712222, 0.37994832461904665, 0.03908546978011008]
     [0.157295628712222, 0.37994832461904665, 0.03908546978011008]
     [0.157295628712222, 0.37994832461904665, 0.03908546978011008]
     [0.157295628712222, 0.37994832461904665, 0.03908546978011008]
     [0.157295628712222, 0.37994832461904665, 0.03908546978011008]
     [0.157295628712222, 0.37994832461904665, 0.03908546978011008]
     [0.157295628712222, 0.37994832461904665, 0.03908546978011008]
     [0.157295628712222, 0.37994832461904665, 0.03908546978011008]
     [0.157295628712222, 0.37994832461904665, 0.03908546978011008]
     [0.157295628712222, 0.37994832461904665, 0.03908546978011008]

Gen: 12
     [0.157295628712222, 0.37994832461904665, 0.03908546978011008]
     [0.157295628712222, 0.37994832461904665, 0.03908546978011008]
     [0.157295628712222, 0.37994832461904665, 0.03908546978011008]
     [0.157295628712222, 0.37994832461904665, 0.03908546978011008]
     [0.157295628712222, 0.37994832461904665, 0.03908546978011008]
     [0.157295628712222, 0.37994832461904665, 0.03908546978011008]
     [0.157295628712222, 0.37994832461904665, 0.03908546978011008]
     [0.157295628712222, 0.37994832461904665, 0.03908546978011008]
     [0.157295628712222, 0.37994832461904665, 0.03908546978011008]
     [0.157295628712222, 0.37994832461904665, 0.03908546978011008]

Gen: 13
     [0.157295628712222, 0.37994832461904665, 0.03908546978011008]
     [0.157295628712222, 0.37994832461904665, 0.03908546978011008]
     [0.157295628712222, 0.37994832461904665, 0.03908546978011008]
     [0.157295628712222, 0.37994832461904665, 0.03908546978011008]
     [0.157295628712222, 0.37994832461904665, 0.03908546978011008]
     [0.157295628712222, 0.37994832461904665, 0.03908546978011008]
     [0.157295628712222, 0.37994832461904665, 0.03908546978011008]
     [0.157295628712222, 0.37994832461904665, 0.03908546978011008]
     [0.157295628712222, 0.37994832461904665, 0.03908546978011008]
     [0.157295628712222, 0.37994832461904665, 0.03908546978011008]

Gen: 14
     [0.157295628712222, 0.37994832461904665, 0.03908546978011008]
     [0.157295628712222, 0.37994832461904665, 0.03908546978011008]
     [0.157295628712222, 0.37994832461904665, 0.03908546978011008]
     [0.157295628712222, 0.37994832461904665, 0.03908546978011008]
     [0.157295628712222, 0.37994832461904665, 0.03908546978011008]
     [0.157295628712222, 0.37994832461904665, 0.03908546978011008]
     [0.157295628712222, 0.37994832461904665, 0.03908546978011008]
     [0.157295628712222, 0.37994832461904665, 0.03908546978011008]
     [0.157295628712222, 0.37994832461904665, 0.03908546978011008]
     [0.157295628712222, 0.37994832461904665, 0.03908546978011008]

Gen: 15
     [0.157295628712222, 0.37994832461904665, 0.03908546978011008]
     [0.157295628712222, 0.37994832461904665, 0.03908546978011008]
     [0.157295628712222, 0.37994832461904665, 0.03908546978011008]
     [0.157295628712222, 0.37994832461904665, 0.03908546978011008]
     [0.157295628712222, 0.37994832461904665, 0.03908546978011008]
     [0.157295628712222, 0.37994832461904665, 0.03908546978011008]
     [0.157295628712222, 0.37994832461904665, 0.03908546978011008]
     [0.157295628712222, 0.37994832461904665, 0.03908546978011008]
     [0.157295628712222, 0.37994832461904665, 0.03908546978011008]
     [0.157295628712222, 0.37994832461904665, 0.03908546978011008]

Gen: 16
     [0.157295628712222, 0.37994832461904665, 0.03908546978011008]
     [0.157295628712222, 0.37994832461904665, 0.03908546978011008]
     [0.157295628712222, 0.37994832461904665, 0.03908546978011008]
     [0.157295628712222, 0.37994832461904665, 0.03908546978011008]
     [0.157295628712222, 0.37994832461904665, 0.03908546978011008]
     [0.157295628712222, 0.37994832461904665, 0.03908546978011008]
     [0.157295628712222, 0.37994832461904665, 0.03908546978011008]
     [0.157295628712222, 0.37994832461904665, 0.03908546978011008]
     [0.157295628712222, 0.37994832461904665, 0.03908546978011008]
     [0.157295628712222, 0.37994832461904665, 0.03908546978011008]

Gen: 17
     [0.157295628712222, 0.37994832461904665, 0.03908546978011008]
     [0.157295628712222, 0.37994832461904665, 0.03908546978011008]
     [0.157295628712222, 0.37994832461904665, 0.03908546978011008]
     [0.157295628712222, 0.37994832461904665, 0.03908546978011008]
     [0.157295628712222, 0.37994832461904665, 0.03908546978011008]
     [0.157295628712222, 0.37994832461904665, 0.03908546978011008]
     [0.157295628712222, 0.37994832461904665, 0.03908546978011008]
     [0.157295628712222, 0.37994832461904665, 0.03908546978011008]
     [0.157295628712222, 0.37994832461904665, 0.03908546978011008]
     [0.157295628712222, 0.37994832461904665, 0.03908546978011008]

Gen: 18
     [0.157295628712222, 0.37994832461904665, 0.03908546978011008]
     [0.157295628712222, 0.37994832461904665, 0.03908546978011008]
     [0.157295628712222, 0.37994832461904665, 0.03908546978011008]
     [0.157295628712222, 0.37994832461904665, 0.03908546978011008]
     [0.157295628712222, 0.37994832461904665, 0.03908546978011008]
     [0.157295628712222, 0.37994832461904665, 0.03908546978011008]
     [0.157295628712222, 0.37994832461904665, 0.03908546978011008]
     [0.157295628712222, 0.37994832461904665, 0.03908546978011008]
     [0.157295628712222, 0.37994832461904665, 0.03908546978011008]
     [0.157295628712222, 0.37994832461904665, 0.03908546978011008]

Gen: 19
     [0.157295628712222, 0.37994832461904665, 0.03908546978011008]
     [0.157295628712222, 0.37994832461904665, 0.03908546978011008]
     [0.157295628712222, 0.37994832461904665, 0.03908546978011008]
     [0.157295628712222, 0.37994832461904665, 0.03908546978011008]
     [0.157295628712222, 0.37994832461904665, 0.03908546978011008]
     [0.157295628712222, 0.37994832461904665, 0.03908546978011008]
     [0.157295628712222, 0.37994832461904665, 0.03908546978011008]
     [0.157295628712222, 0.37994832461904665, 0.03908546978011008]
     [0.157295628712222, 0.37994832461904665, 0.03908546978011008]
     [0.157295628712222, 0.37994832461904665, 0.03908546978011008]

Gen: 20
     [0.157295628712222, 0.37994832461904665, 0.03908546978011008]
     [0.157295628712222, 0.37994832461904665, 0.03908546978011008]
     [0.157295628712222, 0.37994832461904665, 0.03908546978011008]
     [0.157295628712222, 0.37994832461904665, 0.03908546978011008]
     [0.157295628712222, 0.37994832461904665, 0.03908546978011008]
     [0.157295628712222, 0.37994832461904665, 0.03908546978011008]
     [0.157295628712222, 0.37994832461904665, 0.03908546978011008]
     [0.157295628712222, 0.37994832461904665, 0.03908546978011008]
     [0.157295628712222, 0.37994832461904665, 0.03908546978011008]
     [0.157295628712222, 0.37994832461904665, 0.03908546978011008]

Gen: 21
     [0.157295628712222, 0.37994832461904665, 0.03908546978011008]
     [0.157295628712222, 0.37994832461904665, 0.03908546978011008]
     [0.157295628712222, 0.37994832461904665, 0.03908546978011008]
     [0.157295628712222, 0.37994832461904665, 0.03908546978011008]
     [0.157295628712222, 0.37994832461904665, 0.03908546978011008]
     [0.157295628712222, 0.37994832461904665, 0.03908546978011008]
     [0.157295628712222, 0.37994832461904665, 0.03908546978011008]
     [0.157295628712222, 0.37994832461904665, 0.03908546978011008]
     [0.157295628712222, 0.37994832461904665, 0.03908546978011008]
     [0.157295628712222, 0.37994832461904665, 0.03908546978011008]

Gen: 22
     [0.157295628712222, 0.37994832461904665, 0.03908546978011008]
     [0.157295628712222, 0.37994832461904665, 0.03908546978011008]
     [0.157295628712222, 0.37994832461904665, 0.03908546978011008]
     [0.157295628712222, 0.37994832461904665, 0.03908546978011008]
     [0.157295628712222, 0.37994832461904665, 0.03908546978011008]
     [0.157295628712222, 0.37994832461904665, 0.03908546978011008]
     [0.157295628712222, 0.37994832461904665, 0.03908546978011008]
     [0.157295628712222, 0.37994832461904665, 0.03908546978011008]
     [0.157295628712222, 0.37994832461904665, 0.03908546978011008]
     [0.157295628712222, 0.37994832461904665, 0.03908546978011008]

Gen: 23
     [0.157295628712222, 0.37994832461904665, 0.03908546978011008]
     [0.157295628712222, 0.37994832461904665, 0.03908546978011008]
     [0.157295628712222, 0.37994832461904665, 0.03908546978011008]
     [0.157295628712222, 0.37994832461904665, 0.03908546978011008]
     [0.157295628712222, 0.37994832461904665, 0.03908546978011008]
     [0.157295628712222, 0.37994832461904665, 0.03908546978011008]
     [0.157295628712222, 0.37994832461904665, 0.03908546978011008]
     [0.157295628712222, 0.37994832461904665, 0.03908546978011008]
     [0.157295628712222, 0.37994832461904665, 0.03908546978011008]
     [0.157295628712222, 0.37994832461904665, 0.03908546978011008]

Gen: 24
     [0.157295628712222, 0.37994832461904665, 0.03908546978011008]
     [0.157295628712222, 0.37994832461904665, 0.03908546978011008]
     [0.157295628712222, 0.37994832461904665, 0.03908546978011008]
     [0.157295628712222, 0.37994832461904665, 0.03908546978011008]
     [0.157295628712222, 0.37994832461904665, 0.03908546978011008]
     [0.157295628712222, 0.37994832461904665, 0.03908546978011008]
     [0.157295628712222, 0.37994832461904665, 0.03908546978011008]
     [0.157295628712222, 0.37994832461904665, 0.03908546978011008]
     [0.157295628712222, 0.37994832461904665, 0.03908546978011008]
     [0.157295628712222, 0.37994832461904665, 0.03908546978011008]

Gen: 25
     [0.157295628712222, 0.37994832461904665, 0.03908546978011008]
     [0.157295628712222, 0.37994832461904665, 0.03908546978011008]
     [0.157295628712222, 0.37994832461904665, 0.03908546978011008]
     [0.157295628712222, 0.37994832461904665, 0.03908546978011008]
     [0.157295628712222, 0.37994832461904665, 0.03908546978011008]
     [0.157295628712222, 0.37994832461904665, 0.03908546978011008]
     [0.157295628712222, 0.37994832461904665, 0.03908546978011008]
     [0.157295628712222, 0.37994832461904665, 0.03908546978011008]
     [0.157295628712222, 0.37994832461904665, 0.03908546978011008]
     [0.157295628712222, 0.37994832461904665, 0.03908546978011008]

Gen: 26
     [0.157295628712222, 0.37994832461904665, 0.03908546978011008]
     [0.157295628712222, 0.37994832461904665, 0.03908546978011008]
     [0.157295628712222, 0.37994832461904665, 0.03908546978011008]
     [0.157295628712222, 0.37994832461904665, 0.03908546978011008]
     [0.157295628712222, 0.37994832461904665, 0.03908546978011008]
     [0.157295628712222, 0.37994832461904665, 0.03908546978011008]
     [0.157295628712222, 0.37994832461904665, 0.03908546978011008]
     [0.157295628712222, 0.37994832461904665, 0.03908546978011008]
     [0.157295628712222, 0.37994832461904665, 0.03908546978011008]
     [0.157295628712222, 0.37994832461904665, 0.03908546978011008]

Gen: 27
     [0.157295628712222, 0.37994832461904665, 0.03908546978011008]
     [0.157295628712222, 0.37994832461904665, 0.03908546978011008]
     [0.157295628712222, 0.37994832461904665, 0.03908546978011008]
     [0.157295628712222, 0.37994832461904665, 0.03908546978011008]
     [0.157295628712222, 0.37994832461904665, 0.03908546978011008]
     [0.157295628712222, 0.37994832461904665, 0.03908546978011008]
     [0.157295628712222, 0.37994832461904665, 0.03908546978011008]
     [0.157295628712222, 0.37994832461904665, 0.03908546978011008]
     [0.157295628712222, 0.37994832461904665, 0.03908546978011008]
     [0.157295628712222, 0.37994832461904665, 0.03908546978011008]

Gen: 28
     [0.157295628712222, 0.37994832461904665, 0.03908546978011008]
     [0.157295628712222, 0.37994832461904665, 0.03908546978011008]
     [0.157295628712222, 0.37994832461904665, 0.03908546978011008]
     [0.157295628712222, 0.37994832461904665, 0.03908546978011008]
     [0.157295628712222, 0.37994832461904665, 0.03908546978011008]
     [0.157295628712222, 0.37994832461904665, 0.03908546978011008]
     [0.157295628712222, 0.37994832461904665, 0.03908546978011008]
     [0.157295628712222, 0.37994832461904665, 0.03908546978011008]
     [0.157295628712222, 0.37994832461904665, 0.03908546978011008]
     [0.157295628712222, 0.37994832461904665, 0.03908546978011008]

Gen: 29
     [0.157295628712222, 0.37994832461904665, 0.03908546978011008]
     [0.157295628712222, 0.37994832461904665, 0.03908546978011008]
     [0.157295628712222, 0.37994832461904665, 0.03908546978011008]
     [0.157295628712222, 0.37994832461904665, 0.03908546978011008]
     [0.157295628712222, 0.37994832461904665, 0.03908546978011008]
     [0.157295628712222, 0.37994832461904665, 0.03908546978011008]
     [0.157295628712222, 0.37994832461904665, 0.03908546978011008]
     [0.157295628712222, 0.37994832461904665, 0.03908546978011008]
     [0.157295628712222, 0.37994832461904665, 0.03908546978011008]
     [0.157295628712222, 0.37994832461904665, 0.03908546978011008]

Gen: 30
     [0.157295628712222, 0.37994832461904665, 0.03908546978011008]
     [0.157295628712222, 0.37994832461904665, 0.03908546978011008]
     [0.157295628712222, 0.37994832461904665, 0.03908546978011008]
     [0.157295628712222, 0.37994832461904665, 0.03908546978011008]
     [0.157295628712222, 0.37994832461904665, 0.03908546978011008]
     [0.157295628712222, 0.37994832461904665, 0.03908546978011008]
     [0.157295628712222, 0.37994832461904665, 0.03908546978011008]
     [0.157295628712222, 0.37994832461904665, 0.03908546978011008]
     [0.157295628712222, 0.37994832461904665, 0.03908546978011008]
     [0.157295628712222, 0.37994832461904665, 0.03908546978011008]

Gen: 31
     [0.157295628712222, 0.37994832461904665, 0.03908546978011008]
     [0.157295628712222, 0.37994832461904665, 0.03908546978011008]
     [0.157295628712222, 0.37994832461904665, 0.03908546978011008]
     [0.157295628712222, 0.37994832461904665, 0.03908546978011008]
     [0.157295628712222, 0.37994832461904665, 0.03908546978011008]
     [0.157295628712222, 0.37994832461904665, 0.03908546978011008]
     [0.157295628712222, 0.37994832461904665, 0.03908546978011008]
     [0.157295628712222, 0.37994832461904665, 0.03908546978011008]
     [0.157295628712222, 0.37994832461904665, 0.03908546978011008]
     [0.157295628712222, 0.37994832461904665, 0.03908546978011008]

Gen: 32
     [0.157295628712222, 0.37994832461904665, 0.03908546978011008]
     [0.157295628712222, 0.37994832461904665, 0.03908546978011008]
     [0.157295628712222, 0.37994832461904665, 0.03908546978011008]
     [0.157295628712222, 0.37994832461904665, 0.03908546978011008]
     [0.157295628712222, 0.37994832461904665, 0.03908546978011008]
     [0.157295628712222, 0.37994832461904665, 0.03908546978011008]
     [0.157295628712222, 0.37994832461904665, 0.03908546978011008]
     [0.157295628712222, 0.37994832461904665, 0.03908546978011008]
     [0.157295628712222, 0.37994832461904665, 0.03908546978011008]
     [0.157295628712222, 0.37994832461904665, 0.03908546978011008]

Gen: 33
     [0.157295628712222, 0.37994832461904665, 0.03908546978011008]
     [0.157295628712222, 0.37994832461904665, 0.03908546978011008]
     [0.157295628712222, 0.37994832461904665, 0.03908546978011008]
     [0.157295628712222, 0.37994832461904665, 0.03908546978011008]
     [0.157295628712222, 0.37994832461904665, 0.03908546978011008]
     [0.157295628712222, 0.37994832461904665, 0.03908546978011008]
     [0.157295628712222, 0.37994832461904665, 0.03908546978011008]
     [0.157295628712222, 0.37994832461904665, 0.03908546978011008]
     [0.157295628712222, 0.37994832461904665, 0.03908546978011008]
     [0.157295628712222, 0.37994832461904665, 0.03908546978011008]

Gen: 34
     [0.157295628712222, 0.37994832461904665, 0.03908546978011008]
     [0.157295628712222, 0.37994832461904665, 0.03908546978011008]
     [0.157295628712222, 0.37994832461904665, 0.03908546978011008]
     [0.157295628712222, 0.37994832461904665, 0.03908546978011008]
     [0.157295628712222, 0.37994832461904665, 0.03908546978011008]
     [0.157295628712222, 0.37994832461904665, 0.03908546978011008]
     [0.157295628712222, 0.37994832461904665, 0.03908546978011008]
     [0.157295628712222, 0.37994832461904665, 0.03908546978011008]
     [0.157295628712222, 0.37994832461904665, 0.03908546978011008]
     [0.157295628712222, 0.37994832461904665, 0.03908546978011008]

Gen: 35
     [0.157295628712222, 0.37994832461904665, 0.03908546978011008]
     [0.157295628712222, 0.37994832461904665, 0.03908546978011008]
     [0.157295628712222, 0.37994832461904665, 0.03908546978011008]
     [0.157295628712222, 0.37994832461904665, 0.03908546978011008]
     [0.157295628712222, 0.37994832461904665, 0.03908546978011008]
     [0.157295628712222, 0.37994832461904665, 0.03908546978011008]
     [0.157295628712222, 0.37994832461904665, 0.03908546978011008]
     [0.157295628712222, 0.37994832461904665, 0.03908546978011008]
     [0.157295628712222, 0.37994832461904665, 0.03908546978011008]
     [0.157295628712222, 0.37994832461904665, 0.03908546978011008]

Gen: 36
     [0.157295628712222, 0.37994832461904665, 0.03908546978011008]
     [0.157295628712222, 0.37994832461904665, 0.03908546978011008]
     [0.157295628712222, 0.37994832461904665, 0.03908546978011008]
     [0.157295628712222, 0.37994832461904665, 0.03908546978011008]
     [0.157295628712222, 0.37994832461904665, 0.03908546978011008]
     [0.157295628712222, 0.37994832461904665, 0.03908546978011008]
     [0.157295628712222, 0.37994832461904665, 0.03908546978011008]
     [0.157295628712222, 0.37994832461904665, 0.03908546978011008]
     [0.157295628712222, 0.37994832461904665, 0.03908546978011008]
     [0.157295628712222, 0.37994832461904665, 0.03908546978011008]

Gen: 37
     [0.157295628712222, 0.37994832461904665, 0.03908546978011008]
     [0.157295628712222, 0.37994832461904665, 0.03908546978011008]
     [0.157295628712222, 0.37994832461904665, 0.03908546978011008]
     [0.157295628712222, 0.37994832461904665, 0.03908546978011008]
     [0.157295628712222, 0.37994832461904665, 0.03908546978011008]
     [0.157295628712222, 0.37994832461904665, 0.03908546978011008]
     [0.157295628712222, 0.37994832461904665, 0.03908546978011008]
     [0.157295628712222, 0.37994832461904665, 0.03908546978011008]
     [0.157295628712222, 0.37994832461904665, 0.03908546978011008]
     [0.157295628712222, 0.37994832461904665, 0.03908546978011008]

Gen: 38
     [0.157295628712222, 0.37994832461904665, 0.03908546978011008]
     [0.157295628712222, 0.37994832461904665, 0.03908546978011008]
     [0.157295628712222, 0.37994832461904665, 0.03908546978011008]
     [0.157295628712222, 0.37994832461904665, 0.03908546978011008]
     [0.157295628712222, 0.37994832461904665, 0.03908546978011008]
     [0.157295628712222, 0.37994832461904665, 0.03908546978011008]
     [0.157295628712222, 0.37994832461904665, 0.03908546978011008]
     [0.157295628712222, 0.37994832461904665, 0.03908546978011008]
     [0.157295628712222, 0.37994832461904665, 0.03908546978011008]
     [0.157295628712222, 0.37994832461904665, 0.03908546978011008]

Gen: 39
     [0.157295628712222, 0.37994832461904665, 0.03908546978011008]
     [0.157295628712222, 0.37994832461904665, 0.03908546978011008]
     [0.157295628712222, 0.37994832461904665, 0.03908546978011008]
     [0.157295628712222, 0.37994832461904665, 0.03908546978011008]
     [0.157295628712222, 0.37994832461904665, 0.03908546978011008]
     [0.157295628712222, 0.37994832461904665, 0.03908546978011008]
     [0.157295628712222, 0.37994832461904665, 0.03908546978011008]
     [0.157295628712222, 0.37994832461904665, 0.03908546978011008]
     [0.157295628712222, 0.37994832461904665, 0.03908546978011008]
     [0.157295628712222, 0.37994832461904665, 0.03908546978011008]

Gen: 40
     [0.157295628712222, 0.37994832461904665, 0.03908546978011008]
     [0.157295628712222, 0.37994832461904665, 0.03908546978011008]
     [0.157295628712222, 0.37994832461904665, 0.03908546978011008]
     [0.157295628712222, 0.37994832461904665, 0.03908546978011008]
     [0.157295628712222, 0.37994832461904665, 0.03908546978011008]
     [0.157295628712222, 0.37994832461904665, 0.03908546978011008]
     [0.157295628712222, 0.37994832461904665, 0.03908546978011008]
     [0.157295628712222, 0.37994832461904665, 0.03908546978011008]
     [0.157295628712222, 0.37994832461904665, 0.03908546978011008]
     [0.157295628712222, 0.37994832461904665, 0.03908546978011008]

Gen: 41
     [0.157295628712222, 0.37994832461904665, 0.03908546978011008]
     [0.157295628712222, 0.37994832461904665, 0.03908546978011008]
     [0.157295628712222, 0.37994832461904665, 0.03908546978011008]
     [0.157295628712222, 0.37994832461904665, 0.03908546978011008]
     [0.157295628712222, 0.37994832461904665, 0.03908546978011008]
     [0.157295628712222, 0.37994832461904665, 0.03908546978011008]
     [0.157295628712222, 0.37994832461904665, 0.03908546978011008]
     [0.157295628712222, 0.37994832461904665, 0.03908546978011008]
     [0.157295628712222, 0.37994832461904665, 0.03908546978011008]
     [0.157295628712222, 0.37994832461904665, 0.03908546978011008]

Gen: 42
     [0.157295628712222, 0.37994832461904665, 0.03908546978011008]
     [0.157295628712222, 0.37994832461904665, 0.03908546978011008]
     [0.157295628712222, 0.37994832461904665, 0.03908546978011008]
     [0.157295628712222, 0.37994832461904665, 0.03908546978011008]
     [0.157295628712222, 0.37994832461904665, 0.03908546978011008]
     [0.157295628712222, 0.37994832461904665, 0.03908546978011008]
     [0.157295628712222, 0.37994832461904665, 0.03908546978011008]
     [0.157295628712222, 0.37994832461904665, 0.03908546978011008]
     [0.157295628712222, 0.37994832461904665, 0.03908546978011008]
     [0.157295628712222, 0.37994832461904665, 0.03908546978011008]

Gen: 43
     [0.157295628712222, 0.37994832461904665, 0.03908546978011008]
     [0.157295628712222, 0.37994832461904665, 0.03908546978011008]
     [0.157295628712222, 0.37994832461904665, 0.03908546978011008]
     [0.157295628712222, 0.37994832461904665, 0.03908546978011008]
     [0.157295628712222, 0.37994832461904665, 0.03908546978011008]
     [0.157295628712222, 0.37994832461904665, 0.03908546978011008]
     [0.157295628712222, 0.37994832461904665, 0.03908546978011008]
     [0.157295628712222, 0.37994832461904665, 0.03908546978011008]
     [0.157295628712222, 0.37994832461904665, 0.03908546978011008]
     [0.157295628712222, 0.37994832461904665, 0.03908546978011008]

Gen: 44
     [0.157295628712222, 0.37994832461904665, 0.03908546978011008]
     [0.157295628712222, 0.37994832461904665, 0.03908546978011008]
     [0.157295628712222, 0.37994832461904665, 0.03908546978011008]
     [0.157295628712222, 0.37994832461904665, 0.03908546978011008]
     [0.157295628712222, 0.37994832461904665, 0.03908546978011008]
     [0.157295628712222, 0.37994832461904665, 0.03908546978011008]
     [0.157295628712222, 0.37994832461904665, 0.03908546978011008]
     [0.157295628712222, 0.37994832461904665, 0.03908546978011008]
     [0.157295628712222, 0.37994832461904665, 0.03908546978011008]
     [0.157295628712222, 0.37994832461904665, 0.03908546978011008]

Gen: 45
     [0.157295628712222, 0.37994832461904665, 0.03908546978011008]
     [0.157295628712222, 0.37994832461904665, 0.03908546978011008]
     [0.157295628712222, 0.37994832461904665, 0.03908546978011008]
     [0.157295628712222, 0.37994832461904665, 0.03908546978011008]
     [0.157295628712222, 0.37994832461904665, 0.03908546978011008]
     [0.157295628712222, 0.37994832461904665, 0.03908546978011008]
     [0.157295628712222, 0.37994832461904665, 0.03908546978011008]
     [0.157295628712222, 0.37994832461904665, 0.03908546978011008]
     [0.157295628712222, 0.37994832461904665, 0.03908546978011008]
     [0.16813391167487962, 0.36590238642605744, 0.03699858562634896]

Gen: 46
     [0.157295628712222, 0.37994832461904665, 0.03908546978011008]
     [0.157295628712222, 0.37994832461904665, 0.03908546978011008]
     [0.157295628712222, 0.37994832461904665, 0.03908546978011008]
     [0.157295628712222, 0.37994832461904665, 0.03908546978011008]
     [0.157295628712222, 0.37994832461904665, 0.03908546978011008]
     [0.157295628712222, 0.37994832461904665, 0.03908546978011008]
     [0.157295628712222, 0.37994832461904665, 0.03908546978011008]
     [0.157295628712222, 0.37994832461904665, 0.03908546978011008]
     [0.157295628712222, 0.37994832461904665, 0.03908546978011008]
     [0.16813391167487962, 0.36590238642605744, 0.03699858562634896]

Gen: 47
     [0.157295628712222, 0.37994832461904665, 0.03908546978011008]
     [0.157295628712222, 0.37994832461904665, 0.03908546978011008]
     [0.157295628712222, 0.37994832461904665, 0.03908546978011008]
     [0.157295628712222, 0.37994832461904665, 0.03908546978011008]
     [0.157295628712222, 0.37994832461904665, 0.03908546978011008]
     [0.157295628712222, 0.37994832461904665, 0.03908546978011008]
     [0.157295628712222, 0.37994832461904665, 0.03908546978011008]
     [0.16813391167487962, 0.36590238642605744, 0.03699858562634896]
     [0.16813391167487962, 0.36590238642605744, 0.03699858562634896]
     [0.16813391167487962, 0.36590238642605744, 0.03699858562634896]

Gen: 48
     [0.157295628712222, 0.37994832461904665, 0.03908546978011008]
     [0.157295628712222, 0.37994832461904665, 0.03908546978011008]
     [0.157295628712222, 0.37994832461904665, 0.03908546978011008]
     [0.157295628712222, 0.37994832461904665, 0.03908546978011008]
     [0.157295628712222, 0.37994832461904665, 0.03908546978011008]
     [0.157295628712222, 0.37994832461904665, 0.03908546978011008]
     [0.16947452736504842, 0.36714340935446466, 0.03789386523309844]
     [0.16813391167487962, 0.36590238642605744, 0.03699858562634896]
     [0.16813391167487962, 0.36590238642605744, 0.03699858562634896]
     [0.16813391167487962, 0.36590238642605744, 0.03699858562634896]

Gen: 49
     [0.16947452736504842, 0.36714340935446466, 0.03789386523309844]
     [0.16947452736504842, 0.36714340935446466, 0.03789386523309844]
     [0.16813391167487962, 0.36590238642605744, 0.03699858562634896]
     [0.16813391167487962, 0.36590238642605744, 0.03699858562634896]
     [0.16813391167487962, 0.36590238642605744, 0.03699858562634896]
     [0.16813391167487962, 0.36590238642605744, 0.03699858562634896]
     [0.16813391167487962, 0.36590238642605744, 0.03699858562634896]
     [0.16813391167487962, 0.36590238642605744, 0.03699858562634896]
     [0.16813391167487962, 0.36590238642605744, 0.03699858562634896]
     [0.17170045530344194, 0.34310011596443757, 0.0346700180106719]

Gen: 50
     [0.16813391167487962, 0.36590238642605744, 0.03699858562634896]
     [0.16813391167487962, 0.36590238642605744, 0.03699858562634896]
     [0.16813391167487962, 0.36590238642605744, 0.03699858562634896]
     [0.16813391167487962, 0.36590238642605744, 0.03699858562634896]
     [0.16813391167487962, 0.36590238642605744, 0.03699858562634896]
     [0.16813391167487962, 0.36590238642605744, 0.03699858562634896]
     [0.16813391167487962, 0.36590238642605744, 0.03699858562634896]
     [0.17170045530344194, 0.34310011596443757, 0.0346700180106719]
     [0.17170045530344194, 0.34310011596443757, 0.0346700180106719]
     [0.17170045530344194, 0.34310011596443757, 0.0346700180106719]

Gen: 51
     [0.17170045530344194, 0.34310011596443757, 0.0346700180106719]
     [0.17170045530344194, 0.34310011596443757, 0.0346700180106719]
     [0.17170045530344194, 0.34310011596443757, 0.0346700180106719]
     [0.17170045530344194, 0.34310011596443757, 0.0346700180106719]
     [0.17170045530344194, 0.34310011596443757, 0.0346700180106719]
     [0.17170045530344194, 0.34310011596443757, 0.0346700180106719]
     [0.17170045530344194, 0.34310011596443757, 0.0346700180106719]
     [0.17170045530344194, 0.34310011596443757, 0.0346700180106719]
     [0.17170045530344194, 0.34310011596443757, 0.0346700180106719]
     [0.17170045530344194, 0.34310011596443757, 0.0346700180106719]

Gen: 52
     [0.17170045530344194, 0.34310011596443757, 0.0346700180106719]
     [0.17170045530344194, 0.34310011596443757, 0.0346700180106719]
     [0.17170045530344194, 0.34310011596443757, 0.0346700180106719]
     [0.17170045530344194, 0.34310011596443757, 0.0346700180106719]
     [0.17170045530344194, 0.34310011596443757, 0.0346700180106719]
     [0.17170045530344194, 0.34310011596443757, 0.0346700180106719]
     [0.17170045530344194, 0.34310011596443757, 0.0346700180106719]
     [0.17170045530344194, 0.34310011596443757, 0.0346700180106719]
     [0.17170045530344194, 0.34310011596443757, 0.0346700180106719]
     [0.17170045530344194, 0.34310011596443757, 0.0346700180106719]

Gen: 53
     [0.17170045530344194, 0.34310011596443757, 0.0346700180106719]
     [0.17170045530344194, 0.34310011596443757, 0.0346700180106719]
     [0.17170045530344194, 0.34310011596443757, 0.0346700180106719]
     [0.17170045530344194, 0.34310011596443757, 0.0346700180106719]
     [0.17170045530344194, 0.34310011596443757, 0.0346700180106719]
     [0.17170045530344194, 0.34310011596443757, 0.0346700180106719]
     [0.17170045530344194, 0.34310011596443757, 0.0346700180106719]
     [0.17170045530344194, 0.34310011596443757, 0.0346700180106719]
     [0.17170045530344194, 0.34310011596443757, 0.0346700180106719]
     [0.17170045530344194, 0.34310011596443757, 0.0346700180106719]

Gen: 54
     [0.17170045530344194, 0.34310011596443757, 0.0346700180106719]
     [0.17170045530344194, 0.34310011596443757, 0.0346700180106719]
     [0.17170045530344194, 0.34310011596443757, 0.0346700180106719]
     [0.17170045530344194, 0.34310011596443757, 0.0346700180106719]
     [0.17170045530344194, 0.34310011596443757, 0.0346700180106719]
     [0.17170045530344194, 0.34310011596443757, 0.0346700180106719]
     [0.17170045530344194, 0.34310011596443757, 0.0346700180106719]
     [0.17170045530344194, 0.34310011596443757, 0.0346700180106719]
     [0.17170045530344194, 0.34310011596443757, 0.0346700180106719]
     [0.17170045530344194, 0.34310011596443757, 0.0346700180106719]

Gen: 55
     [0.17170045530344194, 0.34310011596443757, 0.0346700180106719]
     [0.17170045530344194, 0.34310011596443757, 0.0346700180106719]
     [0.17170045530344194, 0.34310011596443757, 0.0346700180106719]
     [0.17170045530344194, 0.34310011596443757, 0.0346700180106719]
     [0.17170045530344194, 0.34310011596443757, 0.0346700180106719]
     [0.17170045530344194, 0.34310011596443757, 0.0346700180106719]
     [0.17170045530344194, 0.34310011596443757, 0.0346700180106719]
     [0.17170045530344194, 0.34310011596443757, 0.0346700180106719]
     [0.17170045530344194, 0.34310011596443757, 0.0346700180106719]
     [0.17170045530344194, 0.34310011596443757, 0.0346700180106719]

Gen: 56
     [0.17170045530344194, 0.34310011596443757, 0.0346700180106719]
     [0.17170045530344194, 0.34310011596443757, 0.0346700180106719]
     [0.17170045530344194, 0.34310011596443757, 0.0346700180106719]
     [0.17170045530344194, 0.34310011596443757, 0.0346700180106719]
     [0.17170045530344194, 0.34310011596443757, 0.0346700180106719]
     [0.17170045530344194, 0.34310011596443757, 0.0346700180106719]
     [0.17170045530344194, 0.34310011596443757, 0.0346700180106719]
     [0.17170045530344194, 0.34310011596443757, 0.0346700180106719]
     [0.17170045530344194, 0.34310011596443757, 0.0346700180106719]
     [0.17170045530344194, 0.34310011596443757, 0.0346700180106719]

Gen: 57
     [0.17170045530344194, 0.34310011596443757, 0.0346700180106719]
     [0.17170045530344194, 0.34310011596443757, 0.0346700180106719]
     [0.17170045530344194, 0.34310011596443757, 0.0346700180106719]
     [0.17170045530344194, 0.34310011596443757, 0.0346700180106719]
     [0.17170045530344194, 0.34310011596443757, 0.0346700180106719]
     [0.17170045530344194, 0.34310011596443757, 0.0346700180106719]
     [0.17170045530344194, 0.34310011596443757, 0.0346700180106719]
     [0.17170045530344194, 0.34310011596443757, 0.0346700180106719]
     [0.17170045530344194, 0.34310011596443757, 0.0346700180106719]
     [0.17170045530344194, 0.34310011596443757, 0.0346700180106719]

Gen: 58
     [0.17170045530344194, 0.34310011596443757, 0.0346700180106719]
     [0.17170045530344194, 0.34310011596443757, 0.0346700180106719]
     [0.17170045530344194, 0.34310011596443757, 0.0346700180106719]
     [0.17170045530344194, 0.34310011596443757, 0.0346700180106719]
     [0.17170045530344194, 0.34310011596443757, 0.0346700180106719]
     [0.17170045530344194, 0.34310011596443757, 0.0346700180106719]
     [0.17170045530344194, 0.34310011596443757, 0.0346700180106719]
     [0.17170045530344194, 0.34310011596443757, 0.0346700180106719]
     [0.17170045530344194, 0.34310011596443757, 0.0346700180106719]
     [0.17170045530344194, 0.34310011596443757, 0.0346700180106719]

Gen: 59
     [0.17170045530344194, 0.34310011596443757, 0.0346700180106719]
     [0.17170045530344194, 0.34310011596443757, 0.0346700180106719]
     [0.17170045530344194, 0.34310011596443757, 0.0346700180106719]
     [0.17170045530344194, 0.34310011596443757, 0.0346700180106719]
     [0.17170045530344194, 0.34310011596443757, 0.0346700180106719]
     [0.17170045530344194, 0.34310011596443757, 0.0346700180106719]
     [0.17170045530344194, 0.34310011596443757, 0.0346700180106719]
     [0.17170045530344194, 0.34310011596443757, 0.0346700180106719]
     [0.17170045530344194, 0.34310011596443757, 0.0346700180106719]
     [0.17170045530344194, 0.34310011596443757, 0.0346700180106719]

Gen: 60
     [0.17170045530344194, 0.34310011596443757, 0.0346700180106719]
     [0.17170045530344194, 0.34310011596443757, 0.0346700180106719]
     [0.17170045530344194, 0.34310011596443757, 0.0346700180106719]
     [0.17170045530344194, 0.34310011596443757, 0.0346700180106719]
     [0.17170045530344194, 0.34310011596443757, 0.0346700180106719]
     [0.17170045530344194, 0.34310011596443757, 0.0346700180106719]
     [0.17170045530344194, 0.34310011596443757, 0.0346700180106719]
     [0.17170045530344194, 0.34310011596443757, 0.0346700180106719]
     [0.17170045530344194, 0.34310011596443757, 0.0346700180106719]
     [0.17170045530344194, 0.34310011596443757, 0.0346700180106719]

Gen: 61
     [0.17170045530344194, 0.34310011596443757, 0.0346700180106719]
     [0.17170045530344194, 0.34310011596443757, 0.0346700180106719]
     [0.17170045530344194, 0.34310011596443757, 0.0346700180106719]
     [0.17170045530344194, 0.34310011596443757, 0.0346700180106719]
     [0.17170045530344194, 0.34310011596443757, 0.0346700180106719]
     [0.17170045530344194, 0.34310011596443757, 0.0346700180106719]
     [0.17170045530344194, 0.34310011596443757, 0.0346700180106719]
     [0.17170045530344194, 0.34310011596443757, 0.0346700180106719]
     [0.17170045530344194, 0.34310011596443757, 0.0346700180106719]
     [0.17170045530344194, 0.34310011596443757, 0.0346700180106719]

