Gen: 2
     [0.15368857570466452, 1.0, 0.09186241339379864]
     [0.15541386048058534, 1.0, 0.0893459008015319]
     [0.15806310800698428, 1.0, 0.08562611997748724]
     [0.14765215764529807, 1.0, 0.09446949456265082]
     [0.13906522823646794, 1.0, 0.10302822504997444]
     [0.1452814500706743, 1.0, 0.09665607876878489]
     [0.13957034173110502, 1.0, 0.10216782357241282]
     [0.14602976635902554, 1.0, 0.09541399543275607]
     [0.14327658601480003, 1.0, 0.09637790385498678]
     [0.1462324353537873, 1.0, 0.09263224629477484]

Gen: 3
     [0.14602976635902554, 1.0, 0.09541399543275607]
     [0.14602976635902554, 1.0, 0.09541399543275607]
     [0.14602976635902554, 1.0, 0.09541399543275607]
     [0.14602976635902554, 1.0, 0.09541399543275607]
     [0.14602976635902554, 1.0, 0.09541399543275607]
     [0.14327658601480003, 1.0, 0.09637790385498678]
     [0.14327658601480003, 1.0, 0.09637790385498678]
     [0.14327658601480003, 1.0, 0.09637790385498678]
     [0.1462324353537873, 1.0, 0.09263224629477484]
     [0.1462324353537873, 1.0, 0.09263224629477484]

Gen: 4
     [0.1462324353537873, 1.0, 0.09263224629477484]
     [0.1462324353537873, 1.0, 0.09263224629477484]
     [0.1462324353537873, 1.0, 0.09263224629477484]
     [0.1462324353537873, 1.0, 0.09263224629477484]
     [0.1462324353537873, 1.0, 0.09263224629477484]
     [0.1462324353537873, 1.0, 0.09263224629477484]
     [0.1462324353537873, 1.0, 0.09263224629477484]
     [0.1462324353537873, 1.0, 0.09263224629477484]
     [0.1462324353537873, 1.0, 0.09263224629477484]
     [0.1462324353537873, 1.0, 0.09263224629477484]

Gen: 5
     [0.1462324353537873, 1.0, 0.09263224629477484]
     [0.1462324353537873, 1.0, 0.09263224629477484]
     [0.1462324353537873, 1.0, 0.09263224629477484]
     [0.1462324353537873, 1.0, 0.09263224629477484]
     [0.1462324353537873, 1.0, 0.09263224629477484]
     [0.1462324353537873, 1.0, 0.09263224629477484]
     [0.1462324353537873, 1.0, 0.09263224629477484]
     [0.1462324353537873, 1.0, 0.09263224629477484]
     [0.1462324353537873, 1.0, 0.09263224629477484]
     [0.1462324353537873, 1.0, 0.09263224629477484]

Gen: 6
     [0.1462324353537873, 1.0, 0.09263224629477484]
     [0.1462324353537873, 1.0, 0.09263224629477484]
     [0.1462324353537873, 1.0, 0.09263224629477484]
     [0.1462324353537873, 1.0, 0.09263224629477484]
     [0.1462324353537873, 1.0, 0.09263224629477484]
     [0.1462324353537873, 1.0, 0.09263224629477484]
     [0.1462324353537873, 1.0, 0.09263224629477484]
     [0.1462324353537873, 1.0, 0.09263224629477484]
     [0.1462324353537873, 1.0, 0.09263224629477484]
     [0.1462324353537873, 1.0, 0.09263224629477484]

Gen: 7
     [0.1462324353537873, 1.0, 0.09263224629477484]
     [0.1462324353537873, 1.0, 0.09263224629477484]
     [0.1462324353537873, 1.0, 0.09263224629477484]
     [0.1462324353537873, 1.0, 0.09263224629477484]
     [0.1462324353537873, 1.0, 0.09263224629477484]
     [0.1462324353537873, 1.0, 0.09263224629477484]
     [0.1462324353537873, 1.0, 0.09263224629477484]
     [0.1462324353537873, 1.0, 0.09263224629477484]
     [0.1462324353537873, 1.0, 0.09263224629477484]
     [0.1462324353537873, 1.0, 0.09263224629477484]

Gen: 8
     [0.1462324353537873, 1.0, 0.09263224629477484]
     [0.1462324353537873, 1.0, 0.09263224629477484]
     [0.1462324353537873, 1.0, 0.09263224629477484]
     [0.1462324353537873, 1.0, 0.09263224629477484]
     [0.1462324353537873, 1.0, 0.09263224629477484]
     [0.1462324353537873, 1.0, 0.09263224629477484]
     [0.1462324353537873, 1.0, 0.09263224629477484]
     [0.1462324353537873, 1.0, 0.09263224629477484]
     [0.1462324353537873, 1.0, 0.09263224629477484]
     [0.1462324353537873, 1.0, 0.09263224629477484]

Gen: 9
     [0.1462324353537873, 1.0, 0.09263224629477484]
     [0.1462324353537873, 1.0, 0.09263224629477484]
     [0.1462324353537873, 1.0, 0.09263224629477484]
     [0.1462324353537873, 1.0, 0.09263224629477484]
     [0.1462324353537873, 1.0, 0.09263224629477484]
     [0.1462324353537873, 1.0, 0.09263224629477484]
     [0.1462324353537873, 1.0, 0.09263224629477484]
     [0.1462324353537873, 1.0, 0.09263224629477484]
     [0.1462324353537873, 1.0, 0.09263224629477484]
     [0.1462324353537873, 1.0, 0.09263224629477484]

Gen: 10
     [0.1462324353537873, 1.0, 0.09263224629477484]
     [0.1462324353537873, 1.0, 0.09263224629477484]
     [0.1462324353537873, 1.0, 0.09263224629477484]
     [0.1462324353537873, 1.0, 0.09263224629477484]
     [0.1462324353537873, 1.0, 0.09263224629477484]
     [0.1462324353537873, 1.0, 0.09263224629477484]
     [0.1462324353537873, 1.0, 0.09263224629477484]
     [0.1462324353537873, 1.0, 0.09263224629477484]
     [0.1462324353537873, 1.0, 0.09263224629477484]
     [0.1462324353537873, 1.0, 0.09263224629477484]

Gen: 11
     [0.1462324353537873, 1.0, 0.09263224629477484]
     [0.1462324353537873, 1.0, 0.09263224629477484]
     [0.1462324353537873, 1.0, 0.09263224629477484]
     [0.1462324353537873, 1.0, 0.09263224629477484]
     [0.1462324353537873, 1.0, 0.09263224629477484]
     [0.1462324353537873, 1.0, 0.09263224629477484]
     [0.1462324353537873, 1.0, 0.09263224629477484]
     [0.1462324353537873, 1.0, 0.09263224629477484]
     [0.1462324353537873, 1.0, 0.09263224629477484]
     [0.1462324353537873, 1.0, 0.09263224629477484]

Gen: 12
     [0.1462324353537873, 1.0, 0.09263224629477484]
     [0.1462324353537873, 1.0, 0.09263224629477484]
     [0.1462324353537873, 1.0, 0.09263224629477484]
     [0.1462324353537873, 1.0, 0.09263224629477484]
     [0.1462324353537873, 1.0, 0.09263224629477484]
     [0.1462324353537873, 1.0, 0.09263224629477484]
     [0.1462324353537873, 1.0, 0.09263224629477484]
     [0.1462324353537873, 1.0, 0.09263224629477484]
     [0.1462324353537873, 1.0, 0.09263224629477484]
     [0.1462324353537873, 1.0, 0.09263224629477484]

Gen: 13
     [0.1462324353537873, 1.0, 0.09263224629477484]
     [0.1462324353537873, 1.0, 0.09263224629477484]
     [0.1462324353537873, 1.0, 0.09263224629477484]
     [0.1462324353537873, 1.0, 0.09263224629477484]
     [0.1462324353537873, 1.0, 0.09263224629477484]
     [0.1462324353537873, 1.0, 0.09263224629477484]
     [0.1462324353537873, 1.0, 0.09263224629477484]
     [0.1462324353537873, 1.0, 0.09263224629477484]
     [0.1462324353537873, 1.0, 0.09263224629477484]
     [0.14019705662259915, 1.0, 0.09467650845198895]

Gen: 14
     [0.1462324353537873, 1.0, 0.09263224629477484]
     [0.1462324353537873, 1.0, 0.09263224629477484]
     [0.1462324353537873, 1.0, 0.09263224629477484]
     [0.1462324353537873, 1.0, 0.09263224629477484]
     [0.1462324353537873, 1.0, 0.09263224629477484]
     [0.1462324353537873, 1.0, 0.09263224629477484]
     [0.1462324353537873, 1.0, 0.09263224629477484]
     [0.1462324353537873, 1.0, 0.09263224629477484]
     [0.1462324353537873, 1.0, 0.09263224629477484]
     [0.14019705662259915, 1.0, 0.09467650845198895]

Gen: 15
     [0.1462324353537873, 1.0, 0.09263224629477484]
     [0.1462324353537873, 1.0, 0.09263224629477484]
     [0.1462324353537873, 1.0, 0.09263224629477484]
     [0.1462324353537873, 1.0, 0.09263224629477484]
     [0.1462324353537873, 1.0, 0.09263224629477484]
     [0.1462324353537873, 1.0, 0.09263224629477484]
     [0.1462324353537873, 1.0, 0.09263224629477484]
     [0.1462324353537873, 1.0, 0.09263224629477484]
     [0.1462324353537873, 1.0, 0.09263224629477484]
     [0.14019705662259915, 1.0, 0.09467650845198895]

Gen: 16
     [0.1462324353537873, 1.0, 0.09263224629477484]
     [0.1462324353537873, 1.0, 0.09263224629477484]
     [0.1462324353537873, 1.0, 0.09263224629477484]
     [0.1462324353537873, 1.0, 0.09263224629477484]
     [0.1462324353537873, 1.0, 0.09263224629477484]
     [0.1462324353537873, 1.0, 0.09263224629477484]
     [0.1462324353537873, 1.0, 0.09263224629477484]
     [0.1462324353537873, 1.0, 0.09263224629477484]
     [0.14019705662259915, 1.0, 0.09467650845198895]
     [0.14019705662259915, 1.0, 0.09467650845198895]

Gen: 17
     [0.1462324353537873, 1.0, 0.09263224629477484]
     [0.1462324353537873, 1.0, 0.09263224629477484]
     [0.1462324353537873, 1.0, 0.09263224629477484]
     [0.1462324353537873, 1.0, 0.09263224629477484]
     [0.1462324353537873, 1.0, 0.09263224629477484]
     [0.1462324353537873, 1.0, 0.09263224629477484]
     [0.14019705662259915, 1.0, 0.09467650845198895]
     [0.14019705662259915, 1.0, 0.09467650845198895]
     [0.14019705662259915, 1.0, 0.09467650845198895]
     [0.14019705662259915, 1.0, 0.09467650845198895]

Gen: 18
     [0.1462324353537873, 1.0, 0.09263224629477484]
     [0.14019705662259915, 1.0, 0.09467650845198895]
     [0.14019705662259915, 1.0, 0.09467650845198895]
     [0.14019705662259915, 1.0, 0.09467650845198895]
     [0.14019705662259915, 1.0, 0.09467650845198895]
     [0.14019705662259915, 1.0, 0.09467650845198895]
     [0.14019705662259915, 1.0, 0.09467650845198895]
     [0.14019705662259915, 1.0, 0.09467650845198895]
     [0.14019705662259915, 1.0, 0.09467650845198895]
     [0.14019705662259915, 1.0, 0.09467650845198895]

Gen: 19
     [0.14019705662259915, 1.0, 0.09467650845198895]
     [0.14019705662259915, 1.0, 0.09467650845198895]
     [0.14019705662259915, 1.0, 0.09467650845198895]
     [0.14019705662259915, 1.0, 0.09467650845198895]
     [0.14019705662259915, 1.0, 0.09467650845198895]
     [0.14019705662259915, 1.0, 0.09467650845198895]
     [0.14019705662259915, 1.0, 0.09467650845198895]
     [0.14019705662259915, 1.0, 0.09467650845198895]
     [0.14019705662259915, 1.0, 0.09467650845198895]
     [0.14019705662259915, 1.0, 0.09467650845198895]

Gen: 20
     [0.14019705662259915, 1.0, 0.09467650845198895]
     [0.14019705662259915, 1.0, 0.09467650845198895]
     [0.14019705662259915, 1.0, 0.09467650845198895]
     [0.14019705662259915, 1.0, 0.09467650845198895]
     [0.14019705662259915, 1.0, 0.09467650845198895]
     [0.14019705662259915, 1.0, 0.09467650845198895]
     [0.14019705662259915, 1.0, 0.09467650845198895]
     [0.14019705662259915, 1.0, 0.09467650845198895]
     [0.14019705662259915, 1.0, 0.09467650845198895]
     [0.14019705662259915, 1.0, 0.09467650845198895]

Gen: 21
     [0.14019705662259915, 1.0, 0.09467650845198895]
     [0.14019705662259915, 1.0, 0.09467650845198895]
     [0.14019705662259915, 1.0, 0.09467650845198895]
     [0.14019705662259915, 1.0, 0.09467650845198895]
     [0.14019705662259915, 1.0, 0.09467650845198895]
     [0.14019705662259915, 1.0, 0.09467650845198895]
     [0.14019705662259915, 1.0, 0.09467650845198895]
     [0.14019705662259915, 1.0, 0.09467650845198895]
     [0.14019705662259915, 1.0, 0.09467650845198895]
     [0.14019705662259915, 1.0, 0.09467650845198895]

Gen: 22
     [0.14019705662259915, 1.0, 0.09467650845198895]
     [0.14019705662259915, 1.0, 0.09467650845198895]
     [0.14019705662259915, 1.0, 0.09467650845198895]
     [0.14019705662259915, 1.0, 0.09467650845198895]
     [0.14019705662259915, 1.0, 0.09467650845198895]
     [0.14019705662259915, 1.0, 0.09467650845198895]
     [0.14019705662259915, 1.0, 0.09467650845198895]
     [0.14019705662259915, 1.0, 0.09467650845198895]
     [0.14019705662259915, 1.0, 0.09467650845198895]
     [0.14019705662259915, 1.0, 0.09467650845198895]

Gen: 23
     [0.14019705662259915, 1.0, 0.09467650845198895]
     [0.14019705662259915, 1.0, 0.09467650845198895]
     [0.14019705662259915, 1.0, 0.09467650845198895]
     [0.14019705662259915, 1.0, 0.09467650845198895]
     [0.14019705662259915, 1.0, 0.09467650845198895]
     [0.14019705662259915, 1.0, 0.09467650845198895]
     [0.14019705662259915, 1.0, 0.09467650845198895]
     [0.14019705662259915, 1.0, 0.09467650845198895]
     [0.14019705662259915, 1.0, 0.09467650845198895]
     [0.14019705662259915, 1.0, 0.09467650845198895]

Gen: 24
     [0.14019705662259915, 1.0, 0.09467650845198895]
     [0.14019705662259915, 1.0, 0.09467650845198895]
     [0.14019705662259915, 1.0, 0.09467650845198895]
     [0.14019705662259915, 1.0, 0.09467650845198895]
     [0.14019705662259915, 1.0, 0.09467650845198895]
     [0.14019705662259915, 1.0, 0.09467650845198895]
     [0.14019705662259915, 1.0, 0.09467650845198895]
     [0.14019705662259915, 1.0, 0.09467650845198895]
     [0.14019705662259915, 1.0, 0.09467650845198895]
     [0.14019705662259915, 1.0, 0.09467650845198895]

Gen: 25
     [0.14019705662259915, 1.0, 0.09467650845198895]
     [0.14019705662259915, 1.0, 0.09467650845198895]
     [0.14019705662259915, 1.0, 0.09467650845198895]
     [0.14019705662259915, 1.0, 0.09467650845198895]
     [0.14019705662259915, 1.0, 0.09467650845198895]
     [0.14019705662259915, 1.0, 0.09467650845198895]
     [0.14019705662259915, 1.0, 0.09467650845198895]
     [0.14019705662259915, 1.0, 0.09467650845198895]
     [0.14019705662259915, 1.0, 0.09467650845198895]
     [0.14019705662259915, 1.0, 0.09467650845198895]

Gen: 26
     [0.14019705662259915, 1.0, 0.09467650845198895]
     [0.14019705662259915, 1.0, 0.09467650845198895]
     [0.14019705662259915, 1.0, 0.09467650845198895]
     [0.14019705662259915, 1.0, 0.09467650845198895]
     [0.14019705662259915, 1.0, 0.09467650845198895]
     [0.14019705662259915, 1.0, 0.09467650845198895]
     [0.14019705662259915, 1.0, 0.09467650845198895]
     [0.14019705662259915, 1.0, 0.09467650845198895]
     [0.14019705662259915, 1.0, 0.09467650845198895]
     [0.14019705662259915, 1.0, 0.09467650845198895]

Gen: 27
     [0.14019705662259915, 1.0, 0.09467650845198895]
     [0.14019705662259915, 1.0, 0.09467650845198895]
     [0.14019705662259915, 1.0, 0.09467650845198895]
     [0.14019705662259915, 1.0, 0.09467650845198895]
     [0.14019705662259915, 1.0, 0.09467650845198895]
     [0.14019705662259915, 1.0, 0.09467650845198895]
     [0.14019705662259915, 1.0, 0.09467650845198895]
     [0.14019705662259915, 1.0, 0.09467650845198895]
     [0.14019705662259915, 1.0, 0.09467650845198895]
     [0.14019705662259915, 1.0, 0.09467650845198895]

Gen: 28
     [0.14019705662259915, 1.0, 0.09467650845198895]
     [0.14019705662259915, 1.0, 0.09467650845198895]
     [0.14019705662259915, 1.0, 0.09467650845198895]
     [0.14019705662259915, 1.0, 0.09467650845198895]
     [0.14019705662259915, 1.0, 0.09467650845198895]
     [0.14019705662259915, 1.0, 0.09467650845198895]
     [0.14019705662259915, 1.0, 0.09467650845198895]
     [0.14019705662259915, 1.0, 0.09467650845198895]
     [0.14019705662259915, 1.0, 0.09467650845198895]
     [0.14019705662259915, 1.0, 0.09467650845198895]

Gen: 29
     [0.14019705662259915, 1.0, 0.09467650845198895]
     [0.14019705662259915, 1.0, 0.09467650845198895]
     [0.14019705662259915, 1.0, 0.09467650845198895]
     [0.14019705662259915, 1.0, 0.09467650845198895]
     [0.14019705662259915, 1.0, 0.09467650845198895]
     [0.14019705662259915, 1.0, 0.09467650845198895]
     [0.14019705662259915, 1.0, 0.09467650845198895]
     [0.14019705662259915, 1.0, 0.09467650845198895]
     [0.14019705662259915, 1.0, 0.09467650845198895]
     [0.14019705662259915, 1.0, 0.09467650845198895]

Gen: 30
     [0.14019705662259915, 1.0, 0.09467650845198895]
     [0.14019705662259915, 1.0, 0.09467650845198895]
     [0.14019705662259915, 1.0, 0.09467650845198895]
     [0.14019705662259915, 1.0, 0.09467650845198895]
     [0.14019705662259915, 1.0, 0.09467650845198895]
     [0.14019705662259915, 1.0, 0.09467650845198895]
     [0.14019705662259915, 1.0, 0.09467650845198895]
     [0.14019705662259915, 1.0, 0.09467650845198895]
     [0.14019705662259915, 1.0, 0.09467650845198895]
     [0.14019705662259915, 1.0, 0.09467650845198895]

Gen: 31
     [0.14019705662259915, 1.0, 0.09467650845198895]
     [0.14019705662259915, 1.0, 0.09467650845198895]
     [0.14019705662259915, 1.0, 0.09467650845198895]
     [0.14019705662259915, 1.0, 0.09467650845198895]
     [0.14019705662259915, 1.0, 0.09467650845198895]
     [0.14019705662259915, 1.0, 0.09467650845198895]
     [0.14019705662259915, 1.0, 0.09467650845198895]
     [0.14019705662259915, 1.0, 0.09467650845198895]
     [0.14019705662259915, 1.0, 0.09467650845198895]
     [0.14019705662259915, 1.0, 0.09467650845198895]

Gen: 32
     [0.14019705662259915, 1.0, 0.09467650845198895]
     [0.14019705662259915, 1.0, 0.09467650845198895]
     [0.14019705662259915, 1.0, 0.09467650845198895]
     [0.14019705662259915, 1.0, 0.09467650845198895]
     [0.14019705662259915, 1.0, 0.09467650845198895]
     [0.14019705662259915, 1.0, 0.09467650845198895]
     [0.14019705662259915, 1.0, 0.09467650845198895]
     [0.14019705662259915, 1.0, 0.09467650845198895]
     [0.14019705662259915, 1.0, 0.09467650845198895]
     [0.14019705662259915, 1.0, 0.09467650845198895]

Gen: 33
     [0.14019705662259915, 1.0, 0.09467650845198895]
     [0.14019705662259915, 1.0, 0.09467650845198895]
     [0.14019705662259915, 1.0, 0.09467650845198895]
     [0.14019705662259915, 1.0, 0.09467650845198895]
     [0.14019705662259915, 1.0, 0.09467650845198895]
     [0.14019705662259915, 1.0, 0.09467650845198895]
     [0.14019705662259915, 1.0, 0.09467650845198895]
     [0.14019705662259915, 1.0, 0.09467650845198895]
     [0.14019705662259915, 1.0, 0.09467650845198895]
     [0.14019705662259915, 1.0, 0.09467650845198895]

Gen: 34
     [0.14019705662259915, 1.0, 0.09467650845198895]
     [0.14019705662259915, 1.0, 0.09467650845198895]
     [0.14019705662259915, 1.0, 0.09467650845198895]
     [0.14019705662259915, 1.0, 0.09467650845198895]
     [0.14019705662259915, 1.0, 0.09467650845198895]
     [0.14019705662259915, 1.0, 0.09467650845198895]
     [0.14019705662259915, 1.0, 0.09467650845198895]
     [0.14019705662259915, 1.0, 0.09467650845198895]
     [0.14019705662259915, 1.0, 0.09467650845198895]
     [0.14019705662259915, 1.0, 0.09467650845198895]

Gen: 35
     [0.14019705662259915, 1.0, 0.09467650845198895]
     [0.14019705662259915, 1.0, 0.09467650845198895]
     [0.14019705662259915, 1.0, 0.09467650845198895]
     [0.14019705662259915, 1.0, 0.09467650845198895]
     [0.14019705662259915, 1.0, 0.09467650845198895]
     [0.14019705662259915, 1.0, 0.09467650845198895]
     [0.14019705662259915, 1.0, 0.09467650845198895]
     [0.14019705662259915, 1.0, 0.09467650845198895]
     [0.14019705662259915, 1.0, 0.09467650845198895]
     [0.14019705662259915, 1.0, 0.09467650845198895]

Gen: 36
     [0.14019705662259915, 1.0, 0.09467650845198895]
     [0.14019705662259915, 1.0, 0.09467650845198895]
     [0.14019705662259915, 1.0, 0.09467650845198895]
     [0.14019705662259915, 1.0, 0.09467650845198895]
     [0.14019705662259915, 1.0, 0.09467650845198895]
     [0.14019705662259915, 1.0, 0.09467650845198895]
     [0.14019705662259915, 1.0, 0.09467650845198895]
     [0.14019705662259915, 1.0, 0.09467650845198895]
     [0.14019705662259915, 1.0, 0.09467650845198895]
     [0.14019705662259915, 1.0, 0.09467650845198895]

Gen: 37
     [0.14019705662259915, 1.0, 0.09467650845198895]
     [0.14019705662259915, 1.0, 0.09467650845198895]
     [0.14019705662259915, 1.0, 0.09467650845198895]
     [0.14019705662259915, 1.0, 0.09467650845198895]
     [0.14019705662259915, 1.0, 0.09467650845198895]
     [0.14019705662259915, 1.0, 0.09467650845198895]
     [0.14019705662259915, 1.0, 0.09467650845198895]
     [0.14019705662259915, 1.0, 0.09467650845198895]
     [0.14019705662259915, 1.0, 0.09467650845198895]
     [0.14019705662259915, 1.0, 0.09467650845198895]

Gen: 38
     [0.14019705662259915, 1.0, 0.09467650845198895]
     [0.14019705662259915, 1.0, 0.09467650845198895]
     [0.14019705662259915, 1.0, 0.09467650845198895]
     [0.14019705662259915, 1.0, 0.09467650845198895]
     [0.14019705662259915, 1.0, 0.09467650845198895]
     [0.14019705662259915, 1.0, 0.09467650845198895]
     [0.14019705662259915, 1.0, 0.09467650845198895]
     [0.14019705662259915, 1.0, 0.09467650845198895]
     [0.14019705662259915, 1.0, 0.09467650845198895]
     [0.14019705662259915, 1.0, 0.09467650845198895]

Gen: 39
     [0.14019705662259915, 1.0, 0.09467650845198895]
     [0.14019705662259915, 1.0, 0.09467650845198895]
     [0.14019705662259915, 1.0, 0.09467650845198895]
     [0.14019705662259915, 1.0, 0.09467650845198895]
     [0.14019705662259915, 1.0, 0.09467650845198895]
     [0.14019705662259915, 1.0, 0.09467650845198895]
     [0.14019705662259915, 1.0, 0.09467650845198895]
     [0.14019705662259915, 1.0, 0.09467650845198895]
     [0.14019705662259915, 1.0, 0.09467650845198895]
     [0.14019705662259915, 1.0, 0.09467650845198895]

Gen: 40
     [0.14019705662259915, 1.0, 0.09467650845198895]
     [0.14019705662259915, 1.0, 0.09467650845198895]
     [0.14019705662259915, 1.0, 0.09467650845198895]
     [0.14019705662259915, 1.0, 0.09467650845198895]
     [0.14019705662259915, 1.0, 0.09467650845198895]
     [0.14019705662259915, 1.0, 0.09467650845198895]
     [0.14019705662259915, 1.0, 0.09467650845198895]
     [0.14019705662259915, 1.0, 0.09467650845198895]
     [0.14019705662259915, 1.0, 0.09467650845198895]
     [0.14019705662259915, 1.0, 0.09467650845198895]

Gen: 41
     [0.14019705662259915, 1.0, 0.09467650845198895]
     [0.14019705662259915, 1.0, 0.09467650845198895]
     [0.14019705662259915, 1.0, 0.09467650845198895]
     [0.14019705662259915, 1.0, 0.09467650845198895]
     [0.14019705662259915, 1.0, 0.09467650845198895]
     [0.14019705662259915, 1.0, 0.09467650845198895]
     [0.14019705662259915, 1.0, 0.09467650845198895]
     [0.14019705662259915, 1.0, 0.09467650845198895]
     [0.14019705662259915, 1.0, 0.09467650845198895]
     [0.14019705662259915, 1.0, 0.09467650845198895]

Gen: 42
     [0.14019705662259915, 1.0, 0.09467650845198895]
     [0.14019705662259915, 1.0, 0.09467650845198895]
     [0.14019705662259915, 1.0, 0.09467650845198895]
     [0.14019705662259915, 1.0, 0.09467650845198895]
     [0.14019705662259915, 1.0, 0.09467650845198895]
     [0.14019705662259915, 1.0, 0.09467650845198895]
     [0.14019705662259915, 1.0, 0.09467650845198895]
     [0.14019705662259915, 1.0, 0.09467650845198895]
     [0.14019705662259915, 1.0, 0.09467650845198895]
     [0.14019705662259915, 1.0, 0.09467650845198895]

Gen: 43
     [0.14019705662259915, 1.0, 0.09467650845198895]
     [0.14019705662259915, 1.0, 0.09467650845198895]
     [0.14019705662259915, 1.0, 0.09467650845198895]
     [0.14019705662259915, 1.0, 0.09467650845198895]
     [0.14019705662259915, 1.0, 0.09467650845198895]
     [0.14019705662259915, 1.0, 0.09467650845198895]
     [0.14019705662259915, 1.0, 0.09467650845198895]
     [0.14019705662259915, 1.0, 0.09467650845198895]
     [0.14019705662259915, 1.0, 0.09467650845198895]
     [0.14019705662259915, 1.0, 0.09467650845198895]

Gen: 44
     [0.14019705662259915, 1.0, 0.09467650845198895]
     [0.14019705662259915, 1.0, 0.09467650845198895]
     [0.14019705662259915, 1.0, 0.09467650845198895]
     [0.14019705662259915, 1.0, 0.09467650845198895]
     [0.14019705662259915, 1.0, 0.09467650845198895]
     [0.14019705662259915, 1.0, 0.09467650845198895]
     [0.14019705662259915, 1.0, 0.09467650845198895]
     [0.14019705662259915, 1.0, 0.09467650845198895]
     [0.14019705662259915, 1.0, 0.09467650845198895]
     [0.14019705662259915, 1.0, 0.09467650845198895]

Gen: 45
     [0.14019705662259915, 1.0, 0.09467650845198895]
     [0.14019705662259915, 1.0, 0.09467650845198895]
     [0.14019705662259915, 1.0, 0.09467650845198895]
     [0.14019705662259915, 1.0, 0.09467650845198895]
     [0.14019705662259915, 1.0, 0.09467650845198895]
     [0.14019705662259915, 1.0, 0.09467650845198895]
     [0.14019705662259915, 1.0, 0.09467650845198895]
     [0.14019705662259915, 1.0, 0.09467650845198895]
     [0.14019705662259915, 1.0, 0.09467650845198895]
     [0.14019705662259915, 1.0, 0.09467650845198895]

Gen: 46
     [0.14019705662259915, 1.0, 0.09467650845198895]
     [0.14019705662259915, 1.0, 0.09467650845198895]
     [0.14019705662259915, 1.0, 0.09467650845198895]
     [0.14019705662259915, 1.0, 0.09467650845198895]
     [0.14019705662259915, 1.0, 0.09467650845198895]
     [0.14019705662259915, 1.0, 0.09467650845198895]
     [0.14019705662259915, 1.0, 0.09467650845198895]
     [0.14019705662259915, 1.0, 0.09467650845198895]
     [0.14019705662259915, 1.0, 0.09467650845198895]
     [0.14019705662259915, 1.0, 0.09467650845198895]

Gen: 47
     [0.14019705662259915, 1.0, 0.09467650845198895]
     [0.14019705662259915, 1.0, 0.09467650845198895]
     [0.14019705662259915, 1.0, 0.09467650845198895]
     [0.14019705662259915, 1.0, 0.09467650845198895]
     [0.14019705662259915, 1.0, 0.09467650845198895]
     [0.14019705662259915, 1.0, 0.09467650845198895]
     [0.14019705662259915, 1.0, 0.09467650845198895]
     [0.14019705662259915, 1.0, 0.09467650845198895]
     [0.14019705662259915, 1.0, 0.09467650845198895]
     [0.14019705662259915, 1.0, 0.09467650845198895]

Gen: 48
     [0.14019705662259915, 1.0, 0.09467650845198895]
     [0.14019705662259915, 1.0, 0.09467650845198895]
     [0.14019705662259915, 1.0, 0.09467650845198895]
     [0.14019705662259915, 1.0, 0.09467650845198895]
     [0.14019705662259915, 1.0, 0.09467650845198895]
     [0.14019705662259915, 1.0, 0.09467650845198895]
     [0.14019705662259915, 1.0, 0.09467650845198895]
     [0.14019705662259915, 1.0, 0.09467650845198895]
     [0.14019705662259915, 1.0, 0.09467650845198895]
     [0.14019705662259915, 1.0, 0.09467650845198895]

Gen: 49
     [0.14019705662259915, 1.0, 0.09467650845198895]
     [0.14019705662259915, 1.0, 0.09467650845198895]
     [0.14019705662259915, 1.0, 0.09467650845198895]
     [0.14019705662259915, 1.0, 0.09467650845198895]
     [0.14019705662259915, 1.0, 0.09467650845198895]
     [0.14019705662259915, 1.0, 0.09467650845198895]
     [0.14019705662259915, 1.0, 0.09467650845198895]
     [0.14019705662259915, 1.0, 0.09467650845198895]
     [0.14019705662259915, 1.0, 0.09467650845198895]
     [0.14019705662259915, 1.0, 0.09467650845198895]

Gen: 50
     [0.14019705662259915, 1.0, 0.09467650845198895]
     [0.14019705662259915, 1.0, 0.09467650845198895]
     [0.14019705662259915, 1.0, 0.09467650845198895]
     [0.14019705662259915, 1.0, 0.09467650845198895]
     [0.14019705662259915, 1.0, 0.09467650845198895]
     [0.14019705662259915, 1.0, 0.09467650845198895]
     [0.14019705662259915, 1.0, 0.09467650845198895]
     [0.14019705662259915, 1.0, 0.09467650845198895]
     [0.14019705662259915, 1.0, 0.09467650845198895]
     [0.14019705662259915, 1.0, 0.09467650845198895]

Gen: 51
     [0.14019705662259915, 1.0, 0.09467650845198895]
     [0.14019705662259915, 1.0, 0.09467650845198895]
     [0.14019705662259915, 1.0, 0.09467650845198895]
     [0.14019705662259915, 1.0, 0.09467650845198895]
     [0.14019705662259915, 1.0, 0.09467650845198895]
     [0.14019705662259915, 1.0, 0.09467650845198895]
     [0.14019705662259915, 1.0, 0.09467650845198895]
     [0.14019705662259915, 1.0, 0.09467650845198895]
     [0.14019705662259915, 1.0, 0.09467650845198895]
     [0.14019705662259915, 1.0, 0.09467650845198895]

Gen: 52
     [0.14019705662259915, 1.0, 0.09467650845198895]
     [0.14019705662259915, 1.0, 0.09467650845198895]
     [0.14019705662259915, 1.0, 0.09467650845198895]
     [0.14019705662259915, 1.0, 0.09467650845198895]
     [0.14019705662259915, 1.0, 0.09467650845198895]
     [0.14019705662259915, 1.0, 0.09467650845198895]
     [0.14019705662259915, 1.0, 0.09467650845198895]
     [0.14019705662259915, 1.0, 0.09467650845198895]
     [0.14019705662259915, 1.0, 0.09467650845198895]
     [0.14019705662259915, 1.0, 0.09467650845198895]

Gen: 53
     [0.14019705662259915, 1.0, 0.09467650845198895]
     [0.14019705662259915, 1.0, 0.09467650845198895]
     [0.14019705662259915, 1.0, 0.09467650845198895]
     [0.14019705662259915, 1.0, 0.09467650845198895]
     [0.14019705662259915, 1.0, 0.09467650845198895]
     [0.14019705662259915, 1.0, 0.09467650845198895]
     [0.14019705662259915, 1.0, 0.09467650845198895]
     [0.14019705662259915, 1.0, 0.09467650845198895]
     [0.14019705662259915, 1.0, 0.09467650845198895]
     [0.14019705662259915, 1.0, 0.09467650845198895]

Gen: 54
     [0.14019705662259915, 1.0, 0.09467650845198895]
     [0.14019705662259915, 1.0, 0.09467650845198895]
     [0.14019705662259915, 1.0, 0.09467650845198895]
     [0.14019705662259915, 1.0, 0.09467650845198895]
     [0.14019705662259915, 1.0, 0.09467650845198895]
     [0.14019705662259915, 1.0, 0.09467650845198895]
     [0.14019705662259915, 1.0, 0.09467650845198895]
     [0.14019705662259915, 1.0, 0.09467650845198895]
     [0.14019705662259915, 1.0, 0.09467650845198895]
     [0.14019705662259915, 1.0, 0.09467650845198895]

Gen: 55
     [0.14019705662259915, 1.0, 0.09467650845198895]
     [0.14019705662259915, 1.0, 0.09467650845198895]
     [0.14019705662259915, 1.0, 0.09467650845198895]
     [0.14019705662259915, 1.0, 0.09467650845198895]
     [0.14019705662259915, 1.0, 0.09467650845198895]
     [0.14019705662259915, 1.0, 0.09467650845198895]
     [0.14019705662259915, 1.0, 0.09467650845198895]
     [0.14019705662259915, 1.0, 0.09467650845198895]
     [0.14019705662259915, 1.0, 0.09467650845198895]
     [0.14019705662259915, 1.0, 0.09467650845198895]

Gen: 56
     [0.14019705662259915, 1.0, 0.09467650845198895]
     [0.14019705662259915, 1.0, 0.09467650845198895]
     [0.14019705662259915, 1.0, 0.09467650845198895]
     [0.14019705662259915, 1.0, 0.09467650845198895]
     [0.14019705662259915, 1.0, 0.09467650845198895]
     [0.14019705662259915, 1.0, 0.09467650845198895]
     [0.14019705662259915, 1.0, 0.09467650845198895]
     [0.14019705662259915, 1.0, 0.09467650845198895]
     [0.14019705662259915, 1.0, 0.09467650845198895]
     [0.14019705662259915, 1.0, 0.09467650845198895]

Gen: 57
     [0.14019705662259915, 1.0, 0.09467650845198895]
     [0.14019705662259915, 1.0, 0.09467650845198895]
     [0.14019705662259915, 1.0, 0.09467650845198895]
     [0.14019705662259915, 1.0, 0.09467650845198895]
     [0.14019705662259915, 1.0, 0.09467650845198895]
     [0.14019705662259915, 1.0, 0.09467650845198895]
     [0.14019705662259915, 1.0, 0.09467650845198895]
     [0.14019705662259915, 1.0, 0.09467650845198895]
     [0.14019705662259915, 1.0, 0.09467650845198895]
     [0.14019705662259915, 1.0, 0.09467650845198895]

Gen: 58
     [0.14019705662259915, 1.0, 0.09467650845198895]
     [0.14019705662259915, 1.0, 0.09467650845198895]
     [0.14019705662259915, 1.0, 0.09467650845198895]
     [0.14019705662259915, 1.0, 0.09467650845198895]
     [0.14019705662259915, 1.0, 0.09467650845198895]
     [0.14019705662259915, 1.0, 0.09467650845198895]
     [0.14019705662259915, 1.0, 0.09467650845198895]
     [0.14019705662259915, 1.0, 0.09467650845198895]
     [0.14019705662259915, 1.0, 0.09467650845198895]
     [0.14019705662259915, 1.0, 0.09467650845198895]

Gen: 59
     [0.14019705662259915, 1.0, 0.09467650845198895]
     [0.14019705662259915, 1.0, 0.09467650845198895]
     [0.14019705662259915, 1.0, 0.09467650845198895]
     [0.14019705662259915, 1.0, 0.09467650845198895]
     [0.14019705662259915, 1.0, 0.09467650845198895]
     [0.14019705662259915, 1.0, 0.09467650845198895]
     [0.14019705662259915, 1.0, 0.09467650845198895]
     [0.14019705662259915, 1.0, 0.09467650845198895]
     [0.14019705662259915, 1.0, 0.09467650845198895]
     [0.14019705662259915, 1.0, 0.09467650845198895]

Gen: 60
     [0.14019705662259915, 1.0, 0.09467650845198895]
     [0.14019705662259915, 1.0, 0.09467650845198895]
     [0.14019705662259915, 1.0, 0.09467650845198895]
     [0.14019705662259915, 1.0, 0.09467650845198895]
     [0.14019705662259915, 1.0, 0.09467650845198895]
     [0.14019705662259915, 1.0, 0.09467650845198895]
     [0.14019705662259915, 1.0, 0.09467650845198895]
     [0.14019705662259915, 1.0, 0.09467650845198895]
     [0.14019705662259915, 1.0, 0.09467650845198895]
     [0.14019705662259915, 1.0, 0.09467650845198895]

Gen: 61
     [0.14019705662259915, 1.0, 0.09467650845198895]
     [0.14019705662259915, 1.0, 0.09467650845198895]
     [0.14019705662259915, 1.0, 0.09467650845198895]
     [0.14019705662259915, 1.0, 0.09467650845198895]
     [0.14019705662259915, 1.0, 0.09467650845198895]
     [0.14019705662259915, 1.0, 0.09467650845198895]
     [0.14019705662259915, 1.0, 0.09467650845198895]
     [0.14019705662259915, 1.0, 0.09467650845198895]
     [0.14019705662259915, 1.0, 0.09467650845198895]
     [0.14019705662259915, 1.0, 0.09467650845198895]

Gen: 62
     [0.14019705662259915, 1.0, 0.09467650845198895]
     [0.14019705662259915, 1.0, 0.09467650845198895]
     [0.14019705662259915, 1.0, 0.09467650845198895]
     [0.14019705662259915, 1.0, 0.09467650845198895]
     [0.14019705662259915, 1.0, 0.09467650845198895]
     [0.14019705662259915, 1.0, 0.09467650845198895]
     [0.14019705662259915, 1.0, 0.09467650845198895]
     [0.14019705662259915, 1.0, 0.09467650845198895]
     [0.14019705662259915, 1.0, 0.09467650845198895]
     [0.14019705662259915, 1.0, 0.09467650845198895]

Gen: 63
     [0.14019705662259915, 1.0, 0.09467650845198895]
     [0.14019705662259915, 1.0, 0.09467650845198895]
     [0.14019705662259915, 1.0, 0.09467650845198895]
     [0.14019705662259915, 1.0, 0.09467650845198895]
     [0.14019705662259915, 1.0, 0.09467650845198895]
     [0.14019705662259915, 1.0, 0.09467650845198895]
     [0.14019705662259915, 1.0, 0.09467650845198895]
     [0.14019705662259915, 1.0, 0.09467650845198895]
     [0.14019705662259915, 1.0, 0.09467650845198895]
     [0.14019705662259915, 1.0, 0.09467650845198895]

Gen: 64
     [0.14019705662259915, 1.0, 0.09467650845198895]
     [0.14019705662259915, 1.0, 0.09467650845198895]
     [0.14019705662259915, 1.0, 0.09467650845198895]
     [0.14019705662259915, 1.0, 0.09467650845198895]
     [0.14019705662259915, 1.0, 0.09467650845198895]
     [0.14019705662259915, 1.0, 0.09467650845198895]
     [0.14019705662259915, 1.0, 0.09467650845198895]
     [0.14019705662259915, 1.0, 0.09467650845198895]
     [0.14019705662259915, 1.0, 0.09467650845198895]
     [0.14019705662259915, 1.0, 0.09467650845198895]

Gen: 65
     [0.14019705662259915, 1.0, 0.09467650845198895]
     [0.14019705662259915, 1.0, 0.09467650845198895]
     [0.14019705662259915, 1.0, 0.09467650845198895]
     [0.14019705662259915, 1.0, 0.09467650845198895]
     [0.14019705662259915, 1.0, 0.09467650845198895]
     [0.14019705662259915, 1.0, 0.09467650845198895]
     [0.14019705662259915, 1.0, 0.09467650845198895]
     [0.14019705662259915, 1.0, 0.09467650845198895]
     [0.14019705662259915, 1.0, 0.09467650845198895]
     [0.14019705662259915, 1.0, 0.09467650845198895]

Gen: 66
     [0.14019705662259915, 1.0, 0.09467650845198895]
     [0.14019705662259915, 1.0, 0.09467650845198895]
     [0.14019705662259915, 1.0, 0.09467650845198895]
     [0.14019705662259915, 1.0, 0.09467650845198895]
     [0.14019705662259915, 1.0, 0.09467650845198895]
     [0.14019705662259915, 1.0, 0.09467650845198895]
     [0.14019705662259915, 1.0, 0.09467650845198895]
     [0.14019705662259915, 1.0, 0.09467650845198895]
     [0.14019705662259915, 1.0, 0.09467650845198895]
     [0.14019705662259915, 1.0, 0.09467650845198895]

Gen: 67
     [0.14019705662259915, 1.0, 0.09467650845198895]
     [0.14019705662259915, 1.0, 0.09467650845198895]
     [0.14019705662259915, 1.0, 0.09467650845198895]
     [0.14019705662259915, 1.0, 0.09467650845198895]
     [0.14019705662259915, 1.0, 0.09467650845198895]
     [0.14019705662259915, 1.0, 0.09467650845198895]
     [0.14019705662259915, 1.0, 0.09467650845198895]
     [0.14019705662259915, 1.0, 0.09467650845198895]
     [0.14019705662259915, 1.0, 0.09467650845198895]
     [0.14019705662259915, 1.0, 0.09467650845198895]

Gen: 68
     [0.14019705662259915, 1.0, 0.09467650845198895]
     [0.14019705662259915, 1.0, 0.09467650845198895]
     [0.14019705662259915, 1.0, 0.09467650845198895]
     [0.14019705662259915, 1.0, 0.09467650845198895]
     [0.14019705662259915, 1.0, 0.09467650845198895]
     [0.14019705662259915, 1.0, 0.09467650845198895]
     [0.14019705662259915, 1.0, 0.09467650845198895]
     [0.14019705662259915, 1.0, 0.09467650845198895]
     [0.14019705662259915, 1.0, 0.09467650845198895]
     [0.14019705662259915, 1.0, 0.09467650845198895]

