Gen: 2
     [0.14390481143341424, 0.46599538276423885, 0.044231183027068896]
     [0.13683918230029404, 0.4951495995900908, 0.054358709529342575]
     [0.13721958986607086, 0.4941363408694451, 0.049501513390999986]
     [0.14570733335901487, 0.4544292647541408, 0.045898064867811394]
     [0.12105146577294965, 0.5497158845575917, 0.05139217627060292]
     [0.11868395033193369, 0.606118700956263, 0.05769534219850526]
     [0.1140901678287556, 0.5981911028975745, 0.061373384401314]
     [0.11874815414050362, 0.5440047899503158, 0.05377630503076989]

Gen: 3
     [0.14390481143341424, 0.46599538276423885, 0.044231183027068896]
     [0.13683918230029404, 0.4951495995900908, 0.054358709529342575]
     [0.11153325115245837, 0.72568898714428, 0.06553915450933138]
     [0.13721958986607086, 0.4941363408694451, 0.049501513390999986]
     [0.14570733335901487, 0.4544292647541408, 0.045898064867811394]
     [0.12105146577294965, 0.5497158845575917, 0.05139217627060292]
     [0.11868395033193369, 0.606118700956263, 0.05769534219850526]
     [0.14546175379123488, 0.46116513238570617, 0.04718910932277546]
     [0.1140901678287556, 0.5981911028975745, 0.061373384401314]
     [0.11874815414050362, 0.5440047899503158, 0.05377630503076989]

Gen: 4
     [0.14390481143341424, 0.46599538276423885, 0.044231183027068896]
     [0.13683918230029404, 0.4951495995900908, 0.054358709529342575]
     [0.12937227936361184, 0.5062148453916878, 0.05101633888482449]
     [0.11816229438730305, 0.5814493053996327, 0.05964051584398445]
     [0.11153325115245837, 0.72568898714428, 0.06553915450933138]
     [0.13721958986607086, 0.4941363408694451, 0.049501513390999986]
     [0.14570733335901487, 0.4544292647541408, 0.045898064867811394]
     [0.12105146577294965, 0.5497158845575917, 0.05139217627060292]
     [0.11868395033193369, 0.606118700956263, 0.05769534219850526]
     [0.14546175379123488, 0.46116513238570617, 0.04718910932277546]
     [0.1140901678287556, 0.5981911028975745, 0.061373384401314]
     [0.11874815414050362, 0.5440047899503158, 0.05377630503076989]

Gen: 5
     [0.16755749451057436, 0.4109397398918807, 0.042825379064996914]
     [0.14390481143341424, 0.46599538276423885, 0.044231183027068896]
     [0.13683918230029404, 0.4951495995900908, 0.054358709529342575]
     [0.12937227936361184, 0.5062148453916878, 0.05101633888482449]
     [0.11816229438730305, 0.5814493053996327, 0.05964051584398445]
     [0.11153325115245837, 0.72568898714428, 0.06553915450933138]
     [0.13721958986607086, 0.4941363408694451, 0.049501513390999986]
     [0.14570733335901487, 0.4544292647541408, 0.045898064867811394]
     [0.12105146577294965, 0.5497158845575917, 0.05139217627060292]
     [0.11868395033193369, 0.606118700956263, 0.05769534219850526]
     [0.14546175379123488, 0.46116513238570617, 0.04718910932277546]
     [0.1140901678287556, 0.5981911028975745, 0.061373384401314]
     [0.11874815414050362, 0.5440047899503158, 0.05377630503076989]

Gen: 6
     [0.16755749451057436, 0.4109397398918807, 0.042825379064996914]
     [0.10959108594321815, 0.8101867044335826, 0.07786719456039937]
     [0.14390481143341424, 0.46599538276423885, 0.044231183027068896]
     [0.12937227936361184, 0.5062148453916878, 0.05101633888482449]
     [0.11816229438730305, 0.5814493053996327, 0.05964051584398445]
     [0.11153325115245837, 0.72568898714428, 0.06553915450933138]
     [0.13721958986607086, 0.4941363408694451, 0.049501513390999986]
     [0.13540101698832774, 0.5480117676183238, 0.050224498285779864]
     [0.11907559356421023, 0.5429800169260264, 0.05858185939091392]
     [0.14570733335901487, 0.4544292647541408, 0.045898064867811394]
     [0.12105146577294965, 0.5497158845575917, 0.05139217627060292]
     [0.11868395033193369, 0.606118700956263, 0.05769534219850526]
     [0.14546175379123488, 0.46116513238570617, 0.04718910932277546]
     [0.1257271081320544, 0.4945450986487965, 0.051739323779604364]
     [0.1140901678287556, 0.5981911028975745, 0.061373384401314]
     [0.11874815414050362, 0.5440047899503158, 0.05377630503076989]

Gen: 7
     [0.16755749451057436, 0.4109397398918807, 0.042825379064996914]
     [0.10959108594321815, 0.8101867044335826, 0.07786719456039937]
     [0.14390481143341424, 0.46599538276423885, 0.044231183027068896]
     [0.12937227936361184, 0.5062148453916878, 0.05101633888482449]
     [0.11816229438730305, 0.5814493053996327, 0.05964051584398445]
     [0.11153325115245837, 0.72568898714428, 0.06553915450933138]
     [0.13721958986607086, 0.4941363408694451, 0.049501513390999986]
     [0.13540101698832774, 0.5480117676183238, 0.050224498285779864]
     [0.11907559356421023, 0.5429800169260264, 0.05858185939091392]
     [0.14570733335901487, 0.4544292647541408, 0.045898064867811394]
     [0.12105146577294965, 0.5497158845575917, 0.05139217627060292]
     [0.11868395033193369, 0.606118700956263, 0.05769534219850526]
     [0.14546175379123488, 0.46116513238570617, 0.04718910932277546]
     [0.1257271081320544, 0.4945450986487965, 0.051739323779604364]
     [0.1140901678287556, 0.5981911028975745, 0.061373384401314]
     [0.11874815414050362, 0.5440047899503158, 0.05377630503076989]

Gen: 8
     [0.16755749451057436, 0.4109397398918807, 0.042825379064996914]
     [0.10959108594321815, 0.8101867044335826, 0.07786719456039937]
     [0.14390481143341424, 0.46599538276423885, 0.044231183027068896]
     [0.12937227936361184, 0.5062148453916878, 0.05101633888482449]
     [0.11816229438730305, 0.5814493053996327, 0.05964051584398445]
     [0.11153325115245837, 0.72568898714428, 0.06553915450933138]
     [0.13721958986607086, 0.4941363408694451, 0.049501513390999986]
     [0.13540101698832774, 0.5480117676183238, 0.050224498285779864]
     [0.12352652259332024, 0.5301588398187649, 0.06267303581931116]
     [0.11907559356421023, 0.5429800169260264, 0.05858185939091392]
     [0.14570733335901487, 0.4544292647541408, 0.045898064867811394]
     [0.14518728250959848, 0.4645330662014888, 0.045370171135114976]
     [0.12105146577294965, 0.5497158845575917, 0.05139217627060292]
     [0.11868395033193369, 0.606118700956263, 0.05769534219850526]
     [0.14546175379123488, 0.46116513238570617, 0.04718910932277546]
     [0.116085301180066, 0.550245542525202, 0.05985568991981179]
     [0.1257271081320544, 0.4945450986487965, 0.051739323779604364]
     [0.1140901678287556, 0.5981911028975745, 0.061373384401314]
     [0.11874815414050362, 0.5440047899503158, 0.05377630503076989]

Gen: 9
     [0.16755749451057436, 0.4109397398918807, 0.042825379064996914]
     [0.10959108594321815, 0.8101867044335826, 0.07786719456039937]
     [0.14390481143341424, 0.46599538276423885, 0.044231183027068896]
     [0.12937227936361184, 0.5062148453916878, 0.05101633888482449]
     [0.11816229438730305, 0.5814493053996327, 0.05964051584398445]
     [0.11153325115245837, 0.72568898714428, 0.06553915450933138]
     [0.13721958986607086, 0.4941363408694451, 0.049501513390999986]
     [0.13540101698832774, 0.5480117676183238, 0.050224498285779864]
     [0.12352652259332024, 0.5301588398187649, 0.06267303581931116]
     [0.11907559356421023, 0.5429800169260264, 0.05858185939091392]
     [0.14570733335901487, 0.4544292647541408, 0.045898064867811394]
     [0.14518728250959848, 0.4645330662014888, 0.045370171135114976]
     [0.12105146577294965, 0.5497158845575917, 0.05139217627060292]
     [0.11868395033193369, 0.606118700956263, 0.05769534219850526]
     [0.14546175379123488, 0.46116513238570617, 0.04718910932277546]
     [0.116085301180066, 0.550245542525202, 0.05985568991981179]
     [0.1257271081320544, 0.4945450986487965, 0.051739323779604364]
     [0.1140901678287556, 0.5981911028975745, 0.061373384401314]
     [0.11874815414050362, 0.5440047899503158, 0.05377630503076989]

Gen: 10
     [0.16755749451057436, 0.4109397398918807, 0.042825379064996914]
     [0.10959108594321815, 0.8101867044335826, 0.07786719456039937]
     [0.14390481143341424, 0.46599538276423885, 0.044231183027068896]
     [0.12937227936361184, 0.5062148453916878, 0.05101633888482449]
     [0.11816229438730305, 0.5814493053996327, 0.05964051584398445]
     [0.11153325115245837, 0.72568898714428, 0.06553915450933138]
     [0.13721958986607086, 0.4941363408694451, 0.049501513390999986]
     [0.13540101698832774, 0.5480117676183238, 0.050224498285779864]
     [0.12352652259332024, 0.5301588398187649, 0.06267303581931116]
     [0.11907559356421023, 0.5429800169260264, 0.05858185939091392]
     [0.14570733335901487, 0.4544292647541408, 0.045898064867811394]
     [0.14518728250959848, 0.4645330662014888, 0.045370171135114976]
     [0.12105146577294965, 0.5497158845575917, 0.05139217627060292]
     [0.11868395033193369, 0.606118700956263, 0.05769534219850526]
     [0.14546175379123488, 0.46116513238570617, 0.04718910932277546]
     [0.116085301180066, 0.550245542525202, 0.05985568991981179]
     [0.1257271081320544, 0.4945450986487965, 0.051739323779604364]
     [0.1140901678287556, 0.5981911028975745, 0.061373384401314]
     [0.11874815414050362, 0.5440047899503158, 0.05377630503076989]

Gen: 11
     [0.16755749451057436, 0.4109397398918807, 0.042825379064996914]
     [0.10959108594321815, 0.8101867044335826, 0.07786719456039937]
     [0.14390481143341424, 0.46599538276423885, 0.044231183027068896]
     [0.12937227936361184, 0.5062148453916878, 0.05101633888482449]
     [0.15893492301963352, 0.447750968640794, 0.04614766679577111]
     [0.11816229438730305, 0.5814493053996327, 0.05964051584398445]
     [0.11153325115245837, 0.72568898714428, 0.06553915450933138]
     [0.13721958986607086, 0.4941363408694451, 0.049501513390999986]
     [0.13540101698832774, 0.5480117676183238, 0.050224498285779864]
     [0.12352652259332024, 0.5301588398187649, 0.06267303581931116]
     [0.13321166711609334, 0.547119409085937, 0.05051426604122735]
     [0.11907559356421023, 0.5429800169260264, 0.05858185939091392]
     [0.14570733335901487, 0.4544292647541408, 0.045898064867811394]
     [0.14518728250959848, 0.4645330662014888, 0.045370171135114976]
     [0.12105146577294965, 0.5497158845575917, 0.05139217627060292]
     [0.11868395033193369, 0.606118700956263, 0.05769534219850526]
     [0.14546175379123488, 0.46116513238570617, 0.04718910932277546]
     [0.116085301180066, 0.550245542525202, 0.05985568991981179]
     [0.1257271081320544, 0.4945450986487965, 0.051739323779604364]
     [0.1140901678287556, 0.5981911028975745, 0.061373384401314]
     [0.11874815414050362, 0.5440047899503158, 0.05377630503076989]

Gen: 12
     [0.16755749451057436, 0.4109397398918807, 0.042825379064996914]
     [0.10959108594321815, 0.8101867044335826, 0.07786719456039937]
     [0.14390481143341424, 0.46599538276423885, 0.044231183027068896]
     [0.12937227936361184, 0.5062148453916878, 0.05101633888482449]
     [0.15893492301963352, 0.447750968640794, 0.04614766679577111]
     [0.11816229438730305, 0.5814493053996327, 0.05964051584398445]
     [0.12624876407668503, 0.5503261426507079, 0.04899944054740285]
     [0.11153325115245837, 0.72568898714428, 0.06553915450933138]
     [0.13721958986607086, 0.4941363408694451, 0.049501513390999986]
     [0.13540101698832774, 0.5480117676183238, 0.050224498285779864]
     [0.12352652259332024, 0.5301588398187649, 0.06267303581931116]
     [0.13321166711609334, 0.547119409085937, 0.05051426604122735]
     [0.11907559356421023, 0.5429800169260264, 0.05858185939091392]
     [0.14570733335901487, 0.4544292647541408, 0.045898064867811394]
     [0.14518728250959848, 0.4645330662014888, 0.045370171135114976]
     [0.12105146577294965, 0.5497158845575917, 0.05139217627060292]
     [0.11868395033193369, 0.606118700956263, 0.05769534219850526]
     [0.14546175379123488, 0.46116513238570617, 0.04718910932277546]
     [0.116085301180066, 0.550245542525202, 0.05985568991981179]
     [0.1257271081320544, 0.4945450986487965, 0.051739323779604364]
     [0.1140901678287556, 0.5981911028975745, 0.061373384401314]
     [0.11874815414050362, 0.5440047899503158, 0.05377630503076989]

Gen: 13
     [0.16755749451057436, 0.4109397398918807, 0.042825379064996914]
     [0.10959108594321815, 0.8101867044335826, 0.07786719456039937]
     [0.14390481143341424, 0.46599538276423885, 0.044231183027068896]
     [0.12937227936361184, 0.5062148453916878, 0.05101633888482449]
     [0.15893492301963352, 0.447750968640794, 0.04614766679577111]
     [0.11816229438730305, 0.5814493053996327, 0.05964051584398445]
     [0.12624876407668503, 0.5503261426507079, 0.04899944054740285]
     [0.11153325115245837, 0.72568898714428, 0.06553915450933138]
     [0.13721958986607086, 0.4941363408694451, 0.049501513390999986]
     [0.13540101698832774, 0.5480117676183238, 0.050224498285779864]
     [0.12352652259332024, 0.5301588398187649, 0.06267303581931116]
     [0.13321166711609334, 0.547119409085937, 0.05051426604122735]
     [0.11907559356421023, 0.5429800169260264, 0.05858185939091392]
     [0.14570733335901487, 0.4544292647541408, 0.045898064867811394]
     [0.14529161369852459, 0.44937448545455594, 0.04717763337206467]
     [0.14518728250959848, 0.4645330662014888, 0.045370171135114976]
     [0.12105146577294965, 0.5497158845575917, 0.05139217627060292]
     [0.11868395033193369, 0.606118700956263, 0.05769534219850526]
     [0.116085301180066, 0.550245542525202, 0.05985568991981179]
     [0.1257271081320544, 0.4945450986487965, 0.051739323779604364]
     [0.1140901678287556, 0.5981911028975745, 0.061373384401314]
     [0.11874815414050362, 0.5440047899503158, 0.05377630503076989]

Gen: 14
     [0.16755749451057436, 0.4109397398918807, 0.042825379064996914]
     [0.14390481143341424, 0.46599538276423885, 0.044231183027068896]
     [0.12937227936361184, 0.5062148453916878, 0.05101633888482449]
     [0.15893492301963352, 0.447750968640794, 0.04614766679577111]
     [0.12624876407668503, 0.5503261426507079, 0.04899944054740285]
     [0.13721958986607086, 0.4941363408694451, 0.049501513390999986]
     [0.13540101698832774, 0.5480117676183238, 0.050224498285779864]
     [0.10884471666859279, 0.5602514723915785, 0.054220998120813074]
     [0.12352652259332024, 0.5301588398187649, 0.06267303581931116]
     [0.13321166711609334, 0.547119409085937, 0.05051426604122735]
     [0.11907559356421023, 0.5429800169260264, 0.05858185939091392]
     [0.10396362212206428, 0.6081797613084855, 0.06149675087145501]
     [0.14570733335901487, 0.4544292647541408, 0.045898064867811394]
     [0.14529161369852459, 0.44937448545455594, 0.04717763337206467]
     [0.14518728250959848, 0.4645330662014888, 0.045370171135114976]
     [0.12105146577294965, 0.5497158845575917, 0.05139217627060292]
     [0.116085301180066, 0.550245542525202, 0.05985568991981179]
     [0.1257271081320544, 0.4945450986487965, 0.051739323779604364]
     [0.11874815414050362, 0.5440047899503158, 0.05377630503076989]

Gen: 15
     [0.16755749451057436, 0.4109397398918807, 0.042825379064996914]
     [0.14390481143341424, 0.46599538276423885, 0.044231183027068896]
     [0.12937227936361184, 0.5062148453916878, 0.05101633888482449]
     [0.15893492301963352, 0.447750968640794, 0.04614766679577111]
     [0.12624876407668503, 0.5503261426507079, 0.04899944054740285]
     [0.14220341050631125, 0.4925531241184361, 0.04473038688298834]
     [0.13721958986607086, 0.4941363408694451, 0.049501513390999986]
     [0.13540101698832774, 0.5480117676183238, 0.050224498285779864]
     [0.10884471666859279, 0.5602514723915785, 0.054220998120813074]
     [0.12352652259332024, 0.5301588398187649, 0.06267303581931116]
     [0.13321166711609334, 0.547119409085937, 0.05051426604122735]
     [0.11907559356421023, 0.5429800169260264, 0.05858185939091392]
     [0.10396362212206428, 0.6081797613084855, 0.06149675087145501]
     [0.14570733335901487, 0.4544292647541408, 0.045898064867811394]
     [0.14529161369852459, 0.44937448545455594, 0.04717763337206467]
     [0.14518728250959848, 0.4645330662014888, 0.045370171135114976]
     [0.12105146577294965, 0.5497158845575917, 0.05139217627060292]
     [0.116085301180066, 0.550245542525202, 0.05985568991981179]
     [0.1257271081320544, 0.4945450986487965, 0.051739323779604364]
     [0.11874815414050362, 0.5440047899503158, 0.05377630503076989]

Gen: 16
     [0.16755749451057436, 0.4109397398918807, 0.042825379064996914]
     [0.10884471666859279, 0.5602514723915785, 0.054220998120813074]
     [0.10396362212206428, 0.6081797613084855, 0.06149675087145501]
     [0.1133759004584152, 0.4205311548270839, 0.041442527004346516]

Gen: 17
     [0.16755749451057436, 0.4109397398918807, 0.042825379064996914]
     [0.10884471666859279, 0.5602514723915785, 0.054220998120813074]
     [0.10396362212206428, 0.6081797613084855, 0.06149675087145501]
     [0.1133759004584152, 0.4205311548270839, 0.041442527004346516]

Gen: 18
     [0.16755749451057436, 0.4109397398918807, 0.042825379064996914]
     [0.10884471666859279, 0.5602514723915785, 0.054220998120813074]
     [0.10396362212206428, 0.6081797613084855, 0.06149675087145501]
     [0.1133759004584152, 0.4205311548270839, 0.041442527004346516]

Gen: 19
     [0.16755749451057436, 0.4109397398918807, 0.042825379064996914]
     [0.10884471666859279, 0.5602514723915785, 0.054220998120813074]
     [0.10396362212206428, 0.6081797613084855, 0.06149675087145501]
     [0.1133759004584152, 0.4205311548270839, 0.041442527004346516]

Gen: 20
     [0.16755749451057436, 0.4109397398918807, 0.042825379064996914]
     [0.10884471666859279, 0.5602514723915785, 0.054220998120813074]
     [0.10396362212206428, 0.6081797613084855, 0.06149675087145501]
     [0.1133759004584152, 0.4205311548270839, 0.041442527004346516]
     [0.16705349461330046, 0.46068728878449255, 0.040906026308617005]

Gen: 21
     [0.16755749451057436, 0.4109397398918807, 0.042825379064996914]
     [0.10884471666859279, 0.5602514723915785, 0.054220998120813074]
     [0.10396362212206428, 0.6081797613084855, 0.06149675087145501]
     [0.1133759004584152, 0.4205311548270839, 0.041442527004346516]
     [0.16705349461330046, 0.46068728878449255, 0.040906026308617005]

Gen: 22
     [0.16755749451057436, 0.4109397398918807, 0.042825379064996914]
     [0.10884471666859279, 0.5602514723915785, 0.054220998120813074]
     [0.10396362212206428, 0.6081797613084855, 0.06149675087145501]
     [0.1133759004584152, 0.4205311548270839, 0.041442527004346516]
     [0.16705349461330046, 0.46068728878449255, 0.040906026308617005]

Gen: 23
     [0.16755749451057436, 0.4109397398918807, 0.042825379064996914]
     [0.10884471666859279, 0.5602514723915785, 0.054220998120813074]
     [0.10396362212206428, 0.6081797613084855, 0.06149675087145501]
     [0.1133759004584152, 0.4205311548270839, 0.041442527004346516]
     [0.16705349461330046, 0.46068728878449255, 0.040906026308617005]

Gen: 24
     [0.149415103303928, 0.38734693172593654, 0.03767267719585144]
     [0.10884471666859279, 0.5602514723915785, 0.054220998120813074]
     [0.10396362212206428, 0.6081797613084855, 0.06149675087145501]
     [0.1133759004584152, 0.4205311548270839, 0.041442527004346516]

Gen: 25
     [0.149415103303928, 0.38734693172593654, 0.03767267719585144]
     [0.13667546258844074, 0.4075775632279199, 0.03728536385936222]
     [0.10884471666859279, 0.5602514723915785, 0.054220998120813074]
     [0.10396362212206428, 0.6081797613084855, 0.06149675087145501]
     [0.1133759004584152, 0.4205311548270839, 0.041442527004346516]

Gen: 26
     [0.149415103303928, 0.38734693172593654, 0.03767267719585144]
     [0.13667546258844074, 0.4075775632279199, 0.03728536385936222]
     [0.10884471666859279, 0.5602514723915785, 0.054220998120813074]
     [0.10396362212206428, 0.6081797613084855, 0.06149675087145501]
     [0.1133759004584152, 0.4205311548270839, 0.041442527004346516]

Gen: 27
     [0.149415103303928, 0.38734693172593654, 0.03767267719585144]
     [0.13667546258844074, 0.4075775632279199, 0.03728536385936222]
     [0.10884471666859279, 0.5602514723915785, 0.054220998120813074]
     [0.10396362212206428, 0.6081797613084855, 0.06149675087145501]
     [0.1133759004584152, 0.4205311548270839, 0.041442527004346516]

Gen: 28
     [0.149415103303928, 0.38734693172593654, 0.03767267719585144]
     [0.13667546258844074, 0.4075775632279199, 0.03728536385936222]
     [0.10884471666859279, 0.5602514723915785, 0.054220998120813074]
     [0.11251396432836396, 0.5970224010777389, 0.05331152902698283]
     [0.10396362212206428, 0.6081797613084855, 0.06149675087145501]
     [0.1133759004584152, 0.4205311548270839, 0.041442527004346516]

Gen: 29
     [0.149415103303928, 0.38734693172593654, 0.03767267719585144]
     [0.13667546258844074, 0.4075775632279199, 0.03728536385936222]
     [0.10884471666859279, 0.5602514723915785, 0.054220998120813074]
     [0.11251396432836396, 0.5970224010777389, 0.05331152902698283]
     [0.10396362212206428, 0.6081797613084855, 0.06149675087145501]
     [0.1133759004584152, 0.4205311548270839, 0.041442527004346516]

Gen: 30
     [0.149415103303928, 0.38734693172593654, 0.03767267719585144]
     [0.13667546258844074, 0.4075775632279199, 0.03728536385936222]
     [0.10884471666859279, 0.5602514723915785, 0.054220998120813074]
     [0.11251396432836396, 0.5970224010777389, 0.05331152902698283]
     [0.10396362212206428, 0.6081797613084855, 0.06149675087145501]
     [0.1133759004584152, 0.4205311548270839, 0.041442527004346516]

Gen: 31
     [0.149415103303928, 0.38734693172593654, 0.03767267719585144]
     [0.13667546258844074, 0.4075775632279199, 0.03728536385936222]
     [0.1013152150185549, 0.6104423219744728, 0.06129879072169385]
     [0.10884471666859279, 0.5602514723915785, 0.054220998120813074]
     [0.11251396432836396, 0.5970224010777389, 0.05331152902698283]
     [0.10396362212206428, 0.6081797613084855, 0.06149675087145501]
     [0.1133759004584152, 0.4205311548270839, 0.041442527004346516]

Gen: 32
     [0.149415103303928, 0.38734693172593654, 0.03767267719585144]
     [0.13667546258844074, 0.4075775632279199, 0.03728536385936222]
     [0.1013152150185549, 0.6104423219744728, 0.06129879072169385]
     [0.10884471666859279, 0.5602514723915785, 0.054220998120813074]
     [0.11251396432836396, 0.5970224010777389, 0.05331152902698283]
     [0.10396362212206428, 0.6081797613084855, 0.06149675087145501]
     [0.1133759004584152, 0.4205311548270839, 0.041442527004346516]

Gen: 33
     [0.149415103303928, 0.38734693172593654, 0.03767267719585144]
     [0.13667546258844074, 0.4075775632279199, 0.03728536385936222]
     [0.1013152150185549, 0.6104423219744728, 0.06129879072169385]
     [0.10884471666859279, 0.5602514723915785, 0.054220998120813074]
     [0.11251396432836396, 0.5970224010777389, 0.05331152902698283]
     [0.10396362212206428, 0.6081797613084855, 0.06149675087145501]
     [0.1133759004584152, 0.4205311548270839, 0.041442527004346516]

Gen: 34
     [0.149415103303928, 0.38734693172593654, 0.03767267719585144]
     [0.13667546258844074, 0.4075775632279199, 0.03728536385936222]
     [0.1013152150185549, 0.6104423219744728, 0.06129879072169385]
     [0.10884471666859279, 0.5602514723915785, 0.054220998120813074]
     [0.1419851175571735, 0.39919515017530527, 0.037500537935189565]
     [0.10396362212206428, 0.6081797613084855, 0.06149675087145501]
     [0.1133759004584152, 0.4205311548270839, 0.041442527004346516]
     [0.11211269052480193, 0.5363074779645014, 0.05024458119952375]

Gen: 35
     [0.149415103303928, 0.38734693172593654, 0.03767267719585144]
     [0.13667546258844074, 0.4075775632279199, 0.03728536385936222]
     [0.1013152150185549, 0.6104423219744728, 0.06129879072169385]
     [0.10884471666859279, 0.5602514723915785, 0.054220998120813074]
     [0.1419851175571735, 0.39919515017530527, 0.037500537935189565]
     [0.10396362212206428, 0.6081797613084855, 0.06149675087145501]
     [0.1133759004584152, 0.4205311548270839, 0.041442527004346516]
     [0.11211269052480193, 0.5363074779645014, 0.05024458119952375]

Gen: 36
     [0.149415103303928, 0.38734693172593654, 0.03767267719585144]
     [0.13667546258844074, 0.4075775632279199, 0.03728536385936222]
     [0.1013152150185549, 0.6104423219744728, 0.06129879072169385]
     [0.10884471666859279, 0.5602514723915785, 0.054220998120813074]
     [0.1419851175571735, 0.39919515017530527, 0.037500537935189565]
     [0.10396362212206428, 0.6081797613084855, 0.06149675087145501]
     [0.1133759004584152, 0.4205311548270839, 0.041442527004346516]
     [0.10883027081166455, 0.6055948001404745, 0.06357102896243061]
     [0.11211269052480193, 0.5363074779645014, 0.05024458119952375]

Gen: 37
     [0.149415103303928, 0.38734693172593654, 0.03767267719585144]
     [0.13667546258844074, 0.4075775632279199, 0.03728536385936222]
     [0.1013152150185549, 0.6104423219744728, 0.06129879072169385]
     [0.10884471666859279, 0.5602514723915785, 0.054220998120813074]
     [0.1419851175571735, 0.39919515017530527, 0.037500537935189565]
     [0.10396362212206428, 0.6081797613084855, 0.06149675087145501]
     [0.1133759004584152, 0.4205311548270839, 0.041442527004346516]
     [0.10883027081166455, 0.6055948001404745, 0.06357102896243061]
     [0.11211269052480193, 0.5363074779645014, 0.05024458119952375]

Gen: 38
     [0.149415103303928, 0.38734693172593654, 0.03767267719585144]
     [0.13667546258844074, 0.4075775632279199, 0.03728536385936222]
     [0.1013152150185549, 0.6104423219744728, 0.06129879072169385]
     [0.10884471666859279, 0.5602514723915785, 0.054220998120813074]
     [0.1419851175571735, 0.39919515017530527, 0.037500537935189565]
     [0.10396362212206428, 0.6081797613084855, 0.06149675087145501]
     [0.1133759004584152, 0.4205311548270839, 0.041442527004346516]
     [0.10588331599830501, 0.6437301738084135, 0.05988724878426647]
     [0.10883027081166455, 0.6055948001404745, 0.06357102896243061]
     [0.11211269052480193, 0.5363074779645014, 0.05024458119952375]

Gen: 39
     [0.149415103303928, 0.38734693172593654, 0.03767267719585144]
     [0.13667546258844074, 0.4075775632279199, 0.03728536385936222]
     [0.1013152150185549, 0.6104423219744728, 0.06129879072169385]
     [0.10884471666859279, 0.5602514723915785, 0.054220998120813074]
     [0.1419851175571735, 0.39919515017530527, 0.037500537935189565]
     [0.10396362212206428, 0.6081797613084855, 0.06149675087145501]
     [0.1133759004584152, 0.4205311548270839, 0.041442527004346516]
     [0.10588331599830501, 0.6437301738084135, 0.05988724878426647]
     [0.10883027081166455, 0.6055948001404745, 0.06357102896243061]
     [0.11211269052480193, 0.5363074779645014, 0.05024458119952375]

Gen: 40
     [0.149415103303928, 0.38734693172593654, 0.03767267719585144]
     [0.13667546258844074, 0.4075775632279199, 0.03728536385936222]
     [0.1013152150185549, 0.6104423219744728, 0.06129879072169385]
     [0.10884471666859279, 0.5602514723915785, 0.054220998120813074]
     [0.1419851175571735, 0.39919515017530527, 0.037500537935189565]
     [0.10396362212206428, 0.6081797613084855, 0.06149675087145501]
     [0.1133759004584152, 0.4205311548270839, 0.041442527004346516]
     [0.10588331599830501, 0.6437301738084135, 0.05988724878426647]
     [0.10883027081166455, 0.6055948001404745, 0.06357102896243061]
     [0.11211269052480193, 0.5363074779645014, 0.05024458119952375]

Gen: 41
     [0.17130699693105794, 0.3813364652239244, 0.03801695571717519]
     [0.149415103303928, 0.38734693172593654, 0.03767267719585144]
     [0.13667546258844074, 0.4075775632279199, 0.03728536385936222]
     [0.1013152150185549, 0.6104423219744728, 0.06129879072169385]
     [0.10884471666859279, 0.5602514723915785, 0.054220998120813074]
     [0.1419851175571735, 0.39919515017530527, 0.037500537935189565]
     [0.10396362212206428, 0.6081797613084855, 0.06149675087145501]
     [0.1133759004584152, 0.4205311548270839, 0.041442527004346516]
     [0.10588331599830501, 0.6437301738084135, 0.05988724878426647]
     [0.10883027081166455, 0.6055948001404745, 0.06357102896243061]
     [0.11211269052480193, 0.5363074779645014, 0.05024458119952375]

Gen: 42
     [0.17130699693105794, 0.3813364652239244, 0.03801695571717519]
     [0.149415103303928, 0.38734693172593654, 0.03767267719585144]
     [0.13667546258844074, 0.4075775632279199, 0.03728536385936222]
     [0.1013152150185549, 0.6104423219744728, 0.06129879072169385]
     [0.10884471666859279, 0.5602514723915785, 0.054220998120813074]
     [0.1419851175571735, 0.39919515017530527, 0.037500537935189565]
     [0.10396362212206428, 0.6081797613084855, 0.06149675087145501]
     [0.1133759004584152, 0.4205311548270839, 0.041442527004346516]
     [0.10588331599830501, 0.6437301738084135, 0.05988724878426647]
     [0.10883027081166455, 0.6055948001404745, 0.06357102896243061]
     [0.11211269052480193, 0.5363074779645014, 0.05024458119952375]

Gen: 43
     [0.17130699693105794, 0.3813364652239244, 0.03801695571717519]
     [0.149415103303928, 0.38734693172593654, 0.03767267719585144]
     [0.13667546258844074, 0.4075775632279199, 0.03728536385936222]
     [0.1013152150185549, 0.6104423219744728, 0.06129879072169385]
     [0.10884471666859279, 0.5602514723915785, 0.054220998120813074]
     [0.1419851175571735, 0.39919515017530527, 0.037500537935189565]
     [0.10396362212206428, 0.6081797613084855, 0.06149675087145501]
     [0.1133759004584152, 0.4205311548270839, 0.041442527004346516]
     [0.10588331599830501, 0.6437301738084135, 0.05988724878426647]
     [0.10883027081166455, 0.6055948001404745, 0.06357102896243061]
     [0.11211269052480193, 0.5363074779645014, 0.05024458119952375]

Gen: 44
     [0.149415103303928, 0.38734693172593654, 0.03767267719585144]
     [0.13667546258844074, 0.4075775632279199, 0.03728536385936222]
     [0.1013152150185549, 0.6104423219744728, 0.06129879072169385]
     [0.15741810804216907, 0.3692406892462161, 0.03606030612098521]
     [0.10884471666859279, 0.5602514723915785, 0.054220998120813074]
     [0.1419851175571735, 0.39919515017530527, 0.037500537935189565]
     [0.10396362212206428, 0.6081797613084855, 0.06149675087145501]
     [0.1133759004584152, 0.4205311548270839, 0.041442527004346516]
     [0.10588331599830501, 0.6437301738084135, 0.05988724878426647]
     [0.10883027081166455, 0.6055948001404745, 0.06357102896243061]
     [0.11211269052480193, 0.5363074779645014, 0.05024458119952375]

Gen: 45
     [0.149415103303928, 0.38734693172593654, 0.03767267719585144]
     [0.13667546258844074, 0.4075775632279199, 0.03728536385936222]
     [0.1013152150185549, 0.6104423219744728, 0.06129879072169385]
     [0.15741810804216907, 0.3692406892462161, 0.03606030612098521]
     [0.10884471666859279, 0.5602514723915785, 0.054220998120813074]
     [0.1419851175571735, 0.39919515017530527, 0.037500537935189565]
     [0.10396362212206428, 0.6081797613084855, 0.06149675087145501]
     [0.1326803806001772, 0.3749402695498483, 0.0385563254005824]
     [0.1133759004584152, 0.4205311548270839, 0.041442527004346516]
     [0.10588331599830501, 0.6437301738084135, 0.05988724878426647]
     [0.10883027081166455, 0.6055948001404745, 0.06357102896243061]
     [0.11211269052480193, 0.5363074779645014, 0.05024458119952375]

Gen: 46
     [0.149415103303928, 0.38734693172593654, 0.03767267719585144]
     [0.13667546258844074, 0.4075775632279199, 0.03728536385936222]
     [0.1013152150185549, 0.6104423219744728, 0.06129879072169385]
     [0.15741810804216907, 0.3692406892462161, 0.03606030612098521]
     [0.10884471666859279, 0.5602514723915785, 0.054220998120813074]
     [0.1419851175571735, 0.39919515017530527, 0.037500537935189565]
     [0.10396362212206428, 0.6081797613084855, 0.06149675087145501]
     [0.1326803806001772, 0.3749402695498483, 0.0385563254005824]
     [0.1133759004584152, 0.4205311548270839, 0.041442527004346516]
     [0.10588331599830501, 0.6437301738084135, 0.05988724878426647]
     [0.10883027081166455, 0.6055948001404745, 0.06357102896243061]
     [0.11211269052480193, 0.5363074779645014, 0.05024458119952375]

Gen: 47
     [0.149415103303928, 0.38734693172593654, 0.03767267719585144]
     [0.13667546258844074, 0.4075775632279199, 0.03728536385936222]
     [0.1013152150185549, 0.6104423219744728, 0.06129879072169385]
     [0.15741810804216907, 0.3692406892462161, 0.03606030612098521]
     [0.10884471666859279, 0.5602514723915785, 0.054220998120813074]
     [0.1419851175571735, 0.39919515017530527, 0.037500537935189565]
     [0.10396362212206428, 0.6081797613084855, 0.06149675087145501]
     [0.1326803806001772, 0.3749402695498483, 0.0385563254005824]
     [0.1133759004584152, 0.4205311548270839, 0.041442527004346516]
     [0.10588331599830501, 0.6437301738084135, 0.05988724878426647]
     [0.10883027081166455, 0.6055948001404745, 0.06357102896243061]
     [0.11211269052480193, 0.5363074779645014, 0.05024458119952375]

Gen: 48
     [0.149415103303928, 0.38734693172593654, 0.03767267719585144]
     [0.13667546258844074, 0.4075775632279199, 0.03728536385936222]
     [0.1013152150185549, 0.6104423219744728, 0.06129879072169385]
     [0.15741810804216907, 0.3692406892462161, 0.03606030612098521]
     [0.10884471666859279, 0.5602514723915785, 0.054220998120813074]
     [0.1419851175571735, 0.39919515017530527, 0.037500537935189565]
     [0.10396362212206428, 0.6081797613084855, 0.06149675087145501]
     [0.1326803806001772, 0.3749402695498483, 0.0385563254005824]
     [0.1133759004584152, 0.4205311548270839, 0.041442527004346516]
     [0.10588331599830501, 0.6437301738084135, 0.05988724878426647]
     [0.10883027081166455, 0.6055948001404745, 0.06357102896243061]
     [0.11211269052480193, 0.5363074779645014, 0.05024458119952375]

Gen: 49
     [0.149415103303928, 0.38734693172593654, 0.03767267719585144]
     [0.13667546258844074, 0.4075775632279199, 0.03728536385936222]
     [0.1013152150185549, 0.6104423219744728, 0.06129879072169385]
     [0.15741810804216907, 0.3692406892462161, 0.03606030612098521]
     [0.10884471666859279, 0.5602514723915785, 0.054220998120813074]
     [0.1419851175571735, 0.39919515017530527, 0.037500537935189565]
     [0.10396362212206428, 0.6081797613084855, 0.06149675087145501]
     [0.1326803806001772, 0.3749402695498483, 0.0385563254005824]
     [0.1133759004584152, 0.4205311548270839, 0.041442527004346516]
     [0.10588331599830501, 0.6437301738084135, 0.05988724878426647]
     [0.10883027081166455, 0.6055948001404745, 0.06357102896243061]
     [0.11211269052480193, 0.5363074779645014, 0.05024458119952375]

Gen: 50
     [0.149415103303928, 0.38734693172593654, 0.03767267719585144]
     [0.13667546258844074, 0.4075775632279199, 0.03728536385936222]
     [0.1013152150185549, 0.6104423219744728, 0.06129879072169385]
     [0.15741810804216907, 0.3692406892462161, 0.03606030612098521]
     [0.10884471666859279, 0.5602514723915785, 0.054220998120813074]
     [0.1419851175571735, 0.39919515017530527, 0.037500537935189565]
     [0.10396362212206428, 0.6081797613084855, 0.06149675087145501]
     [0.1326803806001772, 0.3749402695498483, 0.0385563254005824]
     [0.1133759004584152, 0.4205311548270839, 0.041442527004346516]
     [0.10588331599830501, 0.6437301738084135, 0.05988724878426647]
     [0.10883027081166455, 0.6055948001404745, 0.06357102896243061]
     [0.11211269052480193, 0.5363074779645014, 0.05024458119952375]

Gen: 51
     [0.149415103303928, 0.38734693172593654, 0.03767267719585144]
     [0.13667546258844074, 0.4075775632279199, 0.03728536385936222]
     [0.1013152150185549, 0.6104423219744728, 0.06129879072169385]
     [0.15741810804216907, 0.3692406892462161, 0.03606030612098521]
     [0.10884471666859279, 0.5602514723915785, 0.054220998120813074]
     [0.1419851175571735, 0.39919515017530527, 0.037500537935189565]
     [0.10396362212206428, 0.6081797613084855, 0.06149675087145501]
     [0.1326803806001772, 0.3749402695498483, 0.0385563254005824]
     [0.1133759004584152, 0.4205311548270839, 0.041442527004346516]
     [0.10588331599830501, 0.6437301738084135, 0.05988724878426647]
     [0.10883027081166455, 0.6055948001404745, 0.06357102896243061]
     [0.11211269052480193, 0.5363074779645014, 0.05024458119952375]

Gen: 52
     [0.149415103303928, 0.38734693172593654, 0.03767267719585144]
     [0.13667546258844074, 0.4075775632279199, 0.03728536385936222]
     [0.1013152150185549, 0.6104423219744728, 0.06129879072169385]
     [0.15741810804216907, 0.3692406892462161, 0.03606030612098521]
     [0.10884471666859279, 0.5602514723915785, 0.054220998120813074]
     [0.1419851175571735, 0.39919515017530527, 0.037500537935189565]
     [0.10396362212206428, 0.6081797613084855, 0.06149675087145501]
     [0.1326803806001772, 0.3749402695498483, 0.0385563254005824]
     [0.1133759004584152, 0.4205311548270839, 0.041442527004346516]
     [0.10588331599830501, 0.6437301738084135, 0.05988724878426647]
     [0.10883027081166455, 0.6055948001404745, 0.06357102896243061]
     [0.11211269052480193, 0.5363074779645014, 0.05024458119952375]

Gen: 53
     [0.149415103303928, 0.38734693172593654, 0.03767267719585144]
     [0.13667546258844074, 0.4075775632279199, 0.03728536385936222]
     [0.1013152150185549, 0.6104423219744728, 0.06129879072169385]
     [0.15741810804216907, 0.3692406892462161, 0.03606030612098521]
     [0.10884471666859279, 0.5602514723915785, 0.054220998120813074]
     [0.1419851175571735, 0.39919515017530527, 0.037500537935189565]
     [0.10396362212206428, 0.6081797613084855, 0.06149675087145501]
     [0.1326803806001772, 0.3749402695498483, 0.0385563254005824]
     [0.1133759004584152, 0.4205311548270839, 0.041442527004346516]
     [0.10588331599830501, 0.6437301738084135, 0.05988724878426647]
     [0.10883027081166455, 0.6055948001404745, 0.06357102896243061]
     [0.11211269052480193, 0.5363074779645014, 0.05024458119952375]

Gen: 54
     [0.149415103303928, 0.38734693172593654, 0.03767267719585144]
     [0.13667546258844074, 0.4075775632279199, 0.03728536385936222]
     [0.1013152150185549, 0.6104423219744728, 0.06129879072169385]
     [0.15741810804216907, 0.3692406892462161, 0.03606030612098521]
     [0.10884471666859279, 0.5602514723915785, 0.054220998120813074]
     [0.1419851175571735, 0.39919515017530527, 0.037500537935189565]
     [0.10396362212206428, 0.6081797613084855, 0.06149675087145501]
     [0.1326803806001772, 0.3749402695498483, 0.0385563254005824]
     [0.1133759004584152, 0.4205311548270839, 0.041442527004346516]
     [0.10588331599830501, 0.6437301738084135, 0.05988724878426647]
     [0.10883027081166455, 0.6055948001404745, 0.06357102896243061]
     [0.11211269052480193, 0.5363074779645014, 0.05024458119952375]

Gen: 55
     [0.149415103303928, 0.38734693172593654, 0.03767267719585144]
     [0.13667546258844074, 0.4075775632279199, 0.03728536385936222]
     [0.1013152150185549, 0.6104423219744728, 0.06129879072169385]
     [0.15741810804216907, 0.3692406892462161, 0.03606030612098521]
     [0.10884471666859279, 0.5602514723915785, 0.054220998120813074]
     [0.1419851175571735, 0.39919515017530527, 0.037500537935189565]
     [0.10592986375951821, 0.5538840624766116, 0.05565836094733973]
     [0.10396362212206428, 0.6081797613084855, 0.06149675087145501]
     [0.1326803806001772, 0.3749402695498483, 0.0385563254005824]
     [0.1133759004584152, 0.4205311548270839, 0.041442527004346516]
     [0.10588331599830501, 0.6437301738084135, 0.05988724878426647]
     [0.11211269052480193, 0.5363074779645014, 0.05024458119952375]

Gen: 56
     [0.149415103303928, 0.38734693172593654, 0.03767267719585144]
     [0.13667546258844074, 0.4075775632279199, 0.03728536385936222]
     [0.1013152150185549, 0.6104423219744728, 0.06129879072169385]
     [0.15741810804216907, 0.3692406892462161, 0.03606030612098521]
     [0.10884471666859279, 0.5602514723915785, 0.054220998120813074]
     [0.1419851175571735, 0.39919515017530527, 0.037500537935189565]
     [0.10592986375951821, 0.5538840624766116, 0.05565836094733973]
     [0.10396362212206428, 0.6081797613084855, 0.06149675087145501]
     [0.1326803806001772, 0.3749402695498483, 0.0385563254005824]
     [0.1133759004584152, 0.4205311548270839, 0.041442527004346516]
     [0.10588331599830501, 0.6437301738084135, 0.05988724878426647]
     [0.11211269052480193, 0.5363074779645014, 0.05024458119952375]

Gen: 57
     [0.149415103303928, 0.38734693172593654, 0.03767267719585144]
     [0.13667546258844074, 0.4075775632279199, 0.03728536385936222]
     [0.1013152150185549, 0.6104423219744728, 0.06129879072169385]
     [0.15741810804216907, 0.3692406892462161, 0.03606030612098521]
     [0.10884471666859279, 0.5602514723915785, 0.054220998120813074]
     [0.1419851175571735, 0.39919515017530527, 0.037500537935189565]
     [0.10592986375951821, 0.5538840624766116, 0.05565836094733973]
     [0.10396362212206428, 0.6081797613084855, 0.06149675087145501]
     [0.1326803806001772, 0.3749402695498483, 0.0385563254005824]
     [0.1133759004584152, 0.4205311548270839, 0.041442527004346516]
     [0.10588331599830501, 0.6437301738084135, 0.05988724878426647]
     [0.11211269052480193, 0.5363074779645014, 0.05024458119952375]

Gen: 58
     [0.149415103303928, 0.38734693172593654, 0.03767267719585144]
     [0.13667546258844074, 0.4075775632279199, 0.03728536385936222]
     [0.1013152150185549, 0.6104423219744728, 0.06129879072169385]
     [0.15741810804216907, 0.3692406892462161, 0.03606030612098521]
     [0.10884471666859279, 0.5602514723915785, 0.054220998120813074]
     [0.1419851175571735, 0.39919515017530527, 0.037500537935189565]
     [0.10592986375951821, 0.5538840624766116, 0.05565836094733973]
     [0.10396362212206428, 0.6081797613084855, 0.06149675087145501]
     [0.1326803806001772, 0.3749402695498483, 0.0385563254005824]
     [0.1133759004584152, 0.4205311548270839, 0.041442527004346516]
     [0.10588331599830501, 0.6437301738084135, 0.05988724878426647]
     [0.11211269052480193, 0.5363074779645014, 0.05024458119952375]

Gen: 59
     [0.149415103303928, 0.38734693172593654, 0.03767267719585144]
     [0.13667546258844074, 0.4075775632279199, 0.03728536385936222]
     [0.1013152150185549, 0.6104423219744728, 0.06129879072169385]
     [0.15741810804216907, 0.3692406892462161, 0.03606030612098521]
     [0.10884471666859279, 0.5602514723915785, 0.054220998120813074]
     [0.1419851175571735, 0.39919515017530527, 0.037500537935189565]
     [0.10592986375951821, 0.5538840624766116, 0.05565836094733973]
     [0.10396362212206428, 0.6081797613084855, 0.06149675087145501]
     [0.1326803806001772, 0.3749402695498483, 0.0385563254005824]
     [0.1133759004584152, 0.4205311548270839, 0.041442527004346516]
     [0.10588331599830501, 0.6437301738084135, 0.05988724878426647]
     [0.11211269052480193, 0.5363074779645014, 0.05024458119952375]

Gen: 60
     [0.149415103303928, 0.38734693172593654, 0.03767267719585144]
     [0.13667546258844074, 0.4075775632279199, 0.03728536385936222]
     [0.1013152150185549, 0.6104423219744728, 0.06129879072169385]
     [0.15741810804216907, 0.3692406892462161, 0.03606030612098521]
     [0.10884471666859279, 0.5602514723915785, 0.054220998120813074]
     [0.1419851175571735, 0.39919515017530527, 0.037500537935189565]
     [0.10592986375951821, 0.5538840624766116, 0.05565836094733973]
     [0.10396362212206428, 0.6081797613084855, 0.06149675087145501]
     [0.1326803806001772, 0.3749402695498483, 0.0385563254005824]
     [0.1133759004584152, 0.4205311548270839, 0.041442527004346516]
     [0.10588331599830501, 0.6437301738084135, 0.05988724878426647]
     [0.11211269052480193, 0.5363074779645014, 0.05024458119952375]

Gen: 61
     [0.149415103303928, 0.38734693172593654, 0.03767267719585144]
     [0.13667546258844074, 0.4075775632279199, 0.03728536385936222]
     [0.1013152150185549, 0.6104423219744728, 0.06129879072169385]
     [0.15741810804216907, 0.3692406892462161, 0.03606030612098521]
     [0.10884471666859279, 0.5602514723915785, 0.054220998120813074]
     [0.1419851175571735, 0.39919515017530527, 0.037500537935189565]
     [0.10592986375951821, 0.5538840624766116, 0.05565836094733973]
     [0.10396362212206428, 0.6081797613084855, 0.06149675087145501]
     [0.1326803806001772, 0.3749402695498483, 0.0385563254005824]
     [0.1133759004584152, 0.4205311548270839, 0.041442527004346516]
     [0.10588331599830501, 0.6437301738084135, 0.05988724878426647]
     [0.11211269052480193, 0.5363074779645014, 0.05024458119952375]

Gen: 62
     [0.149415103303928, 0.38734693172593654, 0.03767267719585144]
     [0.13667546258844074, 0.4075775632279199, 0.03728536385936222]
     [0.1013152150185549, 0.6104423219744728, 0.06129879072169385]
     [0.15741810804216907, 0.3692406892462161, 0.03606030612098521]
     [0.10884471666859279, 0.5602514723915785, 0.054220998120813074]
     [0.1419851175571735, 0.39919515017530527, 0.037500537935189565]
     [0.10592986375951821, 0.5538840624766116, 0.05565836094733973]
     [0.10396362212206428, 0.6081797613084855, 0.06149675087145501]
     [0.1326803806001772, 0.3749402695498483, 0.0385563254005824]
     [0.1133759004584152, 0.4205311548270839, 0.041442527004346516]
     [0.10588331599830501, 0.6437301738084135, 0.05988724878426647]
     [0.11211269052480193, 0.5363074779645014, 0.05024458119952375]

Gen: 63
     [0.149415103303928, 0.38734693172593654, 0.03767267719585144]
     [0.13667546258844074, 0.4075775632279199, 0.03728536385936222]
     [0.1013152150185549, 0.6104423219744728, 0.06129879072169385]
     [0.15741810804216907, 0.3692406892462161, 0.03606030612098521]
     [0.10884471666859279, 0.5602514723915785, 0.054220998120813074]
     [0.1419851175571735, 0.39919515017530527, 0.037500537935189565]
     [0.10592986375951821, 0.5538840624766116, 0.05565836094733973]
     [0.10396362212206428, 0.6081797613084855, 0.06149675087145501]
     [0.1326803806001772, 0.3749402695498483, 0.0385563254005824]
     [0.1133759004584152, 0.4205311548270839, 0.041442527004346516]
     [0.10588331599830501, 0.6437301738084135, 0.05988724878426647]
     [0.11211269052480193, 0.5363074779645014, 0.05024458119952375]

Gen: 64
     [0.149415103303928, 0.38734693172593654, 0.03767267719585144]
     [0.13667546258844074, 0.4075775632279199, 0.03728536385936222]
     [0.1013152150185549, 0.6104423219744728, 0.06129879072169385]
     [0.15741810804216907, 0.3692406892462161, 0.03606030612098521]
     [0.10884471666859279, 0.5602514723915785, 0.054220998120813074]
     [0.1419851175571735, 0.39919515017530527, 0.037500537935189565]
     [0.10592986375951821, 0.5538840624766116, 0.05565836094733973]
     [0.10396362212206428, 0.6081797613084855, 0.06149675087145501]
     [0.1326803806001772, 0.3749402695498483, 0.0385563254005824]
     [0.1133759004584152, 0.4205311548270839, 0.041442527004346516]
     [0.10588331599830501, 0.6437301738084135, 0.05988724878426647]
     [0.11211269052480193, 0.5363074779645014, 0.05024458119952375]

Gen: 65
     [0.11204527652580351, 0.5832570510716938, 0.053759091104703706]
     [0.149415103303928, 0.38734693172593654, 0.03767267719585144]
     [0.13667546258844074, 0.4075775632279199, 0.03728536385936222]
     [0.1013152150185549, 0.6104423219744728, 0.06129879072169385]
     [0.15741810804216907, 0.3692406892462161, 0.03606030612098521]
     [0.10884471666859279, 0.5602514723915785, 0.054220998120813074]
     [0.1419851175571735, 0.39919515017530527, 0.037500537935189565]
     [0.10592986375951821, 0.5538840624766116, 0.05565836094733973]
     [0.10396362212206428, 0.6081797613084855, 0.06149675087145501]
     [0.1326803806001772, 0.3749402695498483, 0.0385563254005824]
     [0.1133759004584152, 0.4205311548270839, 0.041442527004346516]
     [0.10588331599830501, 0.6437301738084135, 0.05988724878426647]
     [0.11211269052480193, 0.5363074779645014, 0.05024458119952375]

Gen: 66
     [0.11204527652580351, 0.5832570510716938, 0.053759091104703706]
     [0.149415103303928, 0.38734693172593654, 0.03767267719585144]
     [0.13667546258844074, 0.4075775632279199, 0.03728536385936222]
     [0.1013152150185549, 0.6104423219744728, 0.06129879072169385]
     [0.15741810804216907, 0.3692406892462161, 0.03606030612098521]
     [0.10884471666859279, 0.5602514723915785, 0.054220998120813074]
     [0.1419851175571735, 0.39919515017530527, 0.037500537935189565]
     [0.10592986375951821, 0.5538840624766116, 0.05565836094733973]
     [0.10396362212206428, 0.6081797613084855, 0.06149675087145501]
     [0.1326803806001772, 0.3749402695498483, 0.0385563254005824]
     [0.1133759004584152, 0.4205311548270839, 0.041442527004346516]
     [0.10588331599830501, 0.6437301738084135, 0.05988724878426647]
     [0.11211269052480193, 0.5363074779645014, 0.05024458119952375]

Gen: 67
     [0.11204527652580351, 0.5832570510716938, 0.053759091104703706]
     [0.149415103303928, 0.38734693172593654, 0.03767267719585144]
     [0.13667546258844074, 0.4075775632279199, 0.03728536385936222]
     [0.1013152150185549, 0.6104423219744728, 0.06129879072169385]
     [0.15741810804216907, 0.3692406892462161, 0.03606030612098521]
     [0.10884471666859279, 0.5602514723915785, 0.054220998120813074]
     [0.1419851175571735, 0.39919515017530527, 0.037500537935189565]
     [0.10592986375951821, 0.5538840624766116, 0.05565836094733973]
     [0.10396362212206428, 0.6081797613084855, 0.06149675087145501]
     [0.1326803806001772, 0.3749402695498483, 0.0385563254005824]
     [0.1133759004584152, 0.4205311548270839, 0.041442527004346516]
     [0.10588331599830501, 0.6437301738084135, 0.05988724878426647]
     [0.11211269052480193, 0.5363074779645014, 0.05024458119952375]

Gen: 68
     [0.11204527652580351, 0.5832570510716938, 0.053759091104703706]
     [0.149415103303928, 0.38734693172593654, 0.03767267719585144]
     [0.13667546258844074, 0.4075775632279199, 0.03728536385936222]
     [0.1013152150185549, 0.6104423219744728, 0.06129879072169385]
     [0.15741810804216907, 0.3692406892462161, 0.03606030612098521]
     [0.10884471666859279, 0.5602514723915785, 0.054220998120813074]
     [0.1419851175571735, 0.39919515017530527, 0.037500537935189565]
     [0.10592986375951821, 0.5538840624766116, 0.05565836094733973]
     [0.10396362212206428, 0.6081797613084855, 0.06149675087145501]
     [0.1326803806001772, 0.3749402695498483, 0.0385563254005824]
     [0.1133759004584152, 0.4205311548270839, 0.041442527004346516]
     [0.10588331599830501, 0.6437301738084135, 0.05988724878426647]
     [0.11211269052480193, 0.5363074779645014, 0.05024458119952375]

