Gen: 1
     [0.15909283337060187, 0.4559327524765981, 0.05026832122408986]
     [0.17403624671910312, 0.4163242340022848, 0.03661757358014704]
     [0.1616654472983212, 0.5008482668076182, 0.04859631553105107]
     [0.1294757512141218, 0.540047571143583, 0.05211769362712759]
     [0.1474731937970696, 0.5228350014493001, 0.05126546821566927]
     [0.13767500830400697, 0.5326263022387423, 0.04921493600738884]
     [0.18325695094231484, 0.4151861071800031, 0.04791713081227464]
     [0.1735928236011819, 0.473899810738461, 0.041869358603042486]
     [0.16410563131077394, 0.4766918447032345, 0.0459660970022863]
     [0.1384104285301799, 0.5236747429623694, 0.05587700267564171]
     [0.15836121236330952, 0.49344831113914983, 0.051652646765545006]
     [0.12626215478669015, 0.6870151238725298, 0.06527960131424405]
     [0.15855334428955692, 0.5245997374209279, 0.047601331548130184]
     [0.14821838344322122, 0.5006777609166396, 0.05513725371442662]

Gen: 2
     [0.15909283337060187, 0.4559327524765981, 0.05026832122408986]
     [0.17403624671910312, 0.4163242340022848, 0.03661757358014704]
     [0.1294757512141218, 0.540047571143583, 0.05211769362712759]
     [0.1474731937970696, 0.5228350014493001, 0.05126546821566927]
     [0.13767500830400697, 0.5326263022387423, 0.04921493600738884]
     [0.15175274249328624, 0.47642756057221775, 0.044374122629612885]
     [0.18325695094231484, 0.4151861071800031, 0.04791713081227464]
     [0.1735928236011819, 0.473899810738461, 0.041869358603042486]
     [0.1384104285301799, 0.5236747429623694, 0.05587700267564171]
     [0.12626215478669015, 0.6870151238725298, 0.06527960131424405]
     [0.14821838344322122, 0.5006777609166396, 0.05513725371442662]

Gen: 3
     [0.15909283337060187, 0.4559327524765981, 0.05026832122408986]
     [0.17403624671910312, 0.4163242340022848, 0.03661757358014704]
     [0.1294757512141218, 0.540047571143583, 0.05211769362712759]
     [0.1474731937970696, 0.5228350014493001, 0.05126546821566927]
     [0.13767500830400697, 0.5326263022387423, 0.04921493600738884]
     [0.15175274249328624, 0.47642756057221775, 0.044374122629612885]
     [0.18325695094231484, 0.4151861071800031, 0.04791713081227464]
     [0.1735928236011819, 0.473899810738461, 0.041869358603042486]
     [0.1384104285301799, 0.5236747429623694, 0.05587700267564171]
     [0.12626215478669015, 0.6870151238725298, 0.06527960131424405]
     [0.1357884247570128, 0.5243738171153813, 0.05429584334626091]
     [0.14821838344322122, 0.5006777609166396, 0.05513725371442662]

Gen: 4
     [0.15909283337060187, 0.4559327524765981, 0.05026832122408986]
     [0.17403624671910312, 0.4163242340022848, 0.03661757358014704]
     [0.1294757512141218, 0.540047571143583, 0.05211769362712759]
     [0.16526982052490008, 0.4160983136967382, 0.0418888256809692]
     [0.1474731937970696, 0.5228350014493001, 0.05126546821566927]
     [0.13767500830400697, 0.5326263022387423, 0.04921493600738884]
     [0.15175274249328624, 0.47642756057221775, 0.044374122629612885]
     [0.18325695094231484, 0.4151861071800031, 0.04791713081227464]
     [0.1735928236011819, 0.473899810738461, 0.041869358603042486]
     [0.1384104285301799, 0.5236747429623694, 0.05587700267564171]
     [0.12626215478669015, 0.6870151238725298, 0.06527960131424405]
     [0.1357884247570128, 0.5243738171153813, 0.05429584334626091]
     [0.14821838344322122, 0.5006777609166396, 0.05513725371442662]

Gen: 5
     [0.15909283337060187, 0.4559327524765981, 0.05026832122408986]
     [0.17403624671910312, 0.4163242340022848, 0.03661757358014704]
     [0.1294757512141218, 0.540047571143583, 0.05211769362712759]
     [0.16526982052490008, 0.4160983136967382, 0.0418888256809692]
     [0.1474731937970696, 0.5228350014493001, 0.05126546821566927]
     [0.13767500830400697, 0.5326263022387423, 0.04921493600738884]
     [0.15175274249328624, 0.47642756057221775, 0.044374122629612885]
     [0.18325695094231484, 0.4151861071800031, 0.04791713081227464]
     [0.14080393642495675, 0.487156643762042, 0.05173267808591038]
     [0.1735928236011819, 0.473899810738461, 0.041869358603042486]
     [0.1384104285301799, 0.5236747429623694, 0.05587700267564171]
     [0.12626215478669015, 0.6870151238725298, 0.06527960131424405]
     [0.1357884247570128, 0.5243738171153813, 0.05429584334626091]
     [0.16220873559824672, 0.422748043444901, 0.0479041527603235]

Gen: 6
     [0.1507410647799384, 0.5305077665433341, 0.04819832193788272]
     [0.15909283337060187, 0.4559327524765981, 0.05026832122408986]
     [0.17403624671910312, 0.4163242340022848, 0.03661757358014704]
     [0.1294757512141218, 0.540047571143583, 0.05211769362712759]
     [0.16526982052490008, 0.4160983136967382, 0.0418888256809692]
     [0.1474731937970696, 0.5228350014493001, 0.05126546821566927]
     [0.13767500830400697, 0.5326263022387423, 0.04921493600738884]
     [0.15175274249328624, 0.47642756057221775, 0.044374122629612885]
     [0.18325695094231484, 0.4151861071800031, 0.04791713081227464]
     [0.14080393642495675, 0.487156643762042, 0.05173267808591038]
     [0.1735928236011819, 0.473899810738461, 0.041869358603042486]
     [0.1384104285301799, 0.5236747429623694, 0.05587700267564171]
     [0.12626215478669015, 0.6870151238725298, 0.06527960131424405]
     [0.1357884247570128, 0.5243738171153813, 0.05429584334626091]
     [0.16220873559824672, 0.422748043444901, 0.0479041527603235]

Gen: 7
     [0.1507410647799384, 0.5305077665433341, 0.04819832193788272]
     [0.15909283337060187, 0.4559327524765981, 0.05026832122408986]
     [0.17403624671910312, 0.4163242340022848, 0.03661757358014704]
     [0.1294757512141218, 0.540047571143583, 0.05211769362712759]
     [0.16526982052490008, 0.4160983136967382, 0.0418888256809692]
     [0.1474731937970696, 0.5228350014493001, 0.05126546821566927]
     [0.13767500830400697, 0.5326263022387423, 0.04921493600738884]
     [0.15175274249328624, 0.47642756057221775, 0.044374122629612885]
     [0.18325695094231484, 0.4151861071800031, 0.04791713081227464]
     [0.14080393642495675, 0.487156643762042, 0.05173267808591038]
     [0.1735928236011819, 0.473899810738461, 0.041869358603042486]
     [0.1384104285301799, 0.5236747429623694, 0.05587700267564171]
     [0.12626215478669015, 0.6870151238725298, 0.06527960131424405]
     [0.1357884247570128, 0.5243738171153813, 0.05429584334626091]
     [0.16220873559824672, 0.422748043444901, 0.0479041527603235]

Gen: 8
     [0.1507410647799384, 0.5305077665433341, 0.04819832193788272]
     [0.15909283337060187, 0.4559327524765981, 0.05026832122408986]
     [0.17403624671910312, 0.4163242340022848, 0.03661757358014704]
     [0.1294757512141218, 0.540047571143583, 0.05211769362712759]
     [0.16526982052490008, 0.4160983136967382, 0.0418888256809692]
     [0.1474731937970696, 0.5228350014493001, 0.05126546821566927]
     [0.13767500830400697, 0.5326263022387423, 0.04921493600738884]
     [0.15175274249328624, 0.47642756057221775, 0.044374122629612885]
     [0.18325695094231484, 0.4151861071800031, 0.04791713081227464]
     [0.14080393642495675, 0.487156643762042, 0.05173267808591038]
     [0.1735928236011819, 0.473899810738461, 0.041869358603042486]
     [0.1384104285301799, 0.5236747429623694, 0.05587700267564171]
     [0.12626215478669015, 0.6870151238725298, 0.06527960131424405]
     [0.1357884247570128, 0.5243738171153813, 0.05429584334626091]
     [0.16220873559824672, 0.422748043444901, 0.0479041527603235]

Gen: 9
     [0.1507410647799384, 0.5305077665433341, 0.04819832193788272]
     [0.17403624671910312, 0.4163242340022848, 0.03661757358014704]
     [0.1294757512141218, 0.540047571143583, 0.05211769362712759]
     [0.1474731937970696, 0.5228350014493001, 0.05126546821566927]
     [0.13767500830400697, 0.5326263022387423, 0.04921493600738884]
     [0.15175274249328624, 0.47642756057221775, 0.044374122629612885]
     [0.1554293008785965, 0.4718153762212484, 0.05111622061823114]
     [0.14080393642495675, 0.487156643762042, 0.05173267808591038]
     [0.1384104285301799, 0.5236747429623694, 0.05587700267564171]
     [0.1587194244291945, 0.404670156353902, 0.04026224316975941]
     [0.12626215478669015, 0.6870151238725298, 0.06527960131424405]
     [0.1357884247570128, 0.5243738171153813, 0.05429584334626091]

Gen: 10
     [0.1507410647799384, 0.5305077665433341, 0.04819832193788272]
     [0.17403624671910312, 0.4163242340022848, 0.03661757358014704]
     [0.1294757512141218, 0.540047571143583, 0.05211769362712759]
     [0.1474731937970696, 0.5228350014493001, 0.05126546821566927]
     [0.13767500830400697, 0.5326263022387423, 0.04921493600738884]
     [0.15175274249328624, 0.47642756057221775, 0.044374122629612885]
     [0.1554293008785965, 0.4718153762212484, 0.05111622061823114]
     [0.14080393642495675, 0.487156643762042, 0.05173267808591038]
     [0.1384104285301799, 0.5236747429623694, 0.05587700267564171]
     [0.1587194244291945, 0.404670156353902, 0.04026224316975941]
     [0.12626215478669015, 0.6870151238725298, 0.06527960131424405]
     [0.1357884247570128, 0.5243738171153813, 0.05429584334626091]

Gen: 11
     [0.1507410647799384, 0.5305077665433341, 0.04819832193788272]
     [0.17403624671910312, 0.4163242340022848, 0.03661757358014704]
     [0.1294757512141218, 0.540047571143583, 0.05211769362712759]
     [0.1474731937970696, 0.5228350014493001, 0.05126546821566927]
     [0.13767500830400697, 0.5326263022387423, 0.04921493600738884]
     [0.15175274249328624, 0.47642756057221775, 0.044374122629612885]
     [0.1554293008785965, 0.4718153762212484, 0.05111622061823114]
     [0.14080393642495675, 0.487156643762042, 0.05173267808591038]
     [0.1384104285301799, 0.5236747429623694, 0.05587700267564171]
     [0.1587194244291945, 0.404670156353902, 0.04026224316975941]
     [0.12626215478669015, 0.6870151238725298, 0.06527960131424405]
     [0.1357884247570128, 0.5243738171153813, 0.05429584334626091]

