Gen: 1
     [0.13864689837514016, 0.45589571304013804, 0.05146139478293832]
     [0.1278694422597433, 0.5443786621465895, 0.05032725093926064]
     [0.11856707776234542, 0.6385869068160893, 0.06449946349799308]
     [0.11252949346541943, 0.6648659524782177, 0.06527899632855322]
     [0.1449940594722134, 0.44668890121883553, 0.04713575182120268]
     [0.1123328703626232, 0.6003877835972417, 0.06708873529204969]
     [0.1303452199668669, 0.4788151869714467, 0.05120766448906973]
     [0.12557355377432688, 0.5374705046674267, 0.05628532735793396]
     [0.1202546896701752, 0.5725783341158107, 0.055420198765586834]
     [0.13808798674676617, 0.5080818735557195, 0.04563476899843788]

Gen: 2
     [0.13864689837514016, 0.45589571304013804, 0.05146139478293832]
     [0.12023293562475945, 0.6022840209988476, 0.06416930841681467]
     [0.1278694422597433, 0.5443786621465895, 0.05032725093926064]
     [0.11856707776234542, 0.6385869068160893, 0.06449946349799308]
     [0.11252949346541943, 0.6648659524782177, 0.06527899632855322]
     [0.1449940594722134, 0.44668890121883553, 0.04713575182120268]
     [0.1123328703626232, 0.6003877835972417, 0.06708873529204969]
     [0.1303452199668669, 0.4788151869714467, 0.05120766448906973]
     [0.12557355377432688, 0.5374705046674267, 0.05628532735793396]
     [0.11789437574256598, 0.6899255528660012, 0.06465231307261272]
     [0.1202546896701752, 0.5725783341158107, 0.055420198765586834]
     [0.13808798674676617, 0.5080818735557195, 0.04563476899843788]

Gen: 3
     [0.13864689837514016, 0.45589571304013804, 0.05146139478293832]
     [0.12023293562475945, 0.6022840209988476, 0.06416930841681467]
     [0.1278694422597433, 0.5443786621465895, 0.05032725093926064]
     [0.11856707776234542, 0.6385869068160893, 0.06449946349799308]
     [0.11252949346541943, 0.6648659524782177, 0.06527899632855322]
     [0.1449940594722134, 0.44668890121883553, 0.04713575182120268]
     [0.1123328703626232, 0.6003877835972417, 0.06708873529204969]
     [0.1227446911762245, 0.5164655598168393, 0.05906413262451891]
     [0.1303452199668669, 0.4788151869714467, 0.05120766448906973]
     [0.1279882528154755, 0.5326841819656238, 0.055762581812734816]
     [0.12557355377432688, 0.5374705046674267, 0.05628532735793396]
     [0.11789437574256598, 0.6899255528660012, 0.06465231307261272]
     [0.1202546896701752, 0.5725783341158107, 0.055420198765586834]
     [0.13808798674676617, 0.5080818735557195, 0.04563476899843788]

Gen: 4
     [0.15593048745795612, 0.46627319232481146, 0.042434098905902745]
     [0.13864689837514016, 0.45589571304013804, 0.05146139478293832]
     [0.12023293562475945, 0.6022840209988476, 0.06416930841681467]
     [0.1278694422597433, 0.5443786621465895, 0.05032725093926064]
     [0.11856707776234542, 0.6385869068160893, 0.06449946349799308]
     [0.11252949346541943, 0.6648659524782177, 0.06527899632855322]
     [0.1449940594722134, 0.44668890121883553, 0.04713575182120268]
     [0.14906792282334042, 0.4633831070246145, 0.046903420467780836]
     [0.1123328703626232, 0.6003877835972417, 0.06708873529204969]
     [0.1227446911762245, 0.5164655598168393, 0.05906413262451891]
     [0.1303452199668669, 0.4788151869714467, 0.05120766448906973]
     [0.1279882528154755, 0.5326841819656238, 0.055762581812734816]
     [0.12557355377432688, 0.5374705046674267, 0.05628532735793396]
     [0.11789437574256598, 0.6899255528660012, 0.06465231307261272]
     [0.1202546896701752, 0.5725783341158107, 0.055420198765586834]
     [0.13808798674676617, 0.5080818735557195, 0.04563476899843788]

Gen: 5
     [0.15593048745795612, 0.46627319232481146, 0.042434098905902745]
     [0.14608343513110997, 0.4836198013523648, 0.04643570076944476]
     [0.13864689837514016, 0.45589571304013804, 0.05146139478293832]
     [0.12023293562475945, 0.6022840209988476, 0.06416930841681467]
     [0.1278694422597433, 0.5443786621465895, 0.05032725093926064]
     [0.11252949346541943, 0.6648659524782177, 0.06527899632855322]
     [0.1449940594722134, 0.44668890121883553, 0.04713575182120268]
     [0.14906792282334042, 0.4633831070246145, 0.046903420467780836]
     [0.1123328703626232, 0.6003877835972417, 0.06708873529204969]
     [0.1227446911762245, 0.5164655598168393, 0.05906413262451891]
     [0.1303452199668669, 0.4788151869714467, 0.05120766448906973]
     [0.1279882528154755, 0.5326841819656238, 0.055762581812734816]
     [0.12557355377432688, 0.5374705046674267, 0.05628532735793396]
     [0.11789437574256598, 0.6899255528660012, 0.06465231307261272]
     [0.1202546896701752, 0.5725783341158107, 0.055420198765586834]
     [0.13808798674676617, 0.5080818735557195, 0.04563476899843788]
     [0.11849846884988036, 0.6089909700077435, 0.06369241774400142]

Gen: 6
     [0.15593048745795612, 0.46627319232481146, 0.042434098905902745]
     [0.14608343513110997, 0.4836198013523648, 0.04643570076944476]
     [0.13864689837514016, 0.45589571304013804, 0.05146139478293832]
     [0.12023293562475945, 0.6022840209988476, 0.06416930841681467]
     [0.1278694422597433, 0.5443786621465895, 0.05032725093926064]
     [0.11252949346541943, 0.6648659524782177, 0.06527899632855322]
     [0.1449940594722134, 0.44668890121883553, 0.04713575182120268]
     [0.14906792282334042, 0.4633831070246145, 0.046903420467780836]
     [0.1123328703626232, 0.6003877835972417, 0.06708873529204969]
     [0.1227446911762245, 0.5164655598168393, 0.05906413262451891]
     [0.1303452199668669, 0.4788151869714467, 0.05120766448906973]
     [0.1279882528154755, 0.5326841819656238, 0.055762581812734816]
     [0.11117739587342493, 0.7430933668274302, 0.07419929750335505]
     [0.12557355377432688, 0.5374705046674267, 0.05628532735793396]
     [0.11789437574256598, 0.6899255528660012, 0.06465231307261272]
     [0.1202546896701752, 0.5725783341158107, 0.055420198765586834]
     [0.13808798674676617, 0.5080818735557195, 0.04563476899843788]
     [0.11849846884988036, 0.6089909700077435, 0.06369241774400142]

Gen: 7
     [0.15593048745795612, 0.46627319232481146, 0.042434098905902745]
     [0.14608343513110997, 0.4836198013523648, 0.04643570076944476]
     [0.13864689837514016, 0.45589571304013804, 0.05146139478293832]
     [0.12023293562475945, 0.6022840209988476, 0.06416930841681467]
     [0.1278694422597433, 0.5443786621465895, 0.05032725093926064]
     [0.11252949346541943, 0.6648659524782177, 0.06527899632855322]
     [0.1449940594722134, 0.44668890121883553, 0.04713575182120268]
     [0.14906792282334042, 0.4633831070246145, 0.046903420467780836]
     [0.1123328703626232, 0.6003877835972417, 0.06708873529204969]
     [0.1227446911762245, 0.5164655598168393, 0.05906413262451891]
     [0.1303452199668669, 0.4788151869714467, 0.05120766448906973]
     [0.1279882528154755, 0.5326841819656238, 0.055762581812734816]
     [0.11117739587342493, 0.7430933668274302, 0.07419929750335505]
     [0.12557355377432688, 0.5374705046674267, 0.05628532735793396]
     [0.11789437574256598, 0.6899255528660012, 0.06465231307261272]
     [0.1202546896701752, 0.5725783341158107, 0.055420198765586834]
     [0.13808798674676617, 0.5080818735557195, 0.04563476899843788]
     [0.11849846884988036, 0.6089909700077435, 0.06369241774400142]

Gen: 8
     [0.15593048745795612, 0.46627319232481146, 0.042434098905902745]
     [0.14608343513110997, 0.4836198013523648, 0.04643570076944476]
     [0.13864689837514016, 0.45589571304013804, 0.05146139478293832]
     [0.12023293562475945, 0.6022840209988476, 0.06416930841681467]
     [0.1278694422597433, 0.5443786621465895, 0.05032725093926064]
     [0.11252949346541943, 0.6648659524782177, 0.06527899632855322]
     [0.1449940594722134, 0.44668890121883553, 0.04713575182120268]
     [0.14906792282334042, 0.4633831070246145, 0.046903420467780836]
     [0.1123328703626232, 0.6003877835972417, 0.06708873529204969]
     [0.1227446911762245, 0.5164655598168393, 0.05906413262451891]
     [0.1303452199668669, 0.4788151869714467, 0.05120766448906973]
     [0.1279882528154755, 0.5326841819656238, 0.055762581812734816]
     [0.11117739587342493, 0.7430933668274302, 0.07419929750335505]
     [0.12557355377432688, 0.5374705046674267, 0.05628532735793396]
     [0.11789437574256598, 0.6899255528660012, 0.06465231307261272]
     [0.1202546896701752, 0.5725783341158107, 0.055420198765586834]
     [0.13808798674676617, 0.5080818735557195, 0.04563476899843788]
     [0.11849846884988036, 0.6089909700077435, 0.06369241774400142]

Gen: 9
     [0.15593048745795612, 0.46627319232481146, 0.042434098905902745]
     [0.14608343513110997, 0.4836198013523648, 0.04643570076944476]
     [0.13864689837514016, 0.45589571304013804, 0.05146139478293832]
     [0.12023293562475945, 0.6022840209988476, 0.06416930841681467]
     [0.1278694422597433, 0.5443786621465895, 0.05032725093926064]
     [0.11252949346541943, 0.6648659524782177, 0.06527899632855322]
     [0.1449940594722134, 0.44668890121883553, 0.04713575182120268]
     [0.13576950752187955, 0.4764616575919614, 0.050883623390876105]
     [0.14906792282334042, 0.4633831070246145, 0.046903420467780836]
     [0.1123328703626232, 0.6003877835972417, 0.06708873529204969]
     [0.1227446911762245, 0.5164655598168393, 0.05906413262451891]
     [0.1303452199668669, 0.4788151869714467, 0.05120766448906973]
     [0.117518700112117, 0.6216671036345567, 0.06129267942247317]
     [0.1279882528154755, 0.5326841819656238, 0.055762581812734816]
     [0.11117739587342493, 0.7430933668274302, 0.07419929750335505]
     [0.12557355377432688, 0.5374705046674267, 0.05628532735793396]
     [0.13818587995113707, 0.47724819979391375, 0.04997569691763548]
     [0.1202546896701752, 0.5725783341158107, 0.055420198765586834]
     [0.13808798674676617, 0.5080818735557195, 0.04563476899843788]
     [0.11849846884988036, 0.6089909700077435, 0.06369241774400142]

Gen: 10
     [0.15593048745795612, 0.46627319232481146, 0.042434098905902745]
     [0.14608343513110997, 0.4836198013523648, 0.04643570076944476]
     [0.13864689837514016, 0.45589571304013804, 0.05146139478293832]
     [0.12023293562475945, 0.6022840209988476, 0.06416930841681467]
     [0.1278694422597433, 0.5443786621465895, 0.05032725093926064]
     [0.11252949346541943, 0.6648659524782177, 0.06527899632855322]
     [0.1449940594722134, 0.44668890121883553, 0.04713575182120268]
     [0.13576950752187955, 0.4764616575919614, 0.050883623390876105]
     [0.14906792282334042, 0.4633831070246145, 0.046903420467780836]
     [0.1123328703626232, 0.6003877835972417, 0.06708873529204969]
     [0.1227446911762245, 0.5164655598168393, 0.05906413262451891]
     [0.1303452199668669, 0.4788151869714467, 0.05120766448906973]
     [0.117518700112117, 0.6216671036345567, 0.06129267942247317]
     [0.1279882528154755, 0.5326841819656238, 0.055762581812734816]
     [0.11117739587342493, 0.7430933668274302, 0.07419929750335505]
     [0.13012684281865494, 0.5258613856556652, 0.057544807852799744]
     [0.10884971301393932, 0.8251010615271113, 0.08268856287772951]
     [0.12557355377432688, 0.5374705046674267, 0.05628532735793396]
     [0.13628909452969426, 0.5274832478705437, 0.04890880688679043]
     [0.13818587995113707, 0.47724819979391375, 0.04997569691763548]
     [0.1202546896701752, 0.5725783341158107, 0.055420198765586834]
     [0.13808798674676617, 0.5080818735557195, 0.04563476899843788]
     [0.11849846884988036, 0.6089909700077435, 0.06369241774400142]

Gen: 11
     [0.15593048745795612, 0.46627319232481146, 0.042434098905902745]
     [0.14608343513110997, 0.4836198013523648, 0.04643570076944476]
     [0.13864689837514016, 0.45589571304013804, 0.05146139478293832]
     [0.12023293562475945, 0.6022840209988476, 0.06416930841681467]
     [0.1278694422597433, 0.5443786621465895, 0.05032725093926064]
     [0.11252949346541943, 0.6648659524782177, 0.06527899632855322]
     [0.1449940594722134, 0.44668890121883553, 0.04713575182120268]
     [0.13576950752187955, 0.4764616575919614, 0.050883623390876105]
     [0.14906792282334042, 0.4633831070246145, 0.046903420467780836]
     [0.1123328703626232, 0.6003877835972417, 0.06708873529204969]
     [0.1227446911762245, 0.5164655598168393, 0.05906413262451891]
     [0.1303452199668669, 0.4788151869714467, 0.05120766448906973]
     [0.117518700112117, 0.6216671036345567, 0.06129267942247317]
     [0.1279882528154755, 0.5326841819656238, 0.055762581812734816]
     [0.11117739587342493, 0.7430933668274302, 0.07419929750335505]
     [0.13012684281865494, 0.5258613856556652, 0.057544807852799744]
     [0.10884971301393932, 0.8251010615271113, 0.08268856287772951]
     [0.12557355377432688, 0.5374705046674267, 0.05628532735793396]
     [0.14268311049381682, 0.471090001158473, 0.05093864923773917]
     [0.13628909452969426, 0.5274832478705437, 0.04890880688679043]
     [0.13818587995113707, 0.47724819979391375, 0.04997569691763548]
     [0.1202546896701752, 0.5725783341158107, 0.055420198765586834]
     [0.13808798674676617, 0.5080818735557195, 0.04563476899843788]
     [0.11849846884988036, 0.6089909700077435, 0.06369241774400142]

Gen: 12
     [0.15593048745795612, 0.46627319232481146, 0.042434098905902745]
     [0.14608343513110997, 0.4836198013523648, 0.04643570076944476]
     [0.13864689837514016, 0.45589571304013804, 0.05146139478293832]
     [0.12023293562475945, 0.6022840209988476, 0.06416930841681467]
     [0.1278694422597433, 0.5443786621465895, 0.05032725093926064]
     [0.11252949346541943, 0.6648659524782177, 0.06527899632855322]
     [0.1449940594722134, 0.44668890121883553, 0.04713575182120268]
     [0.12846935189678543, 0.5355132950021035, 0.05416988924519823]
     [0.13576950752187955, 0.4764616575919614, 0.050883623390876105]
     [0.14906792282334042, 0.4633831070246145, 0.046903420467780836]
     [0.1123328703626232, 0.6003877835972417, 0.06708873529204969]
     [0.1227446911762245, 0.5164655598168393, 0.05906413262451891]
     [0.1303452199668669, 0.4788151869714467, 0.05120766448906973]
     [0.117518700112117, 0.6216671036345567, 0.06129267942247317]
     [0.1279882528154755, 0.5326841819656238, 0.055762581812734816]
     [0.11117739587342493, 0.7430933668274302, 0.07419929750335505]
     [0.13012684281865494, 0.5258613856556652, 0.057544807852799744]
     [0.10884971301393932, 0.8251010615271113, 0.08268856287772951]
     [0.12557355377432688, 0.5374705046674267, 0.05628532735793396]
     [0.14268311049381682, 0.471090001158473, 0.05093864923773917]
     [0.13628909452969426, 0.5274832478705437, 0.04890880688679043]
     [0.13818587995113707, 0.47724819979391375, 0.04997569691763548]
     [0.1202546896701752, 0.5725783341158107, 0.055420198765586834]
     [0.13808798674676617, 0.5080818735557195, 0.04563476899843788]
     [0.11849846884988036, 0.6089909700077435, 0.06369241774400142]

Gen: 13
     [0.12023293562475945, 0.6022840209988476, 0.06416930841681467]
     [0.1278694422597433, 0.5443786621465895, 0.05032725093926064]
     [0.11252949346541943, 0.6648659524782177, 0.06527899632855322]
     [0.12846935189678543, 0.5355132950021035, 0.05416988924519823]
     [0.1123328703626232, 0.6003877835972417, 0.06708873529204969]
     [0.1227446911762245, 0.5164655598168393, 0.05906413262451891]
     [0.1303452199668669, 0.4788151869714467, 0.05120766448906973]
     [0.13293478806539602, 0.4459816229597156, 0.04196637920756666]
     [0.117518700112117, 0.6216671036345567, 0.06129267942247317]
     [0.1279882528154755, 0.5326841819656238, 0.055762581812734816]
     [0.11117739587342493, 0.7430933668274302, 0.07419929750335505]
     [0.13012684281865494, 0.5258613856556652, 0.057544807852799744]
     [0.10884971301393932, 0.8251010615271113, 0.08268856287772951]
     [0.12557355377432688, 0.5374705046674267, 0.05628532735793396]
     [0.1202546896701752, 0.5725783341158107, 0.055420198765586834]
     [0.11849846884988036, 0.6089909700077435, 0.06369241774400142]

