Gen: 2
     [0.14105435099690403, 0.6215646828240616, 0.10855233431304624]
     [0.12886547272660526, 0.7039302705082932, 0.09605346392347051]
     [0.15089056023128788, 0.5938274376397655, 0.08137928660260521]
     [0.18430517117443582, 0.5395099249691329, 0.07824865199822705]
     [0.15776501178505606, 0.6049784577659969, 0.07426596838812123]
     [0.15819370282079492, 0.47646759167321423, 0.07871986091806128]
     [0.12599845339642907, 0.6335186800093249, 0.09659137364930868]
     [0.14881223766852078, 0.6528462514786002, 0.0944440380237627]

Gen: 3
     [0.14105435099690403, 0.6215646828240616, 0.10855233431304624]
     [0.1451561268278087, 0.6071629007330404, 0.0854265193798116]
     [0.12886547272660526, 0.7039302705082932, 0.09605346392347051]
     [0.15089056023128788, 0.5938274376397655, 0.08137928660260521]
     [0.18430517117443582, 0.5395099249691329, 0.07824865199822705]
     [0.15776501178505606, 0.6049784577659969, 0.07426596838812123]
     [0.15819370282079492, 0.47646759167321423, 0.07871986091806128]
     [0.12599845339642907, 0.6335186800093249, 0.09659137364930868]

Gen: 4
     [0.14105435099690403, 0.6215646828240616, 0.10855233431304624]
     [0.1451561268278087, 0.6071629007330404, 0.0854265193798116]
     [0.12886547272660526, 0.7039302705082932, 0.09605346392347051]
     [0.15089056023128788, 0.5938274376397655, 0.08137928660260521]
     [0.18430517117443582, 0.5395099249691329, 0.07824865199822705]
     [0.15776501178505606, 0.6049784577659969, 0.07426596838812123]
     [0.15819370282079492, 0.47646759167321423, 0.07871986091806128]
     [0.12599845339642907, 0.6335186800093249, 0.09659137364930868]
     [0.13792838017552647, 0.6772938809694437, 0.09226873109247313]

Gen: 5
     [0.14105435099690403, 0.6215646828240616, 0.10855233431304624]
     [0.1451561268278087, 0.6071629007330404, 0.0854265193798116]
     [0.12886547272660526, 0.7039302705082932, 0.09605346392347051]
     [0.13574150325288073, 0.6285583539833706, 0.09174588283895843]
     [0.15089056023128788, 0.5938274376397655, 0.08137928660260521]
     [0.18430517117443582, 0.5395099249691329, 0.07824865199822705]
     [0.15776501178505606, 0.6049784577659969, 0.07426596838812123]
     [0.15819370282079492, 0.47646759167321423, 0.07871986091806128]
     [0.12599845339642907, 0.6335186800093249, 0.09659137364930868]

Gen: 6
     [0.14105435099690403, 0.6215646828240616, 0.10855233431304624]
     [0.1451561268278087, 0.6071629007330404, 0.0854265193798116]
     [0.12886547272660526, 0.7039302705082932, 0.09605346392347051]
     [0.13574150325288073, 0.6285583539833706, 0.09174588283895843]
     [0.15089056023128788, 0.5938274376397655, 0.08137928660260521]
     [0.18430517117443582, 0.5395099249691329, 0.07824865199822705]
     [0.15776501178505606, 0.6049784577659969, 0.07426596838812123]
     [0.15819370282079492, 0.47646759167321423, 0.07871986091806128]
     [0.12599845339642907, 0.6335186800093249, 0.09659137364930868]
     [0.15099398293051772, 0.6299311857294572, 0.07694691046169867]

Gen: 7
     [0.12886547272660526, 0.7039302705082932, 0.09605346392347051]
     [0.13574150325288073, 0.6285583539833706, 0.09174588283895843]
     [0.15089056023128788, 0.5938274376397655, 0.08137928660260521]
     [0.18430517117443582, 0.5395099249691329, 0.07824865199822705]
     [0.15776501178505606, 0.6049784577659969, 0.07426596838812123]
     [0.15819370282079492, 0.47646759167321423, 0.07871986091806128]
     [0.12599845339642907, 0.6335186800093249, 0.09659137364930868]
     [0.13845930968111467, 0.5659693141885183, 0.08222918396942952]
     [0.15264558817318014, 0.6035840406150977, 0.0808650449047039]
     [0.15099398293051772, 0.6299311857294572, 0.07694691046169867]

Gen: 8
     [0.12886547272660526, 0.7039302705082932, 0.09605346392347051]
     [0.13574150325288073, 0.6285583539833706, 0.09174588283895843]
     [0.15089056023128788, 0.5938274376397655, 0.08137928660260521]
     [0.18430517117443582, 0.5395099249691329, 0.07824865199822705]
     [0.15776501178505606, 0.6049784577659969, 0.07426596838812123]
     [0.15819370282079492, 0.47646759167321423, 0.07871986091806128]
     [0.12599845339642907, 0.6335186800093249, 0.09659137364930868]
     [0.13845930968111467, 0.5659693141885183, 0.08222918396942952]
     [0.15264558817318014, 0.6035840406150977, 0.0808650449047039]
     [0.15099398293051772, 0.6299311857294572, 0.07694691046169867]

Gen: 9
     [0.12886547272660526, 0.7039302705082932, 0.09605346392347051]
     [0.13574150325288073, 0.6285583539833706, 0.09174588283895843]
     [0.15089056023128788, 0.5938274376397655, 0.08137928660260521]
     [0.18430517117443582, 0.5395099249691329, 0.07824865199822705]
     [0.15776501178505606, 0.6049784577659969, 0.07426596838812123]
     [0.15819370282079492, 0.47646759167321423, 0.07871986091806128]
     [0.12599845339642907, 0.6335186800093249, 0.09659137364930868]
     [0.17885968973979718, 0.5813251711722601, 0.07598943114970673]
     [0.13845930968111467, 0.5659693141885183, 0.08222918396942952]
     [0.1717472080805497, 0.5789766791286404, 0.0785369716112763]
     [0.15264558817318014, 0.6035840406150977, 0.0808650449047039]
     [0.15099398293051772, 0.6299311857294572, 0.07694691046169867]

Gen: 10
     [0.12886547272660526, 0.7039302705082932, 0.09605346392347051]
     [0.13574150325288073, 0.6285583539833706, 0.09174588283895843]
     [0.15089056023128788, 0.5938274376397655, 0.08137928660260521]
     [0.18430517117443582, 0.5395099249691329, 0.07824865199822705]
     [0.15776501178505606, 0.6049784577659969, 0.07426596838812123]
     [0.15819370282079492, 0.47646759167321423, 0.07871986091806128]
     [0.12599845339642907, 0.6335186800093249, 0.09659137364930868]
     [0.17885968973979718, 0.5813251711722601, 0.07598943114970673]
     [0.13845930968111467, 0.5659693141885183, 0.08222918396942952]
     [0.1717472080805497, 0.5789766791286404, 0.0785369716112763]
     [0.15264558817318014, 0.6035840406150977, 0.0808650449047039]
     [0.15099398293051772, 0.6299311857294572, 0.07694691046169867]

Gen: 11
     [0.12886547272660526, 0.7039302705082932, 0.09605346392347051]
     [0.13574150325288073, 0.6285583539833706, 0.09174588283895843]
     [0.15089056023128788, 0.5938274376397655, 0.08137928660260521]
     [0.18430517117443582, 0.5395099249691329, 0.07824865199822705]
     [0.15776501178505606, 0.6049784577659969, 0.07426596838812123]
     [0.15819370282079492, 0.47646759167321423, 0.07871986091806128]
     [0.12599845339642907, 0.6335186800093249, 0.09659137364930868]
     [0.17885968973979718, 0.5813251711722601, 0.07598943114970673]
     [0.13845930968111467, 0.5659693141885183, 0.08222918396942952]
     [0.1717472080805497, 0.5789766791286404, 0.0785369716112763]
     [0.15264558817318014, 0.6035840406150977, 0.0808650449047039]
     [0.15099398293051772, 0.6299311857294572, 0.07694691046169867]

Gen: 12
     [0.12886547272660526, 0.7039302705082932, 0.09605346392347051]
     [0.13574150325288073, 0.6285583539833706, 0.09174588283895843]
     [0.15089056023128788, 0.5938274376397655, 0.08137928660260521]
     [0.18430517117443582, 0.5395099249691329, 0.07824865199822705]
     [0.15776501178505606, 0.6049784577659969, 0.07426596838812123]
     [0.15819370282079492, 0.47646759167321423, 0.07871986091806128]
     [0.12599845339642907, 0.6335186800093249, 0.09659137364930868]
     [0.17885968973979718, 0.5813251711722601, 0.07598943114970673]
     [0.13845930968111467, 0.5659693141885183, 0.08222918396942952]
     [0.1717472080805497, 0.5789766791286404, 0.0785369716112763]
     [0.15264558817318014, 0.6035840406150977, 0.0808650449047039]
     [0.15099398293051772, 0.6299311857294572, 0.07694691046169867]

Gen: 13
     [0.12886547272660526, 0.7039302705082932, 0.09605346392347051]
     [0.13574150325288073, 0.6285583539833706, 0.09174588283895843]
     [0.15089056023128788, 0.5938274376397655, 0.08137928660260521]
     [0.15776501178505606, 0.6049784577659969, 0.07426596838812123]
     [0.15587024477626552, 0.45127310717585195, 0.07442518966696933]
     [0.12599845339642907, 0.6335186800093249, 0.09659137364930868]
     [0.13845930968111467, 0.5659693141885183, 0.08222918396942952]
     [0.15264558817318014, 0.6035840406150977, 0.0808650449047039]
     [0.15099398293051772, 0.6299311857294572, 0.07694691046169867]

Gen: 14
     [0.12886547272660526, 0.7039302705082932, 0.09605346392347051]
     [0.13574150325288073, 0.6285583539833706, 0.09174588283895843]
     [0.15089056023128788, 0.5938274376397655, 0.08137928660260521]
     [0.15776501178505606, 0.6049784577659969, 0.07426596838812123]
     [0.19227779810704881, 0.5560054913269843, 0.06949578493938834]
     [0.15587024477626552, 0.45127310717585195, 0.07442518966696933]
     [0.12599845339642907, 0.6335186800093249, 0.09659137364930868]
     [0.13845930968111467, 0.5659693141885183, 0.08222918396942952]
     [0.15264558817318014, 0.6035840406150977, 0.0808650449047039]
     [0.15099398293051772, 0.6299311857294572, 0.07694691046169867]

Gen: 15
     [0.12886547272660526, 0.7039302705082932, 0.09605346392347051]
     [0.13574150325288073, 0.6285583539833706, 0.09174588283895843]
     [0.15089056023128788, 0.5938274376397655, 0.08137928660260521]
     [0.15776501178505606, 0.6049784577659969, 0.07426596838812123]
     [0.19227779810704881, 0.5560054913269843, 0.06949578493938834]
     [0.15587024477626552, 0.45127310717585195, 0.07442518966696933]
     [0.12599845339642907, 0.6335186800093249, 0.09659137364930868]
     [0.13845930968111467, 0.5659693141885183, 0.08222918396942952]
     [0.15264558817318014, 0.6035840406150977, 0.0808650449047039]
     [0.15099398293051772, 0.6299311857294572, 0.07694691046169867]

Gen: 16
     [0.12886547272660526, 0.7039302705082932, 0.09605346392347051]
     [0.13574150325288073, 0.6285583539833706, 0.09174588283895843]
     [0.15089056023128788, 0.5938274376397655, 0.08137928660260521]
     [0.15776501178505606, 0.6049784577659969, 0.07426596838812123]
     [0.19227779810704881, 0.5560054913269843, 0.06949578493938834]
     [0.15587024477626552, 0.45127310717585195, 0.07442518966696933]
     [0.12599845339642907, 0.6335186800093249, 0.09659137364930868]
     [0.13845930968111467, 0.5659693141885183, 0.08222918396942952]
     [0.15264558817318014, 0.6035840406150977, 0.0808650449047039]
     [0.15099398293051772, 0.6299311857294572, 0.07694691046169867]

Gen: 17
     [0.1367315190149738, 0.5878180609399148, 0.09122088294654038]
     [0.12886547272660526, 0.7039302705082932, 0.09605346392347051]
     [0.13574150325288073, 0.6285583539833706, 0.09174588283895843]
     [0.15089056023128788, 0.5938274376397655, 0.08137928660260521]
     [0.15776501178505606, 0.6049784577659969, 0.07426596838812123]
     [0.15587024477626552, 0.45127310717585195, 0.07442518966696933]
     [0.12599845339642907, 0.6335186800093249, 0.09659137364930868]
     [0.13845930968111467, 0.5659693141885183, 0.08222918396942952]
     [0.1791229834053937, 0.3871212840725615, 0.062212487251539494]
     [0.15264558817318014, 0.6035840406150977, 0.0808650449047039]
     [0.15099398293051772, 0.6299311857294572, 0.07694691046169867]

Gen: 18
     [0.1367315190149738, 0.5878180609399148, 0.09122088294654038]
     [0.12886547272660526, 0.7039302705082932, 0.09605346392347051]
     [0.13574150325288073, 0.6285583539833706, 0.09174588283895843]
     [0.15089056023128788, 0.5938274376397655, 0.08137928660260521]
     [0.15776501178505606, 0.6049784577659969, 0.07426596838812123]
     [0.15587024477626552, 0.45127310717585195, 0.07442518966696933]
     [0.12599845339642907, 0.6335186800093249, 0.09659137364930868]
     [0.13845930968111467, 0.5659693141885183, 0.08222918396942952]
     [0.1791229834053937, 0.3871212840725615, 0.062212487251539494]
     [0.15264558817318014, 0.6035840406150977, 0.0808650449047039]
     [0.15099398293051772, 0.6299311857294572, 0.07694691046169867]

Gen: 19
     [0.1367315190149738, 0.5878180609399148, 0.09122088294654038]
     [0.12886547272660526, 0.7039302705082932, 0.09605346392347051]
     [0.13574150325288073, 0.6285583539833706, 0.09174588283895843]
     [0.15089056023128788, 0.5938274376397655, 0.08137928660260521]
     [0.15776501178505606, 0.6049784577659969, 0.07426596838812123]
     [0.15587024477626552, 0.45127310717585195, 0.07442518966696933]
     [0.12599845339642907, 0.6335186800093249, 0.09659137364930868]
     [0.13845930968111467, 0.5659693141885183, 0.08222918396942952]
     [0.1791229834053937, 0.3871212840725615, 0.062212487251539494]
     [0.15264558817318014, 0.6035840406150977, 0.0808650449047039]
     [0.15099398293051772, 0.6299311857294572, 0.07694691046169867]

Gen: 20
     [0.1367315190149738, 0.5878180609399148, 0.09122088294654038]
     [0.12886547272660526, 0.7039302705082932, 0.09605346392347051]
     [0.13574150325288073, 0.6285583539833706, 0.09174588283895843]
     [0.15089056023128788, 0.5938274376397655, 0.08137928660260521]
     [0.15776501178505606, 0.6049784577659969, 0.07426596838812123]
     [0.14839144149531855, 0.5584964470423678, 0.09120366983531356]
     [0.15587024477626552, 0.45127310717585195, 0.07442518966696933]
     [0.12599845339642907, 0.6335186800093249, 0.09659137364930868]
     [0.13845930968111467, 0.5659693141885183, 0.08222918396942952]
     [0.1791229834053937, 0.3871212840725615, 0.062212487251539494]
     [0.15264558817318014, 0.6035840406150977, 0.0808650449047039]
     [0.15099398293051772, 0.6299311857294572, 0.07694691046169867]

Gen: 21
     [0.1367315190149738, 0.5878180609399148, 0.09122088294654038]
     [0.1517893903310829, 0.5421260760324299, 0.09660213184382545]
     [0.12886547272660526, 0.7039302705082932, 0.09605346392347051]
     [0.13574150325288073, 0.6285583539833706, 0.09174588283895843]
     [0.15089056023128788, 0.5938274376397655, 0.08137928660260521]
     [0.15776501178505606, 0.6049784577659969, 0.07426596838812123]
     [0.14839144149531855, 0.5584964470423678, 0.09120366983531356]
     [0.15587024477626552, 0.45127310717585195, 0.07442518966696933]
     [0.12599845339642907, 0.6335186800093249, 0.09659137364930868]
     [0.13845930968111467, 0.5659693141885183, 0.08222918396942952]
     [0.1791229834053937, 0.3871212840725615, 0.062212487251539494]
     [0.15264558817318014, 0.6035840406150977, 0.0808650449047039]
     [0.15099398293051772, 0.6299311857294572, 0.07694691046169867]

Gen: 22
     [0.1367315190149738, 0.5878180609399148, 0.09122088294654038]
     [0.12886547272660526, 0.7039302705082932, 0.09605346392347051]
     [0.13574150325288073, 0.6285583539833706, 0.09174588283895843]
     [0.149736331328433, 0.5026809072777351, 0.07510510756042878]
     [0.15776501178505606, 0.6049784577659969, 0.07426596838812123]
     [0.14839144149531855, 0.5584964470423678, 0.09120366983531356]
     [0.15587024477626552, 0.45127310717585195, 0.07442518966696933]
     [0.12599845339642907, 0.6335186800093249, 0.09659137364930868]
     [0.13845930968111467, 0.5659693141885183, 0.08222918396942952]
     [0.1791229834053937, 0.3871212840725615, 0.062212487251539494]

Gen: 23
     [0.1367315190149738, 0.5878180609399148, 0.09122088294654038]
     [0.12886547272660526, 0.7039302705082932, 0.09605346392347051]
     [0.13574150325288073, 0.6285583539833706, 0.09174588283895843]
     [0.149736331328433, 0.5026809072777351, 0.07510510756042878]
     [0.15776501178505606, 0.6049784577659969, 0.07426596838812123]
     [0.14839144149531855, 0.5584964470423678, 0.09120366983531356]
     [0.15587024477626552, 0.45127310717585195, 0.07442518966696933]
     [0.12599845339642907, 0.6335186800093249, 0.09659137364930868]
     [0.13845930968111467, 0.5659693141885183, 0.08222918396942952]
     [0.1791229834053937, 0.3871212840725615, 0.062212487251539494]

Gen: 24
     [0.1367315190149738, 0.5878180609399148, 0.09122088294654038]
     [0.12886547272660526, 0.7039302705082932, 0.09605346392347051]
     [0.13574150325288073, 0.6285583539833706, 0.09174588283895843]
     [0.149736331328433, 0.5026809072777351, 0.07510510756042878]
     [0.15776501178505606, 0.6049784577659969, 0.07426596838812123]
     [0.14839144149531855, 0.5584964470423678, 0.09120366983531356]
     [0.15587024477626552, 0.45127310717585195, 0.07442518966696933]
     [0.12599845339642907, 0.6335186800093249, 0.09659137364930868]
     [0.13845930968111467, 0.5659693141885183, 0.08222918396942952]
     [0.1791229834053937, 0.3871212840725615, 0.062212487251539494]

Gen: 25
     [0.1367315190149738, 0.5878180609399148, 0.09122088294654038]
     [0.12886547272660526, 0.7039302705082932, 0.09605346392347051]
     [0.13574150325288073, 0.6285583539833706, 0.09174588283895843]
     [0.149736331328433, 0.5026809072777351, 0.07510510756042878]
     [0.15776501178505606, 0.6049784577659969, 0.07426596838812123]
     [0.14839144149531855, 0.5584964470423678, 0.09120366983531356]
     [0.15587024477626552, 0.45127310717585195, 0.07442518966696933]
     [0.12599845339642907, 0.6335186800093249, 0.09659137364930868]
     [0.13845930968111467, 0.5659693141885183, 0.08222918396942952]
     [0.1791229834053937, 0.3871212840725615, 0.062212487251539494]

Gen: 26
     [0.13413608295605758, 0.5765159429799946, 0.09059045274785804]
     [0.12886547272660526, 0.7039302705082932, 0.09605346392347051]
     [0.149736331328433, 0.5026809072777351, 0.07510510756042878]
     [0.15776501178505606, 0.6049784577659969, 0.07426596838812123]
     [0.14839144149531855, 0.5584964470423678, 0.09120366983531356]
     [0.15587024477626552, 0.45127310717585195, 0.07442518966696933]
     [0.12599845339642907, 0.6335186800093249, 0.09659137364930868]
     [0.13845930968111467, 0.5659693141885183, 0.08222918396942952]
     [0.1791229834053937, 0.3871212840725615, 0.062212487251539494]

Gen: 27
     [0.13413608295605758, 0.5765159429799946, 0.09059045274785804]
     [0.12886547272660526, 0.7039302705082932, 0.09605346392347051]
     [0.149736331328433, 0.5026809072777351, 0.07510510756042878]
     [0.15776501178505606, 0.6049784577659969, 0.07426596838812123]
     [0.14839144149531855, 0.5584964470423678, 0.09120366983531356]
     [0.15587024477626552, 0.45127310717585195, 0.07442518966696933]
     [0.12599845339642907, 0.6335186800093249, 0.09659137364930868]
     [0.13845930968111467, 0.5659693141885183, 0.08222918396942952]
     [0.1791229834053937, 0.3871212840725615, 0.062212487251539494]

Gen: 28
     [0.13413608295605758, 0.5765159429799946, 0.09059045274785804]
     [0.12886547272660526, 0.7039302705082932, 0.09605346392347051]
     [0.149736331328433, 0.5026809072777351, 0.07510510756042878]
     [0.15776501178505606, 0.6049784577659969, 0.07426596838812123]
     [0.14839144149531855, 0.5584964470423678, 0.09120366983531356]
     [0.15587024477626552, 0.45127310717585195, 0.07442518966696933]
     [0.12599845339642907, 0.6335186800093249, 0.09659137364930868]
     [0.13845930968111467, 0.5659693141885183, 0.08222918396942952]
     [0.1791229834053937, 0.3871212840725615, 0.062212487251539494]

Gen: 29
     [0.13413608295605758, 0.5765159429799946, 0.09059045274785804]
     [0.12886547272660526, 0.7039302705082932, 0.09605346392347051]
     [0.149736331328433, 0.5026809072777351, 0.07510510756042878]
     [0.15776501178505606, 0.6049784577659969, 0.07426596838812123]
     [0.14839144149531855, 0.5584964470423678, 0.09120366983531356]
     [0.15587024477626552, 0.45127310717585195, 0.07442518966696933]
     [0.12599845339642907, 0.6335186800093249, 0.09659137364930868]
     [0.13845930968111467, 0.5659693141885183, 0.08222918396942952]
     [0.1791229834053937, 0.3871212840725615, 0.062212487251539494]

Gen: 30
     [0.13413608295605758, 0.5765159429799946, 0.09059045274785804]
     [0.12886547272660526, 0.7039302705082932, 0.09605346392347051]
     [0.149736331328433, 0.5026809072777351, 0.07510510756042878]
     [0.15776501178505606, 0.6049784577659969, 0.07426596838812123]
     [0.14839144149531855, 0.5584964470423678, 0.09120366983531356]
     [0.15587024477626552, 0.45127310717585195, 0.07442518966696933]
     [0.12599845339642907, 0.6335186800093249, 0.09659137364930868]
     [0.13845930968111467, 0.5659693141885183, 0.08222918396942952]
     [0.12244221256680533, 0.927835674630242, 0.1416682086745474]
     [0.1791229834053937, 0.3871212840725615, 0.062212487251539494]

Gen: 31
     [0.13413608295605758, 0.5765159429799946, 0.09059045274785804]
     [0.12886547272660526, 0.7039302705082932, 0.09605346392347051]
     [0.149736331328433, 0.5026809072777351, 0.07510510756042878]
     [0.15776501178505606, 0.6049784577659969, 0.07426596838812123]
     [0.14839144149531855, 0.5584964470423678, 0.09120366983531356]
     [0.15587024477626552, 0.45127310717585195, 0.07442518966696933]
     [0.12599845339642907, 0.6335186800093249, 0.09659137364930868]
     [0.13845930968111467, 0.5659693141885183, 0.08222918396942952]
     [0.12244221256680533, 0.927835674630242, 0.1416682086745474]
     [0.1791229834053937, 0.3871212840725615, 0.062212487251539494]

Gen: 32
     [0.12579673965861826, 0.7385359915039846, 0.11611749669723428]
     [0.13413608295605758, 0.5765159429799946, 0.09059045274785804]
     [0.12886547272660526, 0.7039302705082932, 0.09605346392347051]
     [0.149736331328433, 0.5026809072777351, 0.07510510756042878]
     [0.15776501178505606, 0.6049784577659969, 0.07426596838812123]
     [0.14839144149531855, 0.5584964470423678, 0.09120366983531356]
     [0.15587024477626552, 0.45127310717585195, 0.07442518966696933]
     [0.12599845339642907, 0.6335186800093249, 0.09659137364930868]
     [0.13845930968111467, 0.5659693141885183, 0.08222918396942952]
     [0.12244221256680533, 0.927835674630242, 0.1416682086745474]
     [0.1791229834053937, 0.3871212840725615, 0.062212487251539494]

Gen: 33
     [0.12579673965861826, 0.7385359915039846, 0.11611749669723428]
     [0.13413608295605758, 0.5765159429799946, 0.09059045274785804]
     [0.12886547272660526, 0.7039302705082932, 0.09605346392347051]
     [0.149736331328433, 0.5026809072777351, 0.07510510756042878]
     [0.15776501178505606, 0.6049784577659969, 0.07426596838812123]
     [0.14839144149531855, 0.5584964470423678, 0.09120366983531356]
     [0.15587024477626552, 0.45127310717585195, 0.07442518966696933]
     [0.12599845339642907, 0.6335186800093249, 0.09659137364930868]
     [0.13845930968111467, 0.5659693141885183, 0.08222918396942952]
     [0.12244221256680533, 0.927835674630242, 0.1416682086745474]
     [0.1791229834053937, 0.3871212840725615, 0.062212487251539494]

Gen: 34
     [0.12579673965861826, 0.7385359915039846, 0.11611749669723428]
     [0.13413608295605758, 0.5765159429799946, 0.09059045274785804]
     [0.12886547272660526, 0.7039302705082932, 0.09605346392347051]
     [0.149736331328433, 0.5026809072777351, 0.07510510756042878]
     [0.15776501178505606, 0.6049784577659969, 0.07426596838812123]
     [0.14839144149531855, 0.5584964470423678, 0.09120366983531356]
     [0.15587024477626552, 0.45127310717585195, 0.07442518966696933]
     [0.12599845339642907, 0.6335186800093249, 0.09659137364930868]
     [0.13845930968111467, 0.5659693141885183, 0.08222918396942952]
     [0.12244221256680533, 0.927835674630242, 0.1416682086745474]
     [0.1791229834053937, 0.3871212840725615, 0.062212487251539494]

Gen: 35
     [0.13413608295605758, 0.5765159429799946, 0.09059045274785804]
     [0.12886547272660526, 0.7039302705082932, 0.09605346392347051]
     [0.149736331328433, 0.5026809072777351, 0.07510510756042878]
     [0.15776501178505606, 0.6049784577659969, 0.07426596838812123]
     [0.14839144149531855, 0.5584964470423678, 0.09120366983531356]
     [0.15587024477626552, 0.45127310717585195, 0.07442518966696933]
     [0.12599845339642907, 0.6335186800093249, 0.09659137364930868]
     [0.13845930968111467, 0.5659693141885183, 0.08222918396942952]
     [0.12027388857112067, 0.7252566504632227, 0.1008107375387833]
     [0.1791229834053937, 0.3871212840725615, 0.062212487251539494]

Gen: 36
     [0.13413608295605758, 0.5765159429799946, 0.09059045274785804]
     [0.12886547272660526, 0.7039302705082932, 0.09605346392347051]
     [0.149736331328433, 0.5026809072777351, 0.07510510756042878]
     [0.15776501178505606, 0.6049784577659969, 0.07426596838812123]
     [0.14839144149531855, 0.5584964470423678, 0.09120366983531356]
     [0.15587024477626552, 0.45127310717585195, 0.07442518966696933]
     [0.12599845339642907, 0.6335186800093249, 0.09659137364930868]
     [0.13845930968111467, 0.5659693141885183, 0.08222918396942952]
     [0.12027388857112067, 0.7252566504632227, 0.1008107375387833]
     [0.1791229834053937, 0.3871212840725615, 0.062212487251539494]

Gen: 37
     [0.13413608295605758, 0.5765159429799946, 0.09059045274785804]
     [0.12886547272660526, 0.7039302705082932, 0.09605346392347051]
     [0.149736331328433, 0.5026809072777351, 0.07510510756042878]
     [0.14839144149531855, 0.5584964470423678, 0.09120366983531356]
     [0.15587024477626552, 0.45127310717585195, 0.07442518966696933]
     [0.12599845339642907, 0.6335186800093249, 0.09659137364930868]
     [0.13845930968111467, 0.5659693141885183, 0.08222918396942952]
     [0.12027388857112067, 0.7252566504632227, 0.1008107375387833]
     [0.1791229834053937, 0.3871212840725615, 0.062212487251539494]
     [0.15683499697824135, 0.5707958107046339, 0.06828656387570413]

Gen: 38
     [0.13413608295605758, 0.5765159429799946, 0.09059045274785804]
     [0.12886547272660526, 0.7039302705082932, 0.09605346392347051]
     [0.149736331328433, 0.5026809072777351, 0.07510510756042878]
     [0.14839144149531855, 0.5584964470423678, 0.09120366983531356]
     [0.15587024477626552, 0.45127310717585195, 0.07442518966696933]
     [0.12599845339642907, 0.6335186800093249, 0.09659137364930868]
     [0.13845930968111467, 0.5659693141885183, 0.08222918396942952]
     [0.12027388857112067, 0.7252566504632227, 0.1008107375387833]
     [0.1791229834053937, 0.3871212840725615, 0.062212487251539494]
     [0.15683499697824135, 0.5707958107046339, 0.06828656387570413]

Gen: 39
     [0.13413608295605758, 0.5765159429799946, 0.09059045274785804]
     [0.12886547272660526, 0.7039302705082932, 0.09605346392347051]
     [0.149736331328433, 0.5026809072777351, 0.07510510756042878]
     [0.14839144149531855, 0.5584964470423678, 0.09120366983531356]
     [0.15587024477626552, 0.45127310717585195, 0.07442518966696933]
     [0.12599845339642907, 0.6335186800093249, 0.09659137364930868]
     [0.13845930968111467, 0.5659693141885183, 0.08222918396942952]
     [0.12027388857112067, 0.7252566504632227, 0.1008107375387833]
     [0.1791229834053937, 0.3871212840725615, 0.062212487251539494]
     [0.15683499697824135, 0.5707958107046339, 0.06828656387570413]

Gen: 40
     [0.13413608295605758, 0.5765159429799946, 0.09059045274785804]
     [0.12886547272660526, 0.7039302705082932, 0.09605346392347051]
     [0.149736331328433, 0.5026809072777351, 0.07510510756042878]
     [0.14839144149531855, 0.5584964470423678, 0.09120366983531356]
     [0.15587024477626552, 0.45127310717585195, 0.07442518966696933]
     [0.12599845339642907, 0.6335186800093249, 0.09659137364930868]
     [0.13845930968111467, 0.5659693141885183, 0.08222918396942952]
     [0.12027388857112067, 0.7252566504632227, 0.1008107375387833]
     [0.1791229834053937, 0.3871212840725615, 0.062212487251539494]
     [0.15683499697824135, 0.5707958107046339, 0.06828656387570413]

Gen: 41
     [0.13413608295605758, 0.5765159429799946, 0.09059045274785804]
     [0.12886547272660526, 0.7039302705082932, 0.09605346392347051]
     [0.149736331328433, 0.5026809072777351, 0.07510510756042878]
     [0.14839144149531855, 0.5584964470423678, 0.09120366983531356]
     [0.15587024477626552, 0.45127310717585195, 0.07442518966696933]
     [0.12599845339642907, 0.6335186800093249, 0.09659137364930868]
     [0.13845930968111467, 0.5659693141885183, 0.08222918396942952]
     [0.12027388857112067, 0.7252566504632227, 0.1008107375387833]
     [0.1791229834053937, 0.3871212840725615, 0.062212487251539494]
     [0.15683499697824135, 0.5707958107046339, 0.06828656387570413]

Gen: 42
     [0.13413608295605758, 0.5765159429799946, 0.09059045274785804]
     [0.12886547272660526, 0.7039302705082932, 0.09605346392347051]
     [0.149736331328433, 0.5026809072777351, 0.07510510756042878]
     [0.14839144149531855, 0.5584964470423678, 0.09120366983531356]
     [0.15587024477626552, 0.45127310717585195, 0.07442518966696933]
     [0.12599845339642907, 0.6335186800093249, 0.09659137364930868]
     [0.13845930968111467, 0.5659693141885183, 0.08222918396942952]
     [0.12027388857112067, 0.7252566504632227, 0.1008107375387833]
     [0.1791229834053937, 0.3871212840725615, 0.062212487251539494]
     [0.15683499697824135, 0.5707958107046339, 0.06828656387570413]

Gen: 43
     [0.13413608295605758, 0.5765159429799946, 0.09059045274785804]
     [0.12886547272660526, 0.7039302705082932, 0.09605346392347051]
     [0.149736331328433, 0.5026809072777351, 0.07510510756042878]
     [0.14839144149531855, 0.5584964470423678, 0.09120366983531356]
     [0.15587024477626552, 0.45127310717585195, 0.07442518966696933]
     [0.12599845339642907, 0.6335186800093249, 0.09659137364930868]
     [0.13845930968111467, 0.5659693141885183, 0.08222918396942952]
     [0.12027388857112067, 0.7252566504632227, 0.1008107375387833]
     [0.1791229834053937, 0.3871212840725615, 0.062212487251539494]
     [0.15683499697824135, 0.5707958107046339, 0.06828656387570413]

Gen: 44
     [0.13413608295605758, 0.5765159429799946, 0.09059045274785804]
     [0.12886547272660526, 0.7039302705082932, 0.09605346392347051]
     [0.149736331328433, 0.5026809072777351, 0.07510510756042878]
     [0.14839144149531855, 0.5584964470423678, 0.09120366983531356]
     [0.15587024477626552, 0.45127310717585195, 0.07442518966696933]
     [0.12599845339642907, 0.6335186800093249, 0.09659137364930868]
     [0.13845930968111467, 0.5659693141885183, 0.08222918396942952]
     [0.12027388857112067, 0.7252566504632227, 0.1008107375387833]
     [0.1791229834053937, 0.3871212840725615, 0.062212487251539494]
     [0.15683499697824135, 0.5707958107046339, 0.06828656387570413]

Gen: 45
     [0.13413608295605758, 0.5765159429799946, 0.09059045274785804]
     [0.12886547272660526, 0.7039302705082932, 0.09605346392347051]
     [0.149736331328433, 0.5026809072777351, 0.07510510756042878]
     [0.14839144149531855, 0.5584964470423678, 0.09120366983531356]
     [0.15587024477626552, 0.45127310717585195, 0.07442518966696933]
     [0.12599845339642907, 0.6335186800093249, 0.09659137364930868]
     [0.13845930968111467, 0.5659693141885183, 0.08222918396942952]
     [0.12027388857112067, 0.7252566504632227, 0.1008107375387833]
     [0.1791229834053937, 0.3871212840725615, 0.062212487251539494]
     [0.15683499697824135, 0.5707958107046339, 0.06828656387570413]

Gen: 46
     [0.13413608295605758, 0.5765159429799946, 0.09059045274785804]
     [0.12886547272660526, 0.7039302705082932, 0.09605346392347051]
     [0.149736331328433, 0.5026809072777351, 0.07510510756042878]
     [0.14839144149531855, 0.5584964470423678, 0.09120366983531356]
     [0.15587024477626552, 0.45127310717585195, 0.07442518966696933]
     [0.12599845339642907, 0.6335186800093249, 0.09659137364930868]
     [0.13845930968111467, 0.5659693141885183, 0.08222918396942952]
     [0.12027388857112067, 0.7252566504632227, 0.1008107375387833]
     [0.1976573574395066, 0.4322261459691415, 0.061289434162001194]
     [0.1791229834053937, 0.3871212840725615, 0.062212487251539494]
     [0.15683499697824135, 0.5707958107046339, 0.06828656387570413]

Gen: 47
     [0.13413608295605758, 0.5765159429799946, 0.09059045274785804]
     [0.12886547272660526, 0.7039302705082932, 0.09605346392347051]
     [0.149736331328433, 0.5026809072777351, 0.07510510756042878]
     [0.14839144149531855, 0.5584964470423678, 0.09120366983531356]
     [0.17691992201454787, 0.4823992609157392, 0.07099547725502516]
     [0.15587024477626552, 0.45127310717585195, 0.07442518966696933]
     [0.12599845339642907, 0.6335186800093249, 0.09659137364930868]
     [0.13845930968111467, 0.5659693141885183, 0.08222918396942952]
     [0.12027388857112067, 0.7252566504632227, 0.1008107375387833]
     [0.1976573574395066, 0.4322261459691415, 0.061289434162001194]
     [0.1791229834053937, 0.3871212840725615, 0.062212487251539494]
     [0.15683499697824135, 0.5707958107046339, 0.06828656387570413]

Gen: 48
     [0.13413608295605758, 0.5765159429799946, 0.09059045274785804]
     [0.12886547272660526, 0.7039302705082932, 0.09605346392347051]
     [0.149736331328433, 0.5026809072777351, 0.07510510756042878]
     [0.14839144149531855, 0.5584964470423678, 0.09120366983531356]
     [0.17691992201454787, 0.4823992609157392, 0.07099547725502516]
     [0.15587024477626552, 0.45127310717585195, 0.07442518966696933]
     [0.12599845339642907, 0.6335186800093249, 0.09659137364930868]
     [0.13845930968111467, 0.5659693141885183, 0.08222918396942952]
     [0.12027388857112067, 0.7252566504632227, 0.1008107375387833]
     [0.1976573574395066, 0.4322261459691415, 0.061289434162001194]
     [0.1791229834053937, 0.3871212840725615, 0.062212487251539494]
     [0.15683499697824135, 0.5707958107046339, 0.06828656387570413]

Gen: 49
     [0.13413608295605758, 0.5765159429799946, 0.09059045274785804]
     [0.12886547272660526, 0.7039302705082932, 0.09605346392347051]
     [0.149736331328433, 0.5026809072777351, 0.07510510756042878]
     [0.14839144149531855, 0.5584964470423678, 0.09120366983531356]
     [0.17691992201454787, 0.4823992609157392, 0.07099547725502516]
     [0.15587024477626552, 0.45127310717585195, 0.07442518966696933]
     [0.12599845339642907, 0.6335186800093249, 0.09659137364930868]
     [0.13845930968111467, 0.5659693141885183, 0.08222918396942952]
     [0.12027388857112067, 0.7252566504632227, 0.1008107375387833]
     [0.1976573574395066, 0.4322261459691415, 0.061289434162001194]
     [0.1791229834053937, 0.3871212840725615, 0.062212487251539494]
     [0.15683499697824135, 0.5707958107046339, 0.06828656387570413]

Gen: 50
     [0.13413608295605758, 0.5765159429799946, 0.09059045274785804]
     [0.12886547272660526, 0.7039302705082932, 0.09605346392347051]
     [0.149736331328433, 0.5026809072777351, 0.07510510756042878]
     [0.14839144149531855, 0.5584964470423678, 0.09120366983531356]
     [0.17691992201454787, 0.4823992609157392, 0.07099547725502516]
     [0.15587024477626552, 0.45127310717585195, 0.07442518966696933]
     [0.12599845339642907, 0.6335186800093249, 0.09659137364930868]
     [0.13845930968111467, 0.5659693141885183, 0.08222918396942952]
     [0.12027388857112067, 0.7252566504632227, 0.1008107375387833]
     [0.1976573574395066, 0.4322261459691415, 0.061289434162001194]
     [0.1791229834053937, 0.3871212840725615, 0.062212487251539494]
     [0.15683499697824135, 0.5707958107046339, 0.06828656387570413]

Gen: 51
     [0.13413608295605758, 0.5765159429799946, 0.09059045274785804]
     [0.12886547272660526, 0.7039302705082932, 0.09605346392347051]
     [0.149736331328433, 0.5026809072777351, 0.07510510756042878]
     [0.14839144149531855, 0.5584964470423678, 0.09120366983531356]
     [0.17691992201454787, 0.4823992609157392, 0.07099547725502516]
     [0.15587024477626552, 0.45127310717585195, 0.07442518966696933]
     [0.12599845339642907, 0.6335186800093249, 0.09659137364930868]
     [0.13845930968111467, 0.5659693141885183, 0.08222918396942952]
     [0.17653031054836532, 0.5112805325551075, 0.06954957591197215]
     [0.12027388857112067, 0.7252566504632227, 0.1008107375387833]
     [0.1976573574395066, 0.4322261459691415, 0.061289434162001194]
     [0.1791229834053937, 0.3871212840725615, 0.062212487251539494]
     [0.15683499697824135, 0.5707958107046339, 0.06828656387570413]

Gen: 52
     [0.13413608295605758, 0.5765159429799946, 0.09059045274785804]
     [0.12886547272660526, 0.7039302705082932, 0.09605346392347051]
     [0.149736331328433, 0.5026809072777351, 0.07510510756042878]
     [0.14839144149531855, 0.5584964470423678, 0.09120366983531356]
     [0.17691992201454787, 0.4823992609157392, 0.07099547725502516]
     [0.15587024477626552, 0.45127310717585195, 0.07442518966696933]
     [0.12599845339642907, 0.6335186800093249, 0.09659137364930868]
     [0.13845930968111467, 0.5659693141885183, 0.08222918396942952]
     [0.17653031054836532, 0.5112805325551075, 0.06954957591197215]
     [0.12027388857112067, 0.7252566504632227, 0.1008107375387833]
     [0.1976573574395066, 0.4322261459691415, 0.061289434162001194]
     [0.1791229834053937, 0.3871212840725615, 0.062212487251539494]
     [0.15683499697824135, 0.5707958107046339, 0.06828656387570413]

Gen: 53
     [0.13413608295605758, 0.5765159429799946, 0.09059045274785804]
     [0.12886547272660526, 0.7039302705082932, 0.09605346392347051]
     [0.149736331328433, 0.5026809072777351, 0.07510510756042878]
     [0.14839144149531855, 0.5584964470423678, 0.09120366983531356]
     [0.17691992201454787, 0.4823992609157392, 0.07099547725502516]
     [0.15587024477626552, 0.45127310717585195, 0.07442518966696933]
     [0.12599845339642907, 0.6335186800093249, 0.09659137364930868]
     [0.13845930968111467, 0.5659693141885183, 0.08222918396942952]
     [0.17653031054836532, 0.5112805325551075, 0.06954957591197215]
     [0.12027388857112067, 0.7252566504632227, 0.1008107375387833]
     [0.1976573574395066, 0.4322261459691415, 0.061289434162001194]
     [0.1791229834053937, 0.3871212840725615, 0.062212487251539494]
     [0.15683499697824135, 0.5707958107046339, 0.06828656387570413]

Gen: 54
     [0.13413608295605758, 0.5765159429799946, 0.09059045274785804]
     [0.12886547272660526, 0.7039302705082932, 0.09605346392347051]
     [0.149736331328433, 0.5026809072777351, 0.07510510756042878]
     [0.14839144149531855, 0.5584964470423678, 0.09120366983531356]
     [0.17691992201454787, 0.4823992609157392, 0.07099547725502516]
     [0.15587024477626552, 0.45127310717585195, 0.07442518966696933]
     [0.12599845339642907, 0.6335186800093249, 0.09659137364930868]
     [0.13845930968111467, 0.5659693141885183, 0.08222918396942952]
     [0.17653031054836532, 0.5112805325551075, 0.06954957591197215]
     [0.12027388857112067, 0.7252566504632227, 0.1008107375387833]
     [0.1976573574395066, 0.4322261459691415, 0.061289434162001194]
     [0.1791229834053937, 0.3871212840725615, 0.062212487251539494]
     [0.15683499697824135, 0.5707958107046339, 0.06828656387570413]

Gen: 55
     [0.13413608295605758, 0.5765159429799946, 0.09059045274785804]
     [0.12886547272660526, 0.7039302705082932, 0.09605346392347051]
     [0.149736331328433, 0.5026809072777351, 0.07510510756042878]
     [0.14839144149531855, 0.5584964470423678, 0.09120366983531356]
     [0.17691992201454787, 0.4823992609157392, 0.07099547725502516]
     [0.15587024477626552, 0.45127310717585195, 0.07442518966696933]
     [0.12599845339642907, 0.6335186800093249, 0.09659137364930868]
     [0.13845930968111467, 0.5659693141885183, 0.08222918396942952]
     [0.17653031054836532, 0.5112805325551075, 0.06954957591197215]
     [0.12027388857112067, 0.7252566504632227, 0.1008107375387833]
     [0.1976573574395066, 0.4322261459691415, 0.061289434162001194]
     [0.1791229834053937, 0.3871212840725615, 0.062212487251539494]
     [0.15683499697824135, 0.5707958107046339, 0.06828656387570413]
     [0.14811077913214143, 0.51928440065965, 0.09247098514938829]

Gen: 56
     [0.13413608295605758, 0.5765159429799946, 0.09059045274785804]
     [0.12886547272660526, 0.7039302705082932, 0.09605346392347051]
     [0.149736331328433, 0.5026809072777351, 0.07510510756042878]
     [0.14839144149531855, 0.5584964470423678, 0.09120366983531356]
     [0.17691992201454787, 0.4823992609157392, 0.07099547725502516]
     [0.15587024477626552, 0.45127310717585195, 0.07442518966696933]
     [0.12599845339642907, 0.6335186800093249, 0.09659137364930868]
     [0.13845930968111467, 0.5659693141885183, 0.08222918396942952]
     [0.17653031054836532, 0.5112805325551075, 0.06954957591197215]
     [0.12027388857112067, 0.7252566504632227, 0.1008107375387833]
     [0.1976573574395066, 0.4322261459691415, 0.061289434162001194]
     [0.1791229834053937, 0.3871212840725615, 0.062212487251539494]
     [0.15683499697824135, 0.5707958107046339, 0.06828656387570413]
     [0.14811077913214143, 0.51928440065965, 0.09247098514938829]

Gen: 57
     [0.13413608295605758, 0.5765159429799946, 0.09059045274785804]
     [0.12886547272660526, 0.7039302705082932, 0.09605346392347051]
     [0.149736331328433, 0.5026809072777351, 0.07510510756042878]
     [0.14839144149531855, 0.5584964470423678, 0.09120366983531356]
     [0.17691992201454787, 0.4823992609157392, 0.07099547725502516]
     [0.15587024477626552, 0.45127310717585195, 0.07442518966696933]
     [0.12599845339642907, 0.6335186800093249, 0.09659137364930868]
     [0.13845930968111467, 0.5659693141885183, 0.08222918396942952]
     [0.17653031054836532, 0.5112805325551075, 0.06954957591197215]
     [0.12027388857112067, 0.7252566504632227, 0.1008107375387833]
     [0.1976573574395066, 0.4322261459691415, 0.061289434162001194]
     [0.1791229834053937, 0.3871212840725615, 0.062212487251539494]
     [0.15683499697824135, 0.5707958107046339, 0.06828656387570413]
     [0.14811077913214143, 0.51928440065965, 0.09247098514938829]
     [0.16639449128071646, 0.49286818224988993, 0.06981853077489124]

