Gen: 2
     [0.12862244179968638, 0.7440445868121811, 0.08953267167440293]
     [0.14665800530738612, 0.5735242058729569, 0.0908849778782707]
     [0.16747165373326364, 0.47272899955965775, 0.0633127153743301]
     [0.1527720537975956, 0.4969046529498614, 0.08371688534747965]
     [0.15235490129065982, 0.5066569388442311, 0.07979693665684687]
     [0.1342728478951389, 0.5889966240426873, 0.0960224369775304]
     [0.12912691990671868, 0.6009160845802503, 0.10537552586666087]
     [0.13883953701097665, 0.5624811127707889, 0.09363742105205944]
     [0.1358648124321499, 0.6031609666807691, 0.08759987390070768]
     [0.12752239053516143, 0.7048584429152385, 0.12282723309889011]
     [0.12061801395199229, 0.7214619362971533, 0.11074344229326782]

Gen: 3
     [0.12862244179968638, 0.7440445868121811, 0.08953267167440293]
     [0.14665800530738612, 0.5735242058729569, 0.0908849778782707]
     [0.16747165373326364, 0.47272899955965775, 0.0633127153743301]
     [0.15074408950182944, 0.5832894430102142, 0.0839908251894207]
     [0.1527720537975956, 0.4969046529498614, 0.08371688534747965]
     [0.15235490129065982, 0.5066569388442311, 0.07979693665684687]
     [0.140625, 0.6417384021619942, 0.08696720331336762]
     [0.1342728478951389, 0.5889966240426873, 0.0960224369775304]
     [0.12912691990671868, 0.6009160845802503, 0.10537552586666087]
     [0.13883953701097665, 0.5624811127707889, 0.09363742105205944]
     [0.1358648124321499, 0.6031609666807691, 0.08759987390070768]
     [0.12752239053516143, 0.7048584429152385, 0.12282723309889011]
     [0.12061801395199229, 0.7214619362971533, 0.11074344229326782]

Gen: 4
     [0.12862244179968638, 0.7440445868121811, 0.08953267167440293]
     [0.14665800530738612, 0.5735242058729569, 0.0908849778782707]
     [0.16747165373326364, 0.47272899955965775, 0.0633127153743301]
     [0.15074408950182944, 0.5832894430102142, 0.0839908251894207]
     [0.1527720537975956, 0.4969046529498614, 0.08371688534747965]
     [0.15235490129065982, 0.5066569388442311, 0.07979693665684687]
     [0.140625, 0.6417384021619942, 0.08696720331336762]
     [0.1342728478951389, 0.5889966240426873, 0.0960224369775304]
     [0.12912691990671868, 0.6009160845802503, 0.10537552586666087]
     [0.13407243878412609, 0.6178131394676176, 0.1008990009892272]
     [0.13883953701097665, 0.5624811127707889, 0.09363742105205944]
     [0.1358648124321499, 0.6031609666807691, 0.08759987390070768]
     [0.12752239053516143, 0.7048584429152385, 0.12282723309889011]
     [0.12061801395199229, 0.7214619362971533, 0.11074344229326782]

Gen: 5
     [0.12862244179968638, 0.7440445868121811, 0.08953267167440293]
     [0.14665800530738612, 0.5735242058729569, 0.0908849778782707]
     [0.16747165373326364, 0.47272899955965775, 0.0633127153743301]
     [0.15074408950182944, 0.5832894430102142, 0.0839908251894207]
     [0.12751862108479756, 0.6581821635482952, 0.09099803241621462]
     [0.1527720537975956, 0.4969046529498614, 0.08371688534747965]
     [0.15235490129065982, 0.5066569388442311, 0.07979693665684687]
     [0.140625, 0.6417384021619942, 0.08696720331336762]
     [0.1342728478951389, 0.5889966240426873, 0.0960224369775304]
     [0.12912691990671868, 0.6009160845802503, 0.10537552586666087]
     [0.13407243878412609, 0.6178131394676176, 0.1008990009892272]
     [0.13883953701097665, 0.5624811127707889, 0.09363742105205944]
     [0.1358648124321499, 0.6031609666807691, 0.08759987390070768]
     [0.15933843633147038, 0.6544608397585888, 0.0734245741431227]
     [0.12061801395199229, 0.7214619362971533, 0.11074344229326782]

Gen: 6
     [0.12862244179968638, 0.7440445868121811, 0.08953267167440293]
     [0.14665800530738612, 0.5735242058729569, 0.0908849778782707]
     [0.16747165373326364, 0.47272899955965775, 0.0633127153743301]
     [0.15074408950182944, 0.5832894430102142, 0.0839908251894207]
     [0.12751862108479756, 0.6581821635482952, 0.09099803241621462]
     [0.16636406356801095, 0.47708925133181945, 0.07688143405333131]
     [0.1527720537975956, 0.4969046529498614, 0.08371688534747965]
     [0.1559773430903462, 0.6832514526977439, 0.07834896892087269]
     [0.15235490129065982, 0.5066569388442311, 0.07979693665684687]
     [0.140625, 0.6417384021619942, 0.08696720331336762]
     [0.1342728478951389, 0.5889966240426873, 0.0960224369775304]
     [0.12912691990671868, 0.6009160845802503, 0.10537552586666087]
     [0.13407243878412609, 0.6178131394676176, 0.1008990009892272]
     [0.13883953701097665, 0.5624811127707889, 0.09363742105205944]
     [0.1358648124321499, 0.6031609666807691, 0.08759987390070768]
     [0.15933843633147038, 0.6544608397585888, 0.0734245741431227]
     [0.12061801395199229, 0.7214619362971533, 0.11074344229326782]

Gen: 7
     [0.12862244179968638, 0.7440445868121811, 0.08953267167440293]
     [0.14665800530738612, 0.5735242058729569, 0.0908849778782707]
     [0.16747165373326364, 0.47272899955965775, 0.0633127153743301]
     [0.15074408950182944, 0.5832894430102142, 0.0839908251894207]
     [0.12751862108479756, 0.6581821635482952, 0.09099803241621462]
     [0.16636406356801095, 0.47708925133181945, 0.07688143405333131]
     [0.1527720537975956, 0.4969046529498614, 0.08371688534747965]
     [0.1559773430903462, 0.6832514526977439, 0.07834896892087269]
     [0.15235490129065982, 0.5066569388442311, 0.07979693665684687]
     [0.140625, 0.6417384021619942, 0.08696720331336762]
     [0.1342728478951389, 0.5889966240426873, 0.0960224369775304]
     [0.12912691990671868, 0.6009160845802503, 0.10537552586666087]
     [0.13407243878412609, 0.6178131394676176, 0.1008990009892272]
     [0.13883953701097665, 0.5624811127707889, 0.09363742105205944]
     [0.1358648124321499, 0.6031609666807691, 0.08759987390070768]
     [0.15933843633147038, 0.6544608397585888, 0.0734245741431227]
     [0.12061801395199229, 0.7214619362971533, 0.11074344229326782]

Gen: 8
     [0.12862244179968638, 0.7440445868121811, 0.08953267167440293]
     [0.14665800530738612, 0.5735242058729569, 0.0908849778782707]
     [0.16747165373326364, 0.47272899955965775, 0.0633127153743301]
     [0.15074408950182944, 0.5832894430102142, 0.0839908251894207]
     [0.12751862108479756, 0.6581821635482952, 0.09099803241621462]
     [0.16636406356801095, 0.47708925133181945, 0.07688143405333131]
     [0.1527720537975956, 0.4969046529498614, 0.08371688534747965]
     [0.1491540096900004, 0.6187067752268626, 0.08709982498287876]
     [0.1559773430903462, 0.6832514526977439, 0.07834896892087269]
     [0.15235490129065982, 0.5066569388442311, 0.07979693665684687]
     [0.140625, 0.6417384021619942, 0.08696720331336762]
     [0.1342728478951389, 0.5889966240426873, 0.0960224369775304]
     [0.12912691990671868, 0.6009160845802503, 0.10537552586666087]
     [0.13407243878412609, 0.6178131394676176, 0.1008990009892272]
     [0.13883953701097665, 0.5624811127707889, 0.09363742105205944]
     [0.1358648124321499, 0.6031609666807691, 0.08759987390070768]
     [0.15933843633147038, 0.6544608397585888, 0.0734245741431227]
     [0.12061801395199229, 0.7214619362971533, 0.11074344229326782]

Gen: 9
     [0.12862244179968638, 0.7440445868121811, 0.08953267167440293]
     [0.14665800530738612, 0.5735242058729569, 0.0908849778782707]
     [0.16747165373326364, 0.47272899955965775, 0.0633127153743301]
     [0.15074408950182944, 0.5832894430102142, 0.0839908251894207]
     [0.12751862108479756, 0.6581821635482952, 0.09099803241621462]
     [0.16636406356801095, 0.47708925133181945, 0.07688143405333131]
     [0.1527720537975956, 0.4969046529498614, 0.08371688534747965]
     [0.1491540096900004, 0.6187067752268626, 0.08709982498287876]
     [0.1559773430903462, 0.6832514526977439, 0.07834896892087269]
     [0.15235490129065982, 0.5066569388442311, 0.07979693665684687]
     [0.140625, 0.6417384021619942, 0.08696720331336762]
     [0.1342728478951389, 0.5889966240426873, 0.0960224369775304]
     [0.12912691990671868, 0.6009160845802503, 0.10537552586666087]
     [0.13407243878412609, 0.6178131394676176, 0.1008990009892272]
     [0.13883953701097665, 0.5624811127707889, 0.09363742105205944]
     [0.1358648124321499, 0.6031609666807691, 0.08759987390070768]
     [0.15933843633147038, 0.6544608397585888, 0.0734245741431227]
     [0.12061801395199229, 0.7214619362971533, 0.11074344229326782]

Gen: 10
     [0.12862244179968638, 0.7440445868121811, 0.08953267167440293]
     [0.14748979735434845, 0.5620191851077975, 0.07914469893793959]
     [0.14665800530738612, 0.5735242058729569, 0.0908849778782707]
     [0.16747165373326364, 0.47272899955965775, 0.0633127153743301]
     [0.12751862108479756, 0.6581821635482952, 0.09099803241621462]
     [0.16636406356801095, 0.47708925133181945, 0.07688143405333131]
     [0.14898689739053517, 0.559761351764391, 0.08276461827787501]
     [0.1527720537975956, 0.4969046529498614, 0.08371688534747965]
     [0.1559773430903462, 0.6832514526977439, 0.07834896892087269]
     [0.15235490129065982, 0.5066569388442311, 0.07979693665684687]
     [0.140625, 0.6417384021619942, 0.08696720331336762]
     [0.1342728478951389, 0.5889966240426873, 0.0960224369775304]
     [0.12912691990671868, 0.6009160845802503, 0.10537552586666087]
     [0.13407243878412609, 0.6178131394676176, 0.1008990009892272]
     [0.13883953701097665, 0.5624811127707889, 0.09363742105205944]
     [0.1358648124321499, 0.6031609666807691, 0.08759987390070768]
     [0.15933843633147038, 0.6544608397585888, 0.0734245741431227]
     [0.12061801395199229, 0.7214619362971533, 0.11074344229326782]

Gen: 11
     [0.12862244179968638, 0.7440445868121811, 0.08953267167440293]
     [0.14748979735434845, 0.5620191851077975, 0.07914469893793959]
     [0.14665800530738612, 0.5735242058729569, 0.0908849778782707]
     [0.16747165373326364, 0.47272899955965775, 0.0633127153743301]
     [0.12751862108479756, 0.6581821635482952, 0.09099803241621462]
     [0.16636406356801095, 0.47708925133181945, 0.07688143405333131]
     [0.14898689739053517, 0.559761351764391, 0.08276461827787501]
     [0.1527720537975956, 0.4969046529498614, 0.08371688534747965]
     [0.1559773430903462, 0.6832514526977439, 0.07834896892087269]
     [0.15235490129065982, 0.5066569388442311, 0.07979693665684687]
     [0.140625, 0.6417384021619942, 0.08696720331336762]
     [0.1342728478951389, 0.5889966240426873, 0.0960224369775304]
     [0.12912691990671868, 0.6009160845802503, 0.10537552586666087]
     [0.13407243878412609, 0.6178131394676176, 0.1008990009892272]
     [0.13883953701097665, 0.5624811127707889, 0.09363742105205944]
     [0.1358648124321499, 0.6031609666807691, 0.08759987390070768]
     [0.15933843633147038, 0.6544608397585888, 0.0734245741431227]
     [0.12061801395199229, 0.7214619362971533, 0.11074344229326782]

Gen: 12
     [0.12862244179968638, 0.7440445868121811, 0.08953267167440293]
     [0.14748979735434845, 0.5620191851077975, 0.07914469893793959]
     [0.14665800530738612, 0.5735242058729569, 0.0908849778782707]
     [0.16747165373326364, 0.47272899955965775, 0.0633127153743301]
     [0.12751862108479756, 0.6581821635482952, 0.09099803241621462]
     [0.16636406356801095, 0.47708925133181945, 0.07688143405333131]
     [0.14898689739053517, 0.559761351764391, 0.08276461827787501]
     [0.11471568292388726, 0.8024460580733731, 0.11404159102520899]
     [0.1527720537975956, 0.4969046529498614, 0.08371688534747965]
     [0.1559773430903462, 0.6832514526977439, 0.07834896892087269]
     [0.15235490129065982, 0.5066569388442311, 0.07979693665684687]
     [0.140625, 0.6417384021619942, 0.08696720331336762]
     [0.1342728478951389, 0.5889966240426873, 0.0960224369775304]
     [0.12912691990671868, 0.6009160845802503, 0.10537552586666087]
     [0.13407243878412609, 0.6178131394676176, 0.1008990009892272]
     [0.13883953701097665, 0.5624811127707889, 0.09363742105205944]
     [0.1358648124321499, 0.6031609666807691, 0.08759987390070768]
     [0.15933843633147038, 0.6544608397585888, 0.0734245741431227]
     [0.12061801395199229, 0.7214619362971533, 0.11074344229326782]

Gen: 13
     [0.12862244179968638, 0.7440445868121811, 0.08953267167440293]
     [0.14748979735434845, 0.5620191851077975, 0.07914469893793959]
     [0.14665800530738612, 0.5735242058729569, 0.0908849778782707]
     [0.16747165373326364, 0.47272899955965775, 0.0633127153743301]
     [0.12751862108479756, 0.6581821635482952, 0.09099803241621462]
     [0.16636406356801095, 0.47708925133181945, 0.07688143405333131]
     [0.14898689739053517, 0.559761351764391, 0.08276461827787501]
     [0.11471568292388726, 0.8024460580733731, 0.11404159102520899]
     [0.1527720537975956, 0.4969046529498614, 0.08371688534747965]
     [0.1559773430903462, 0.6832514526977439, 0.07834896892087269]
     [0.15235490129065982, 0.5066569388442311, 0.07979693665684687]
     [0.140625, 0.6417384021619942, 0.08696720331336762]
     [0.1342728478951389, 0.5889966240426873, 0.0960224369775304]
     [0.12912691990671868, 0.6009160845802503, 0.10537552586666087]
     [0.13407243878412609, 0.6178131394676176, 0.1008990009892272]
     [0.13883953701097665, 0.5624811127707889, 0.09363742105205944]
     [0.1358648124321499, 0.6031609666807691, 0.08759987390070768]
     [0.15933843633147038, 0.6544608397585888, 0.0734245741431227]
     [0.12061801395199229, 0.7214619362971533, 0.11074344229326782]

Gen: 14
     [0.13489166599654215, 0.5589152038957339, 0.08565620549836397]
     [0.12862244179968638, 0.7440445868121811, 0.08953267167440293]
     [0.14748979735434845, 0.5620191851077975, 0.07914469893793959]
     [0.16747165373326364, 0.47272899955965775, 0.0633127153743301]
     [0.12751862108479756, 0.6581821635482952, 0.09099803241621462]
     [0.16636406356801095, 0.47708925133181945, 0.07688143405333131]
     [0.14898689739053517, 0.559761351764391, 0.08276461827787501]
     [0.11471568292388726, 0.8024460580733731, 0.11404159102520899]
     [0.1527720537975956, 0.4969046529498614, 0.08371688534747965]
     [0.15235490129065982, 0.5066569388442311, 0.07979693665684687]
     [0.1342728478951389, 0.5889966240426873, 0.0960224369775304]
     [0.12912691990671868, 0.6009160845802503, 0.10537552586666087]
     [0.14969618230067147, 0.5188872292110966, 0.06528682153688947]
     [0.13407243878412609, 0.6178131394676176, 0.1008990009892272]
     [0.12061801395199229, 0.7214619362971533, 0.11074344229326782]

Gen: 15
     [0.13489166599654215, 0.5589152038957339, 0.08565620549836397]
     [0.12862244179968638, 0.7440445868121811, 0.08953267167440293]
     [0.14748979735434845, 0.5620191851077975, 0.07914469893793959]
     [0.16747165373326364, 0.47272899955965775, 0.0633127153743301]
     [0.12751862108479756, 0.6581821635482952, 0.09099803241621462]
     [0.16636406356801095, 0.47708925133181945, 0.07688143405333131]
     [0.14898689739053517, 0.559761351764391, 0.08276461827787501]
     [0.11471568292388726, 0.8024460580733731, 0.11404159102520899]
     [0.1527720537975956, 0.4969046529498614, 0.08371688534747965]
     [0.15235490129065982, 0.5066569388442311, 0.07979693665684687]
     [0.1342728478951389, 0.5889966240426873, 0.0960224369775304]
     [0.12912691990671868, 0.6009160845802503, 0.10537552586666087]
     [0.14969618230067147, 0.5188872292110966, 0.06528682153688947]
     [0.13407243878412609, 0.6178131394676176, 0.1008990009892272]
     [0.12061801395199229, 0.7214619362971533, 0.11074344229326782]

Gen: 16
     [0.13489166599654215, 0.5589152038957339, 0.08565620549836397]
     [0.12862244179968638, 0.7440445868121811, 0.08953267167440293]
     [0.14748979735434845, 0.5620191851077975, 0.07914469893793959]
     [0.11991375497567448, 0.7418212901164748, 0.11146307790979552]
     [0.16747165373326364, 0.47272899955965775, 0.0633127153743301]
     [0.12751862108479756, 0.6581821635482952, 0.09099803241621462]
     [0.16636406356801095, 0.47708925133181945, 0.07688143405333131]
     [0.14898689739053517, 0.559761351764391, 0.08276461827787501]
     [0.11471568292388726, 0.8024460580733731, 0.11404159102520899]
     [0.1527720537975956, 0.4969046529498614, 0.08371688534747965]
     [0.15235490129065982, 0.5066569388442311, 0.07979693665684687]
     [0.1342728478951389, 0.5889966240426873, 0.0960224369775304]
     [0.12912691990671868, 0.6009160845802503, 0.10537552586666087]
     [0.14969618230067147, 0.5188872292110966, 0.06528682153688947]
     [0.13407243878412609, 0.6178131394676176, 0.1008990009892272]
     [0.1447431245225363, 0.612054153463594, 0.08444086921546673]
     [0.12061801395199229, 0.7214619362971533, 0.11074344229326782]

Gen: 17
     [0.13489166599654215, 0.5589152038957339, 0.08565620549836397]
     [0.12862244179968638, 0.7440445868121811, 0.08953267167440293]
     [0.14748979735434845, 0.5620191851077975, 0.07914469893793959]
     [0.11991375497567448, 0.7418212901164748, 0.11146307790979552]
     [0.16747165373326364, 0.47272899955965775, 0.0633127153743301]
     [0.12751862108479756, 0.6581821635482952, 0.09099803241621462]
     [0.16636406356801095, 0.47708925133181945, 0.07688143405333131]
     [0.14898689739053517, 0.559761351764391, 0.08276461827787501]
     [0.11471568292388726, 0.8024460580733731, 0.11404159102520899]
     [0.1527720537975956, 0.4969046529498614, 0.08371688534747965]
     [0.15235490129065982, 0.5066569388442311, 0.07979693665684687]
     [0.1342728478951389, 0.5889966240426873, 0.0960224369775304]
     [0.12912691990671868, 0.6009160845802503, 0.10537552586666087]
     [0.14969618230067147, 0.5188872292110966, 0.06528682153688947]
     [0.13407243878412609, 0.6178131394676176, 0.1008990009892272]
     [0.1447431245225363, 0.612054153463594, 0.08444086921546673]
     [0.12061801395199229, 0.7214619362971533, 0.11074344229326782]

Gen: 18
     [0.13489166599654215, 0.5589152038957339, 0.08565620549836397]
     [0.12862244179968638, 0.7440445868121811, 0.08953267167440293]
     [0.14748979735434845, 0.5620191851077975, 0.07914469893793959]
     [0.11991375497567448, 0.7418212901164748, 0.11146307790979552]
     [0.16747165373326364, 0.47272899955965775, 0.0633127153743301]
     [0.12751862108479756, 0.6581821635482952, 0.09099803241621462]
     [0.16636406356801095, 0.47708925133181945, 0.07688143405333131]
     [0.14898689739053517, 0.559761351764391, 0.08276461827787501]
     [0.11471568292388726, 0.8024460580733731, 0.11404159102520899]
     [0.1527720537975956, 0.4969046529498614, 0.08371688534747965]
     [0.15235490129065982, 0.5066569388442311, 0.07979693665684687]
     [0.1432183818503478, 0.5424671254284703, 0.10256655542390017]
     [0.1342728478951389, 0.5889966240426873, 0.0960224369775304]
     [0.12912691990671868, 0.6009160845802503, 0.10537552586666087]
     [0.14969618230067147, 0.5188872292110966, 0.06528682153688947]
     [0.13407243878412609, 0.6178131394676176, 0.1008990009892272]
     [0.1447431245225363, 0.612054153463594, 0.08444086921546673]
     [0.12061801395199229, 0.7214619362971533, 0.11074344229326782]

Gen: 19
     [0.13489166599654215, 0.5589152038957339, 0.08565620549836397]
     [0.12862244179968638, 0.7440445868121811, 0.08953267167440293]
     [0.14748979735434845, 0.5620191851077975, 0.07914469893793959]
     [0.11991375497567448, 0.7418212901164748, 0.11146307790979552]
     [0.16747165373326364, 0.47272899955965775, 0.0633127153743301]
     [0.12751862108479756, 0.6581821635482952, 0.09099803241621462]
     [0.16636406356801095, 0.47708925133181945, 0.07688143405333131]
     [0.14898689739053517, 0.559761351764391, 0.08276461827787501]
     [0.11471568292388726, 0.8024460580733731, 0.11404159102520899]
     [0.1527720537975956, 0.4969046529498614, 0.08371688534747965]
     [0.12436107816332274, 0.660763777963892, 0.11266102118685524]
     [0.15235490129065982, 0.5066569388442311, 0.07979693665684687]
     [0.1432183818503478, 0.5424671254284703, 0.10256655542390017]
     [0.1342728478951389, 0.5889966240426873, 0.0960224369775304]
     [0.12912691990671868, 0.6009160845802503, 0.10537552586666087]
     [0.14969618230067147, 0.5188872292110966, 0.06528682153688947]
     [0.13407243878412609, 0.6178131394676176, 0.1008990009892272]
     [0.18969884604559528, 0.394361028846735, 0.06306269091541564]
     [0.1447431245225363, 0.612054153463594, 0.08444086921546673]
     [0.12061801395199229, 0.7214619362971533, 0.11074344229326782]

Gen: 20
     [0.13489166599654215, 0.5589152038957339, 0.08565620549836397]
     [0.12862244179968638, 0.7440445868121811, 0.08953267167440293]
     [0.14748979735434845, 0.5620191851077975, 0.07914469893793959]
     [0.11991375497567448, 0.7418212901164748, 0.11146307790979552]
     [0.16747165373326364, 0.47272899955965775, 0.0633127153743301]
     [0.12751862108479756, 0.6581821635482952, 0.09099803241621462]
     [0.16636406356801095, 0.47708925133181945, 0.07688143405333131]
     [0.14898689739053517, 0.559761351764391, 0.08276461827787501]
     [0.11471568292388726, 0.8024460580733731, 0.11404159102520899]
     [0.1527720537975956, 0.4969046529498614, 0.08371688534747965]
     [0.12436107816332274, 0.660763777963892, 0.11266102118685524]
     [0.15235490129065982, 0.5066569388442311, 0.07979693665684687]
     [0.1432183818503478, 0.5424671254284703, 0.10256655542390017]
     [0.1342728478951389, 0.5889966240426873, 0.0960224369775304]
     [0.12912691990671868, 0.6009160845802503, 0.10537552586666087]
     [0.14969618230067147, 0.5188872292110966, 0.06528682153688947]
     [0.13407243878412609, 0.6178131394676176, 0.1008990009892272]
     [0.18969884604559528, 0.394361028846735, 0.06306269091541564]
     [0.1447431245225363, 0.612054153463594, 0.08444086921546673]
     [0.12061801395199229, 0.7214619362971533, 0.11074344229326782]

Gen: 21
     [0.13489166599654215, 0.5589152038957339, 0.08565620549836397]
     [0.12862244179968638, 0.7440445868121811, 0.08953267167440293]
     [0.11991375497567448, 0.7418212901164748, 0.11146307790979552]
     [0.16747165373326364, 0.47272899955965775, 0.0633127153743301]
     [0.12751862108479756, 0.6581821635482952, 0.09099803241621462]
     [0.16636406356801095, 0.47708925133181945, 0.07688143405333131]
     [0.11471568292388726, 0.8024460580733731, 0.11404159102520899]
     [0.1527720537975956, 0.4969046529498614, 0.08371688534747965]
     [0.12436107816332274, 0.660763777963892, 0.11266102118685524]
     [0.1342728478951389, 0.5889966240426873, 0.0960224369775304]
     [0.12912691990671868, 0.6009160845802503, 0.10537552586666087]
     [0.14969618230067147, 0.5188872292110966, 0.06528682153688947]
     [0.13407243878412609, 0.6178131394676176, 0.1008990009892272]
     [0.18969884604559528, 0.394361028846735, 0.06306269091541564]
     [0.14220691266937396, 0.5060395962665883, 0.07730973682208042]
     [0.12061801395199229, 0.7214619362971533, 0.11074344229326782]

Gen: 22
     [0.13489166599654215, 0.5589152038957339, 0.08565620549836397]
     [0.12862244179968638, 0.7440445868121811, 0.08953267167440293]
     [0.11991375497567448, 0.7418212901164748, 0.11146307790979552]
     [0.16747165373326364, 0.47272899955965775, 0.0633127153743301]
     [0.12751862108479756, 0.6581821635482952, 0.09099803241621462]
     [0.16636406356801095, 0.47708925133181945, 0.07688143405333131]
     [0.11471568292388726, 0.8024460580733731, 0.11404159102520899]
     [0.1527720537975956, 0.4969046529498614, 0.08371688534747965]
     [0.12436107816332274, 0.660763777963892, 0.11266102118685524]
     [0.1342728478951389, 0.5889966240426873, 0.0960224369775304]
     [0.12912691990671868, 0.6009160845802503, 0.10537552586666087]
     [0.14969618230067147, 0.5188872292110966, 0.06528682153688947]
     [0.13407243878412609, 0.6178131394676176, 0.1008990009892272]
     [0.18969884604559528, 0.394361028846735, 0.06306269091541564]
     [0.14220691266937396, 0.5060395962665883, 0.07730973682208042]
     [0.12061801395199229, 0.7214619362971533, 0.11074344229326782]

Gen: 23
     [0.13489166599654215, 0.5589152038957339, 0.08565620549836397]
     [0.12862244179968638, 0.7440445868121811, 0.08953267167440293]
     [0.11991375497567448, 0.7418212901164748, 0.11146307790979552]
     [0.16747165373326364, 0.47272899955965775, 0.0633127153743301]
     [0.12751862108479756, 0.6581821635482952, 0.09099803241621462]
     [0.16636406356801095, 0.47708925133181945, 0.07688143405333131]
     [0.11471568292388726, 0.8024460580733731, 0.11404159102520899]
     [0.1527720537975956, 0.4969046529498614, 0.08371688534747965]
     [0.12436107816332274, 0.660763777963892, 0.11266102118685524]
     [0.1342728478951389, 0.5889966240426873, 0.0960224369775304]
     [0.12912691990671868, 0.6009160845802503, 0.10537552586666087]
     [0.14969618230067147, 0.5188872292110966, 0.06528682153688947]
     [0.13407243878412609, 0.6178131394676176, 0.1008990009892272]
     [0.18969884604559528, 0.394361028846735, 0.06306269091541564]
     [0.14220691266937396, 0.5060395962665883, 0.07730973682208042]
     [0.12061801395199229, 0.7214619362971533, 0.11074344229326782]

Gen: 24
     [0.13489166599654215, 0.5589152038957339, 0.08565620549836397]
     [0.12862244179968638, 0.7440445868121811, 0.08953267167440293]
     [0.11991375497567448, 0.7418212901164748, 0.11146307790979552]
     [0.16747165373326364, 0.47272899955965775, 0.0633127153743301]
     [0.12751862108479756, 0.6581821635482952, 0.09099803241621462]
     [0.16636406356801095, 0.47708925133181945, 0.07688143405333131]
     [0.11471568292388726, 0.8024460580733731, 0.11404159102520899]
     [0.1527720537975956, 0.4969046529498614, 0.08371688534747965]
     [0.12436107816332274, 0.660763777963892, 0.11266102118685524]
     [0.1342728478951389, 0.5889966240426873, 0.0960224369775304]
     [0.12912691990671868, 0.6009160845802503, 0.10537552586666087]
     [0.14969618230067147, 0.5188872292110966, 0.06528682153688947]
     [0.13407243878412609, 0.6178131394676176, 0.1008990009892272]
     [0.18969884604559528, 0.394361028846735, 0.06306269091541564]
     [0.14220691266937396, 0.5060395962665883, 0.07730973682208042]
     [0.12061801395199229, 0.7214619362971533, 0.11074344229326782]

Gen: 25
     [0.13489166599654215, 0.5589152038957339, 0.08565620549836397]
     [0.12862244179968638, 0.7440445868121811, 0.08953267167440293]
     [0.11991375497567448, 0.7418212901164748, 0.11146307790979552]
     [0.16747165373326364, 0.47272899955965775, 0.0633127153743301]
     [0.12751862108479756, 0.6581821635482952, 0.09099803241621462]
     [0.16636406356801095, 0.47708925133181945, 0.07688143405333131]
     [0.11471568292388726, 0.8024460580733731, 0.11404159102520899]
     [0.1527720537975956, 0.4969046529498614, 0.08371688534747965]
     [0.12436107816332274, 0.660763777963892, 0.11266102118685524]
     [0.1342728478951389, 0.5889966240426873, 0.0960224369775304]
     [0.12912691990671868, 0.6009160845802503, 0.10537552586666087]
     [0.14969618230067147, 0.5188872292110966, 0.06528682153688947]
     [0.13407243878412609, 0.6178131394676176, 0.1008990009892272]
     [0.12724030999959793, 0.7330878353292638, 0.10507332239023383]
     [0.18969884604559528, 0.394361028846735, 0.06306269091541564]
     [0.14220691266937396, 0.5060395962665883, 0.07730973682208042]
     [0.12061801395199229, 0.7214619362971533, 0.11074344229326782]

Gen: 26
     [0.13489166599654215, 0.5589152038957339, 0.08565620549836397]
     [0.12862244179968638, 0.7440445868121811, 0.08953267167440293]
     [0.11991375497567448, 0.7418212901164748, 0.11146307790979552]
     [0.16747165373326364, 0.47272899955965775, 0.0633127153743301]
     [0.12751862108479756, 0.6581821635482952, 0.09099803241621462]
     [0.16636406356801095, 0.47708925133181945, 0.07688143405333131]
     [0.11471568292388726, 0.8024460580733731, 0.11404159102520899]
     [0.1527720537975956, 0.4969046529498614, 0.08371688534747965]
     [0.12436107816332274, 0.660763777963892, 0.11266102118685524]
     [0.1342728478951389, 0.5889966240426873, 0.0960224369775304]
     [0.12912691990671868, 0.6009160845802503, 0.10537552586666087]
     [0.14969618230067147, 0.5188872292110966, 0.06528682153688947]
     [0.13407243878412609, 0.6178131394676176, 0.1008990009892272]
     [0.12724030999959793, 0.7330878353292638, 0.10507332239023383]
     [0.13961667202766273, 0.6275006691475492, 0.07740105010272744]
     [0.18969884604559528, 0.394361028846735, 0.06306269091541564]
     [0.14220691266937396, 0.5060395962665883, 0.07730973682208042]
     [0.12061801395199229, 0.7214619362971533, 0.11074344229326782]

Gen: 27
     [0.13489166599654215, 0.5589152038957339, 0.08565620549836397]
     [0.12862244179968638, 0.7440445868121811, 0.08953267167440293]
     [0.11991375497567448, 0.7418212901164748, 0.11146307790979552]
     [0.16747165373326364, 0.47272899955965775, 0.0633127153743301]
     [0.12751862108479756, 0.6581821635482952, 0.09099803241621462]
     [0.16636406356801095, 0.47708925133181945, 0.07688143405333131]
     [0.11471568292388726, 0.8024460580733731, 0.11404159102520899]
     [0.1527720537975956, 0.4969046529498614, 0.08371688534747965]
     [0.12436107816332274, 0.660763777963892, 0.11266102118685524]
     [0.1342728478951389, 0.5889966240426873, 0.0960224369775304]
     [0.12912691990671868, 0.6009160845802503, 0.10537552586666087]
     [0.14969618230067147, 0.5188872292110966, 0.06528682153688947]
     [0.13407243878412609, 0.6178131394676176, 0.1008990009892272]
     [0.12724030999959793, 0.7330878353292638, 0.10507332239023383]
     [0.13961667202766273, 0.6275006691475492, 0.07740105010272744]
     [0.18969884604559528, 0.394361028846735, 0.06306269091541564]
     [0.14220691266937396, 0.5060395962665883, 0.07730973682208042]
     [0.12061801395199229, 0.7214619362971533, 0.11074344229326782]

Gen: 28
     [0.13489166599654215, 0.5589152038957339, 0.08565620549836397]
     [0.12862244179968638, 0.7440445868121811, 0.08953267167440293]
     [0.15767422399581843, 0.4905844464207082, 0.07095694143992347]
     [0.11991375497567448, 0.7418212901164748, 0.11146307790979552]
     [0.16747165373326364, 0.47272899955965775, 0.0633127153743301]
     [0.12751862108479756, 0.6581821635482952, 0.09099803241621462]
     [0.16636406356801095, 0.47708925133181945, 0.07688143405333131]
     [0.11471568292388726, 0.8024460580733731, 0.11404159102520899]
     [0.1527720537975956, 0.4969046529498614, 0.08371688534747965]
     [0.1342728478951389, 0.5889966240426873, 0.0960224369775304]
     [0.12912691990671868, 0.6009160845802503, 0.10537552586666087]
     [0.14969618230067147, 0.5188872292110966, 0.06528682153688947]
     [0.13407243878412609, 0.6178131394676176, 0.1008990009892272]
     [0.13961667202766273, 0.6275006691475492, 0.07740105010272744]
     [0.18969884604559528, 0.394361028846735, 0.06306269091541564]
     [0.14220691266937396, 0.5060395962665883, 0.07730973682208042]
     [0.12419208113867557, 0.6551817922793324, 0.09974019197530193]
     [0.12061801395199229, 0.7214619362971533, 0.11074344229326782]

Gen: 29
     [0.13489166599654215, 0.5589152038957339, 0.08565620549836397]
     [0.12862244179968638, 0.7440445868121811, 0.08953267167440293]
     [0.15767422399581843, 0.4905844464207082, 0.07095694143992347]
     [0.11991375497567448, 0.7418212901164748, 0.11146307790979552]
     [0.16747165373326364, 0.47272899955965775, 0.0633127153743301]
     [0.12751862108479756, 0.6581821635482952, 0.09099803241621462]
     [0.16636406356801095, 0.47708925133181945, 0.07688143405333131]
     [0.11471568292388726, 0.8024460580733731, 0.11404159102520899]
     [0.1527720537975956, 0.4969046529498614, 0.08371688534747965]
     [0.1342728478951389, 0.5889966240426873, 0.0960224369775304]
     [0.12912691990671868, 0.6009160845802503, 0.10537552586666087]
     [0.14969618230067147, 0.5188872292110966, 0.06528682153688947]
     [0.13407243878412609, 0.6178131394676176, 0.1008990009892272]
     [0.13961667202766273, 0.6275006691475492, 0.07740105010272744]
     [0.18969884604559528, 0.394361028846735, 0.06306269091541564]
     [0.14220691266937396, 0.5060395962665883, 0.07730973682208042]
     [0.12419208113867557, 0.6551817922793324, 0.09974019197530193]
     [0.12061801395199229, 0.7214619362971533, 0.11074344229326782]

Gen: 30
     [0.13489166599654215, 0.5589152038957339, 0.08565620549836397]
     [0.12862244179968638, 0.7440445868121811, 0.08953267167440293]
     [0.15767422399581843, 0.4905844464207082, 0.07095694143992347]
     [0.11991375497567448, 0.7418212901164748, 0.11146307790979552]
     [0.16747165373326364, 0.47272899955965775, 0.0633127153743301]
     [0.12751862108479756, 0.6581821635482952, 0.09099803241621462]
     [0.16636406356801095, 0.47708925133181945, 0.07688143405333131]
     [0.11471568292388726, 0.8024460580733731, 0.11404159102520899]
     [0.1527720537975956, 0.4969046529498614, 0.08371688534747965]
     [0.11905683325961963, 0.744687831875599, 0.12032264025828614]
     [0.1342728478951389, 0.5889966240426873, 0.0960224369775304]
     [0.12912691990671868, 0.6009160845802503, 0.10537552586666087]
     [0.14969618230067147, 0.5188872292110966, 0.06528682153688947]
     [0.13407243878412609, 0.6178131394676176, 0.1008990009892272]
     [0.13961667202766273, 0.6275006691475492, 0.07740105010272744]
     [0.18969884604559528, 0.394361028846735, 0.06306269091541564]
     [0.14220691266937396, 0.5060395962665883, 0.07730973682208042]
     [0.12419208113867557, 0.6551817922793324, 0.09974019197530193]
     [0.12061801395199229, 0.7214619362971533, 0.11074344229326782]

Gen: 31
     [0.13489166599654215, 0.5589152038957339, 0.08565620549836397]
     [0.12862244179968638, 0.7440445868121811, 0.08953267167440293]
     [0.15767422399581843, 0.4905844464207082, 0.07095694143992347]
     [0.11991375497567448, 0.7418212901164748, 0.11146307790979552]
     [0.16747165373326364, 0.47272899955965775, 0.0633127153743301]
     [0.12751862108479756, 0.6581821635482952, 0.09099803241621462]
     [0.16636406356801095, 0.47708925133181945, 0.07688143405333131]
     [0.11471568292388726, 0.8024460580733731, 0.11404159102520899]
     [0.1527720537975956, 0.4969046529498614, 0.08371688534747965]
     [0.11905683325961963, 0.744687831875599, 0.12032264025828614]
     [0.1342728478951389, 0.5889966240426873, 0.0960224369775304]
     [0.12912691990671868, 0.6009160845802503, 0.10537552586666087]
     [0.14969618230067147, 0.5188872292110966, 0.06528682153688947]
     [0.13407243878412609, 0.6178131394676176, 0.1008990009892272]
     [0.13961667202766273, 0.6275006691475492, 0.07740105010272744]
     [0.18969884604559528, 0.394361028846735, 0.06306269091541564]
     [0.14220691266937396, 0.5060395962665883, 0.07730973682208042]
     [0.12419208113867557, 0.6551817922793324, 0.09974019197530193]
     [0.12061801395199229, 0.7214619362971533, 0.11074344229326782]

Gen: 32
     [0.13489166599654215, 0.5589152038957339, 0.08565620549836397]
     [0.12862244179968638, 0.7440445868121811, 0.08953267167440293]
     [0.15767422399581843, 0.4905844464207082, 0.07095694143992347]
     [0.11991375497567448, 0.7418212901164748, 0.11146307790979552]
     [0.16747165373326364, 0.47272899955965775, 0.0633127153743301]
     [0.12751862108479756, 0.6581821635482952, 0.09099803241621462]
     [0.1326249698443971, 0.6557775494521624, 0.09045884923525127]
     [0.16636406356801095, 0.47708925133181945, 0.07688143405333131]
     [0.11471568292388726, 0.8024460580733731, 0.11404159102520899]
     [0.1527720537975956, 0.4969046529498614, 0.08371688534747965]
     [0.11905683325961963, 0.744687831875599, 0.12032264025828614]
     [0.1342728478951389, 0.5889966240426873, 0.0960224369775304]
     [0.12912691990671868, 0.6009160845802503, 0.10537552586666087]
     [0.14969618230067147, 0.5188872292110966, 0.06528682153688947]
     [0.13407243878412609, 0.6178131394676176, 0.1008990009892272]
     [0.13961667202766273, 0.6275006691475492, 0.07740105010272744]
     [0.18969884604559528, 0.394361028846735, 0.06306269091541564]
     [0.14220691266937396, 0.5060395962665883, 0.07730973682208042]
     [0.12419208113867557, 0.6551817922793324, 0.09974019197530193]
     [0.12061801395199229, 0.7214619362971533, 0.11074344229326782]

Gen: 33
     [0.12862244179968638, 0.7440445868121811, 0.08953267167440293]
     [0.15767422399581843, 0.4905844464207082, 0.07095694143992347]
     [0.11991375497567448, 0.7418212901164748, 0.11146307790979552]
     [0.16747165373326364, 0.47272899955965775, 0.0633127153743301]
     [0.12751862108479756, 0.6581821635482952, 0.09099803241621462]
     [0.16636406356801095, 0.47708925133181945, 0.07688143405333131]
     [0.11471568292388726, 0.8024460580733731, 0.11404159102520899]
     [0.1527720537975956, 0.4969046529498614, 0.08371688534747965]
     [0.11905683325961963, 0.744687831875599, 0.12032264025828614]
     [0.12912691990671868, 0.6009160845802503, 0.10537552586666087]
     [0.14969618230067147, 0.5188872292110966, 0.06528682153688947]
     [0.13961667202766273, 0.6275006691475492, 0.07740105010272744]
     [0.18969884604559528, 0.394361028846735, 0.06306269091541564]
     [0.14220691266937396, 0.5060395962665883, 0.07730973682208042]
     [0.13152931627196332, 0.5088456988922371, 0.08342555249970106]
     [0.12419208113867557, 0.6551817922793324, 0.09974019197530193]
     [0.12061801395199229, 0.7214619362971533, 0.11074344229326782]

Gen: 34
     [0.12862244179968638, 0.7440445868121811, 0.08953267167440293]
     [0.15767422399581843, 0.4905844464207082, 0.07095694143992347]
     [0.11991375497567448, 0.7418212901164748, 0.11146307790979552]
     [0.16747165373326364, 0.47272899955965775, 0.0633127153743301]
     [0.12751862108479756, 0.6581821635482952, 0.09099803241621462]
     [0.16636406356801095, 0.47708925133181945, 0.07688143405333131]
     [0.11471568292388726, 0.8024460580733731, 0.11404159102520899]
     [0.1527720537975956, 0.4969046529498614, 0.08371688534747965]
     [0.11905683325961963, 0.744687831875599, 0.12032264025828614]
     [0.12912691990671868, 0.6009160845802503, 0.10537552586666087]
     [0.14969618230067147, 0.5188872292110966, 0.06528682153688947]
     [0.13961667202766273, 0.6275006691475492, 0.07740105010272744]
     [0.18969884604559528, 0.394361028846735, 0.06306269091541564]
     [0.14220691266937396, 0.5060395962665883, 0.07730973682208042]
     [0.13152931627196332, 0.5088456988922371, 0.08342555249970106]
     [0.12419208113867557, 0.6551817922793324, 0.09974019197530193]
     [0.12061801395199229, 0.7214619362971533, 0.11074344229326782]

Gen: 35
     [0.12862244179968638, 0.7440445868121811, 0.08953267167440293]
     [0.15767422399581843, 0.4905844464207082, 0.07095694143992347]
     [0.11991375497567448, 0.7418212901164748, 0.11146307790979552]
     [0.16747165373326364, 0.47272899955965775, 0.0633127153743301]
     [0.12751862108479756, 0.6581821635482952, 0.09099803241621462]
     [0.16636406356801095, 0.47708925133181945, 0.07688143405333131]
     [0.11471568292388726, 0.8024460580733731, 0.11404159102520899]
     [0.1527720537975956, 0.4969046529498614, 0.08371688534747965]
     [0.11905683325961963, 0.744687831875599, 0.12032264025828614]
     [0.12912691990671868, 0.6009160845802503, 0.10537552586666087]
     [0.14969618230067147, 0.5188872292110966, 0.06528682153688947]
     [0.13961667202766273, 0.6275006691475492, 0.07740105010272744]
     [0.18969884604559528, 0.394361028846735, 0.06306269091541564]
     [0.14220691266937396, 0.5060395962665883, 0.07730973682208042]
     [0.13152931627196332, 0.5088456988922371, 0.08342555249970106]
     [0.12419208113867557, 0.6551817922793324, 0.09974019197530193]
     [0.12061801395199229, 0.7214619362971533, 0.11074344229326782]

Gen: 36
     [0.12862244179968638, 0.7440445868121811, 0.08953267167440293]
     [0.15767422399581843, 0.4905844464207082, 0.07095694143992347]
     [0.11991375497567448, 0.7418212901164748, 0.11146307790979552]
     [0.16747165373326364, 0.47272899955965775, 0.0633127153743301]
     [0.12751862108479756, 0.6581821635482952, 0.09099803241621462]
     [0.16636406356801095, 0.47708925133181945, 0.07688143405333131]
     [0.11471568292388726, 0.8024460580733731, 0.11404159102520899]
     [0.1527720537975956, 0.4969046529498614, 0.08371688534747965]
     [0.11905683325961963, 0.744687831875599, 0.12032264025828614]
     [0.12912691990671868, 0.6009160845802503, 0.10537552586666087]
     [0.14969618230067147, 0.5188872292110966, 0.06528682153688947]
     [0.13961667202766273, 0.6275006691475492, 0.07740105010272744]
     [0.18969884604559528, 0.394361028846735, 0.06306269091541564]
     [0.14220691266937396, 0.5060395962665883, 0.07730973682208042]
     [0.13152931627196332, 0.5088456988922371, 0.08342555249970106]
     [0.12419208113867557, 0.6551817922793324, 0.09974019197530193]
     [0.12061801395199229, 0.7214619362971533, 0.11074344229326782]

Gen: 37
     [0.12862244179968638, 0.7440445868121811, 0.08953267167440293]
     [0.15767422399581843, 0.4905844464207082, 0.07095694143992347]
     [0.11991375497567448, 0.7418212901164748, 0.11146307790979552]
     [0.16747165373326364, 0.47272899955965775, 0.0633127153743301]
     [0.12751862108479756, 0.6581821635482952, 0.09099803241621462]
     [0.16636406356801095, 0.47708925133181945, 0.07688143405333131]
     [0.11471568292388726, 0.8024460580733731, 0.11404159102520899]
     [0.1527720537975956, 0.4969046529498614, 0.08371688534747965]
     [0.11905683325961963, 0.744687831875599, 0.12032264025828614]
     [0.12912691990671868, 0.6009160845802503, 0.10537552586666087]
     [0.14969618230067147, 0.5188872292110966, 0.06528682153688947]
     [0.13961667202766273, 0.6275006691475492, 0.07740105010272744]
     [0.18969884604559528, 0.394361028846735, 0.06306269091541564]
     [0.14220691266937396, 0.5060395962665883, 0.07730973682208042]
     [0.13152931627196332, 0.5088456988922371, 0.08342555249970106]
     [0.12419208113867557, 0.6551817922793324, 0.09974019197530193]
     [0.12061801395199229, 0.7214619362971533, 0.11074344229326782]

Gen: 38
     [0.12862244179968638, 0.7440445868121811, 0.08953267167440293]
     [0.15767422399581843, 0.4905844464207082, 0.07095694143992347]
     [0.11991375497567448, 0.7418212901164748, 0.11146307790979552]
     [0.16747165373326364, 0.47272899955965775, 0.0633127153743301]
     [0.12751862108479756, 0.6581821635482952, 0.09099803241621462]
     [0.16636406356801095, 0.47708925133181945, 0.07688143405333131]
     [0.13773697277954244, 0.6155984769338364, 0.08338859236229632]
     [0.11471568292388726, 0.8024460580733731, 0.11404159102520899]
     [0.1527720537975956, 0.4969046529498614, 0.08371688534747965]
     [0.11905683325961963, 0.744687831875599, 0.12032264025828614]
     [0.12912691990671868, 0.6009160845802503, 0.10537552586666087]
     [0.14969618230067147, 0.5188872292110966, 0.06528682153688947]
     [0.13961667202766273, 0.6275006691475492, 0.07740105010272744]
     [0.18969884604559528, 0.394361028846735, 0.06306269091541564]
     [0.14220691266937396, 0.5060395962665883, 0.07730973682208042]
     [0.13152931627196332, 0.5088456988922371, 0.08342555249970106]
     [0.12419208113867557, 0.6551817922793324, 0.09974019197530193]
     [0.12061801395199229, 0.7214619362971533, 0.11074344229326782]

