Gen: 2
     [0.13714216747304983, 0.5834707604106407, 0.09041754084638715]
     [0.14128018631695102, 0.5696561013305244, 0.08376689023926254]
     [0.13711564171122995, 0.5634654072302472, 0.08708460610277093]
     [0.155371997283762, 0.5412108548683722, 0.08109923796893174]
     [0.1279894533571004, 0.566586656766161, 0.08962833320650933]
     [0.12698545327221797, 0.5687106605997289, 0.07977084714809057]
     [0.12650268440709617, 0.5321190823612706, 0.08427780978573991]
     [0.1550152257872846, 0.4992531449934812, 0.07615745018534421]
     [0.1427576712503183, 0.5102228477192862, 0.077003185094194]
     [0.12985686698921994, 0.4718310467194502, 0.09375699796719245]

Gen: 3
     [0.1279894533571004, 0.566586656766161, 0.08962833320650933]
     [0.1269111811391223, 0.56587002132638, 0.09023926253655248]
     [0.1269111811391223, 0.56587002132638, 0.09023926253655248]
     [0.12698545327221797, 0.5687106605997289, 0.07977084714809057]
     [0.16380586325439267, 0.5179590568041513, 0.07838375493254775]
     [0.12650268440709617, 0.5321190823612706, 0.08427780978573991]
     [0.1550152257872846, 0.4992531449934812, 0.07615745018534421]
     [0.1427576712503183, 0.5102228477192862, 0.077003185094194]
     [0.16721840251252015, 0.4682349182776574, 0.07308975878075029]
     [0.12985686698921994, 0.4718310467194502, 0.09375699796719245]

Gen: 4
     [0.1269111811391223, 0.56587002132638, 0.09023926253655248]
     [0.1269111811391223, 0.56587002132638, 0.09023926253655248]
     [0.14572192513368984, 0.5552284167537278, 0.06866323879509952]
     [0.12698545327221797, 0.5687106605997289, 0.07977084714809057]
     [0.16380586325439267, 0.5179590568041513, 0.07838375493254775]
     [0.12650268440709617, 0.5321190823612706, 0.08427780978573991]
     [0.1550152257872846, 0.4992531449934812, 0.07615745018534421]
     [0.1427576712503183, 0.5102228477192862, 0.077003185094194]
     [0.16721840251252015, 0.4682349182776574, 0.07308975878075029]
     [0.12985686698921994, 0.4718310467194502, 0.09375699796719245]

Gen: 5
     [0.14572192513368984, 0.5552284167537278, 0.06866323879509952]
     [0.12698545327221797, 0.5687106605997289, 0.07977084714809057]
     [0.16380586325439267, 0.5179590568041513, 0.07838375493254775]
     [0.18035528605381546, 0.4739723188768682, 0.07108521485797524]
     [0.12650268440709617, 0.5321190823612706, 0.08427780978573991]
     [0.1550152257872846, 0.4992531449934812, 0.07615745018534421]
     [0.12650268440709617, 0.5321190823612706, 0.08092748203628616]
     [0.1427576712503183, 0.5102228477192862, 0.077003185094194]
     [0.16721840251252015, 0.4682349182776574, 0.07308975878075029]
     [0.12985686698921994, 0.4718310467194502, 0.09375699796719245]

Gen: 6
     [0.16380586325439267, 0.5179590568041513, 0.07838375493254775]
     [0.18035528605381546, 0.4739723188768682, 0.07108521485797524]
     [0.12650268440709617, 0.5321190823612706, 0.08427780978573991]
     [0.1550152257872846, 0.4992531449934812, 0.07615745018534421]
     [0.1550152257872846, 0.4992531449934812, 0.07615745018534421]
     [0.12650268440709617, 0.5321190823612706, 0.08092748203628616]
     [0.1427576712503183, 0.5102228477192862, 0.077003185094194]
     [0.16721840251252015, 0.4682349182776574, 0.07308975878075029]
     [0.16721840251252015, 0.4682349182776574, 0.07308975878075029]
     [0.12985686698921994, 0.4718310467194502, 0.09375699796719245]

Gen: 7
     [0.1550152257872846, 0.4992531449934812, 0.07615745018534421]
     [0.12650268440709617, 0.5321190823612706, 0.08092748203628616]
     [0.1427576712503183, 0.5102228477192862, 0.077003185094194]
     [0.16721840251252015, 0.4682349182776574, 0.07308975878075029]
     [0.16721840251252015, 0.4682349182776574, 0.07308975878075029]
     [0.12205829301417537, 0.5060223279427383, 0.08355600004348251]
     [0.12985686698921994, 0.4718310467194502, 0.09375699796719245]
     [0.13766605126899245, 0.47169721720961155, 0.07937080801382744]
     [0.13185823571852984, 0.4774993740232604, 0.07986868280592667]
     [0.17730217086834735, 0.43452283304121087, 0.057336043743409684]

Gen: 8
     [0.1427576712503183, 0.5102228477192862, 0.077003185094194]
     [0.16721840251252015, 0.4682349182776574, 0.07308975878075029]
     [0.16721840251252015, 0.4682349182776574, 0.07308975878075029]
     [0.12205829301417537, 0.5060223279427383, 0.08355600004348251]
     [0.12985686698921994, 0.4718310467194502, 0.09375699796719245]
     [0.13766605126899245, 0.47169721720961155, 0.07937080801382744]
     [0.13185823571852984, 0.4774993740232604, 0.07986868280592667]
     [0.17730217086834735, 0.43452283304121087, 0.057336043743409684]
     [0.12815126050420167, 0.45329781814728154, 0.07634225087236794]
     [0.17730217086834735, 0.40071577202358855, 0.05832527095041906]

Gen: 9
     [0.16721840251252015, 0.4682349182776574, 0.07308975878075029]
     [0.16721840251252015, 0.4682349182776574, 0.07308975878075029]
     [0.12205829301417537, 0.5060223279427383, 0.08355600004348251]
     [0.12985686698921994, 0.4718310467194502, 0.09375699796719245]
     [0.13766605126899245, 0.47169721720961155, 0.07937080801382744]
     [0.13185823571852984, 0.4774993740232604, 0.07986868280592667]
     [0.17730217086834735, 0.43452283304121087, 0.057336043743409684]
     [0.11242678889737713, 0.4893281758606101, 0.08154928199497777]
     [0.12815126050420167, 0.45329781814728154, 0.07634225087236794]
     [0.17730217086834735, 0.40071577202358855, 0.05832527095041906]

Gen: 10
     [0.16721840251252015, 0.4682349182776574, 0.07308975878075029]
     [0.12205829301417537, 0.5060223279427383, 0.08355600004348251]
     [0.13348691749427044, 0.48569319369015446, 0.08355600004348251]
     [0.12985686698921994, 0.4718310467194502, 0.09375699796719245]
     [0.13766605126899245, 0.47169721720961155, 0.07937080801382744]
     [0.13185823571852984, 0.4774993740232604, 0.07986868280592667]
     [0.17730217086834735, 0.43452283304121087, 0.057336043743409684]
     [0.11242678889737713, 0.4893281758606101, 0.08154928199497777]
     [0.12815126050420167, 0.45329781814728154, 0.07634225087236794]
     [0.17730217086834735, 0.40071577202358855, 0.05832527095041906]

Gen: 11
     [0.13348691749427044, 0.48569319369015446, 0.08355600004348251]
     [0.12985686698921994, 0.4718310467194502, 0.09375699796719245]
     [0.13766605126899245, 0.47169721720961155, 0.07937080801382744]
     [0.13185823571852984, 0.4774993740232604, 0.07986868280592667]
     [0.15563194974959682, 0.44531121836658927, 0.07786196475742192]
     [0.17730217086834735, 0.43452283304121087, 0.057336043743409684]
     [0.11242678889737713, 0.4893281758606101, 0.08154928199497777]
     [0.11252758679229267, 0.4893281758606101, 0.08126447152438826]
     [0.12815126050420167, 0.45329781814728154, 0.07634225087236794]
     [0.17730217086834735, 0.40071577202358855, 0.05832527095041906]

Gen: 12
     [0.15563194974959682, 0.44531121836658927, 0.07786196475742192]
     [0.17730217086834735, 0.43452283304121087, 0.057336043743409684]
     [0.13149748535777947, 0.4683946502732712, 0.08296898609646595]
     [0.11242678889737713, 0.4893281758606101, 0.08154928199497777]
     [0.11252758679229267, 0.4893281758606101, 0.08126447152438826]
     [0.11242678889737713, 0.4893281758606101, 0.07779891511126089]
     [0.12815126050420167, 0.45329781814728154, 0.07634225087236794]
     [0.17730217086834735, 0.40071577202358855, 0.05832527095041906]
     [0.1398769735166794, 0.4264714770460805, 0.06517811525040493]
     [0.13072558568882098, 0.43423790569768345, 0.06696524660021089]

Gen: 13
     [0.12547348484848486, 0.47042367832566334, 0.08152536661195117]
     [0.11242678889737713, 0.4893281758606101, 0.07779891511126089]
     [0.14686120660385366, 0.4523825969832238, 0.06079725190507767]
     [0.13072558568882098, 0.45748970376190434, 0.07249187420508528]
     [0.12815126050420167, 0.45329781814728154, 0.07634225087236794]
     [0.12815126050420167, 0.45329781814728154, 0.07634225087236794]
     [0.17730217086834735, 0.40071577202358855, 0.05832527095041906]
     [0.1398769735166794, 0.4264714770460805, 0.06517811525040493]
     [0.13072558568882098, 0.43423790569768345, 0.06696524660021089]
     [0.1163075078516255, 0.4365475440126404, 0.07431596569229598]

Gen: 14
     [0.13072558568882098, 0.45748970376190434, 0.07249187420508528]
     [0.12815126050420167, 0.45329781814728154, 0.07634225087236794]
     [0.12815126050420167, 0.45329781814728154, 0.07634225087236794]
     [0.1271141032170444, 0.45552111484298774, 0.0731593308041004]
     [0.17730217086834735, 0.40071577202358855, 0.05832527095041906]
     [0.13890480434598082, 0.4365475440126404, 0.07221793436314422]
     [0.1398769735166794, 0.4264714770460805, 0.06517811525040493]
     [0.13104124225447755, 0.43423790569768345, 0.0669630724744812]
     [0.13072558568882098, 0.43423790569768345, 0.06696524660021089]
     [0.1163075078516255, 0.4365475440126404, 0.07431596569229598]

Gen: 15
     [0.12815126050420167, 0.45329781814728154, 0.07634225087236794]
     [0.1271141032170444, 0.45552111484298774, 0.0731593308041004]
     [0.17730217086834735, 0.40071577202358855, 0.05832527095041906]
     [0.13890480434598082, 0.4365475440126404, 0.07221793436314422]
     [0.1398769735166794, 0.4264714770460805, 0.06517811525040493]
     [0.15060266530854766, 0.4125704763467134, 0.063960604841778]
     [0.13104124225447755, 0.43423790569768345, 0.0669630724744812]
     [0.13072558568882098, 0.43423790569768345, 0.06696524660021089]
     [0.1163075078516255, 0.4365475440126404, 0.07431596569229598]
     [0.17730217086834735, 0.36696483305847916, 0.05613592634062028]

Gen: 16
     [0.17730217086834735, 0.40071577202358855, 0.05832527095041906]
     [0.13890480434598082, 0.4365475440126404, 0.07221793436314422]
     [0.13414343009931246, 0.4463775373643357, 0.06557815438466806]
     [0.1398769735166794, 0.4264714770460805, 0.06517811525040493]
     [0.15060266530854766, 0.4125704763467134, 0.063960604841778]
     [0.13104124225447755, 0.43423790569768345, 0.0669630724744812]
     [0.13072558568882098, 0.43423790569768345, 0.06696524660021089]
     [0.1163075078516255, 0.4365475440126404, 0.07431596569229598]
     [0.17730217086834735, 0.36696483305847916, 0.05613592634062028]
     [0.17730217086834735, 0.36696483305847916, 0.05613592634062028]

Gen: 17
     [0.13414343009931246, 0.4463775373643357, 0.06557815438466806]
     [0.1398769735166794, 0.4264714770460805, 0.06517811525040493]
     [0.15060266530854766, 0.4125704763467134, 0.063960604841778]
     [0.15060266530854766, 0.4125704763467134, 0.063960604841778]
     [0.13104124225447755, 0.43423790569768345, 0.0669630724744812]
     [0.13072558568882098, 0.43423790569768345, 0.06696524660021089]
     [0.1163075078516255, 0.4365475440126404, 0.07431596569229598]
     [0.17730217086834735, 0.36696483305847916, 0.05613592634062028]
     [0.17730217086834735, 0.36696483305847916, 0.05613592634062028]
     [0.13881196417961122, 0.4009747968813407, 0.07043297713906795]

Gen: 18
     [0.15060266530854766, 0.4125704763467134, 0.063960604841778]
     [0.13104124225447755, 0.43423790569768345, 0.0669630724744812]
     [0.13072558568882098, 0.43423790569768345, 0.06696524660021089]
     [0.14510652745946864, 0.41199630457869607, 0.06965029187637921]
     [0.1303038260758849, 0.4236437890156192, 0.07532258590514289]
     [0.1163075078516255, 0.4365475440126404, 0.07431596569229598]
     [0.17730217086834735, 0.36696483305847916, 0.05613592634062028]
     [0.17730217086834735, 0.36696483305847916, 0.05613592634062028]
     [0.13881196417961122, 0.4009747968813407, 0.07043297713906795]
     [0.13986238434767848, 0.3927205380809712, 0.05856007652922569]

Gen: 19
     [0.13104124225447755, 0.43423790569768345, 0.0669630724744812]
     [0.13072558568882098, 0.43423790569768345, 0.06696524660021089]
     [0.14510652745946864, 0.41199630457869607, 0.06965029187637921]
     [0.15942645997793056, 0.38200122605099335, 0.08001652335554565]
     [0.1303038260758849, 0.4236437890156192, 0.07532258590514289]
     [0.1163075078516255, 0.4365475440126404, 0.07431596569229598]
     [0.17730217086834735, 0.36696483305847916, 0.05613592634062028]
     [0.17730217086834735, 0.36696483305847916, 0.05613592634062028]
     [0.13881196417961122, 0.4009747968813407, 0.07043297713906795]
     [0.13986238434767848, 0.3927205380809712, 0.05856007652922569]

Gen: 20
     [0.14510652745946864, 0.41199630457869607, 0.06965029187637921]
     [0.15942645997793056, 0.38200122605099335, 0.08001652335554565]
     [0.1303038260758849, 0.4236437890156192, 0.07532258590514289]
     [0.1163075078516255, 0.4365475440126404, 0.07431596569229598]
     [0.17730217086834735, 0.36696483305847916, 0.05613592634062028]
     [0.17730217086834735, 0.36696483305847916, 0.05613592634062028]
     [0.17730217086834735, 0.36696483305847916, 0.05613592634062028]
     [0.13881196417961122, 0.4009747968813407, 0.07043297713906795]
     [0.15738265002970886, 0.3789404156485551, 0.061958235044732635]
     [0.13986238434767848, 0.3927205380809712, 0.05856007652922569]

Gen: 21
     [0.1163075078516255, 0.4365475440126404, 0.07431596569229598]
     [0.1163075078516255, 0.4365475440126404, 0.07431596569229598]
     [0.15888268186062304, 0.38859772576174895, 0.05947755758715526]
     [0.17730217086834735, 0.36696483305847916, 0.05613592634062028]
     [0.17730217086834735, 0.36696483305847916, 0.05613592634062028]
     [0.17730217086834735, 0.36696483305847916, 0.05613592634062028]
     [0.13881196417961122, 0.4009747968813407, 0.07043297713906795]
     [0.15738265002970886, 0.3789404156485551, 0.061958235044732635]
     [0.203785491469315, 0.33051571849178457, 0.04135621963018121]
     [0.13986238434767848, 0.3927205380809712, 0.05856007652922569]

Gen: 22
     [0.17730217086834735, 0.36696483305847916, 0.05613592634062028]
     [0.17730217086834735, 0.36696483305847916, 0.05613592634062028]
     [0.17730217086834735, 0.36696483305847916, 0.05613592634062028]
     [0.17730217086834735, 0.36696483305847916, 0.05613592634062028]
     [0.13881196417961122, 0.4009747968813407, 0.07043297713906795]
     [0.15738265002970886, 0.3789404156485551, 0.061958235044732635]
     [0.15738265002970886, 0.3789404156485551, 0.061958235044732635]
     [0.203785491469315, 0.33051571849178457, 0.04135621963018121]
     [0.12876400560224088, 0.40279660504753106, 0.06769792697111673]
     [0.13986238434767848, 0.3927205380809712, 0.05856007652922569]

Gen: 23
     [0.17730217086834735, 0.36696483305847916, 0.05613592634062028]
     [0.17730217086834735, 0.36696483305847916, 0.05613592634062028]
     [0.17730217086834735, 0.36696483305847916, 0.05613592634062028]
     [0.13881196417961122, 0.4009747968813407, 0.07043297713906795]
     [0.15738265002970886, 0.3789404156485551, 0.061958235044732635]
     [0.15738265002970886, 0.3789404156485551, 0.061958235044732635]
     [0.203785491469315, 0.33051571849178457, 0.04135621963018121]
     [0.12876400560224088, 0.40279660504753106, 0.06769792697111673]
     [0.12876400560224088, 0.40279660504753106, 0.06769792697111673]
     [0.13986238434767848, 0.3927205380809712, 0.05856007652922569]

Gen: 24
     [0.15738265002970886, 0.3789404156485551, 0.061958235044732635]
     [0.15738265002970886, 0.3789404156485551, 0.061958235044732635]
     [0.203785491469315, 0.33051571849178457, 0.04135621963018121]
     [0.12876400560224088, 0.40279660504753106, 0.06769792697111673]
     [0.12876400560224088, 0.40279660504753106, 0.06769792697111673]
     [0.12876400560224088, 0.40279660504753106, 0.06769792697111673]
     [0.12886480349715643, 0.40279660504753106, 0.06682175430205128]
     [0.13986238434767848, 0.3927205380809712, 0.05856007652922569]
     [0.15994238604532723, 0.35356461375076625, 0.061082062375667184]
     [0.12876400560224088, 0.37954480698331017, 0.0612951266971769]

Gen: 25
     [0.203785491469315, 0.33051571849178457, 0.04135621963018121]
     [0.12876400560224088, 0.40279660504753106, 0.06769792697111673]
     [0.12876400560224088, 0.40279660504753106, 0.06769792697111673]
     [0.12876400560224088, 0.40279660504753106, 0.06769792697111673]
     [0.12886480349715643, 0.40279660504753106, 0.06682175430205128]
     [0.13986238434767848, 0.3927205380809712, 0.05856007652922569]
     [0.13986238434767848, 0.3927205380809712, 0.05856007652922569]
     [0.15994238604532723, 0.35356461375076625, 0.061082062375667184]
     [0.1557407053730583, 0.3570053272779078, 0.06037981976497701]
     [0.12876400560224088, 0.37954480698331017, 0.0612951266971769]

Gen: 26
     [0.12876400560224088, 0.40279660504753106, 0.06769792697111673]
     [0.12876400560224088, 0.40279660504753106, 0.06769792697111673]
     [0.12886480349715643, 0.40279660504753106, 0.06682175430205128]
     [0.13986238434767848, 0.3927205380809712, 0.05856007652922569]
     [0.13986238434767848, 0.3927205380809712, 0.05856007652922569]
     [0.13986238434767848, 0.3927205380809712, 0.05856007652922569]
     [0.15994238604532723, 0.35356461375076625, 0.061082062375667184]
     [0.15994238604532723, 0.35356461375076625, 0.061082062375667184]
     [0.1557407053730583, 0.3570053272779078, 0.06037981976497701]
     [0.12876400560224088, 0.37954480698331017, 0.0612951266971769]

Gen: 27
     [0.13986238434767848, 0.3927205380809712, 0.05856007652922569]
     [0.13986238434767848, 0.3927205380809712, 0.05856007652922569]
     [0.13986238434767848, 0.3927205380809712, 0.05856007652922569]
     [0.15994238604532723, 0.35356461375076625, 0.061082062375667184]
     [0.15994238604532723, 0.35356461375076625, 0.061082062375667184]
     [0.15994238604532723, 0.35356461375076625, 0.061082062375667184]
     [0.15994238604532723, 0.35356461375076625, 0.061082062375667184]
     [0.1557407053730583, 0.3570053272779078, 0.06037981976497701]
     [0.12876400560224088, 0.37954480698331017, 0.0612951266971769]
     [0.12876400560224088, 0.37954480698331017, 0.0612951266971769]

Gen: 28
     [0.15994238604532723, 0.35356461375076625, 0.061082062375667184]
     [0.15994238604532723, 0.35356461375076625, 0.061082062375667184]
     [0.15994238604532723, 0.35356461375076625, 0.061082062375667184]
     [0.15994238604532723, 0.35356461375076625, 0.061082062375667184]
     [0.15994238604532723, 0.35356461375076625, 0.061082062375667184]
     [0.1557407053730583, 0.3570053272779078, 0.06037981976497701]
     [0.13645382395382397, 0.37326345418281975, 0.06762835494776663]
     [0.12876400560224088, 0.37954480698331017, 0.0612951266971769]
     [0.12876400560224088, 0.37954480698331017, 0.0612951266971769]
     [0.17173043459808165, 0.34135159170775087, 0.0384776771640704]

Gen: 29
     [0.15994238604532723, 0.35356461375076625, 0.061082062375667184]
     [0.15994238604532723, 0.35356461375076625, 0.061082062375667184]
     [0.15994238604532723, 0.35356461375076625, 0.061082062375667184]
     [0.1557407053730583, 0.3570053272779078, 0.06037981976497701]
     [0.13645382395382397, 0.37326345418281975, 0.06762835494776663]
     [0.12876400560224088, 0.37954480698331017, 0.0612951266971769]
     [0.12876400560224088, 0.37954480698331017, 0.0612951266971769]
     [0.12876400560224088, 0.37954480698331017, 0.0612951266971769]
     [0.17173043459808165, 0.34135159170775087, 0.0384776771640704]
     [0.17173043459808165, 0.34135159170775087, 0.0384776771640704]

Gen: 30
     [0.1557407053730583, 0.3570053272779078, 0.06037981976497701]
     [0.13645382395382397, 0.37326345418281975, 0.06762835494776663]
     [0.133143408878703, 0.37670416770996124, 0.06692611233707646]
     [0.12876400560224088, 0.37954480698331017, 0.0612951266971769]
     [0.12876400560224088, 0.37954480698331017, 0.0612951266971769]
     [0.12876400560224088, 0.37954480698331017, 0.0612951266971769]
     [0.12876400560224088, 0.37954480698331017, 0.0612951266971769]
     [0.17173043459808165, 0.34135159170775087, 0.0384776771640704]
     [0.17173043459808165, 0.34135159170775087, 0.0384776771640704]
     [0.17173043459808165, 0.34135159170775087, 0.0384776771640704]

Gen: 31
     [0.12876400560224088, 0.37954480698331017, 0.0612951266971769]
     [0.12876400560224088, 0.37954480698331017, 0.0612951266971769]
     [0.12876400560224088, 0.37954480698331017, 0.0612951266971769]
     [0.12876400560224088, 0.37954480698331017, 0.0612951266971769]
     [0.12876400560224088, 0.37954480698331017, 0.0612951266971769]
     [0.17173043459808165, 0.34135159170775087, 0.0384776771640704]
     [0.17173043459808165, 0.34135159170775087, 0.0384776771640704]
     [0.17173043459808165, 0.34135159170775087, 0.0384776771640704]
     [0.17173043459808165, 0.34135159170775087, 0.0384776771640704]
     [0.2029684980052627, 0.2966093646120239, 0.03872335337152547]

Gen: 32
     [0.12876400560224088, 0.37954480698331017, 0.0612951266971769]
     [0.12876400560224088, 0.37954480698331017, 0.0612951266971769]
     [0.12876400560224088, 0.37954480698331017, 0.0612951266971769]
     [0.17173043459808165, 0.34135159170775087, 0.0384776771640704]
     [0.17173043459808165, 0.34135159170775087, 0.0384776771640704]
     [0.17173043459808165, 0.34135159170775087, 0.0384776771640704]
     [0.17173043459808165, 0.34135159170775087, 0.0384776771640704]
     [0.17173043459808165, 0.34135159170775087, 0.0384776771640704]
     [0.2029684980052627, 0.2966093646120239, 0.03872335337152547]
     [0.17268138315932433, 0.3083906785587857, 0.04682849409181333]

Gen: 33
     [0.12876400560224088, 0.37954480698331017, 0.0612951266971769]
     [0.17173043459808165, 0.34135159170775087, 0.0384776771640704]
     [0.17173043459808165, 0.34135159170775087, 0.0384776771640704]
     [0.17173043459808165, 0.34135159170775087, 0.0384776771640704]
     [0.17173043459808165, 0.34135159170775087, 0.0384776771640704]
     [0.17173043459808165, 0.34135159170775087, 0.0384776771640704]
     [0.17173043459808165, 0.34135159170775087, 0.0384776771640704]
     [0.2029684980052627, 0.2966093646120239, 0.03872335337152547]
     [0.15994238604532723, 0.3183631355822447, 0.057831744409779215]
     [0.17268138315932433, 0.3083906785587857, 0.04682849409181333]

Gen: 34
     [0.17173043459808165, 0.34135159170775087, 0.0384776771640704]
     [0.17173043459808165, 0.34135159170775087, 0.0384776771640704]
     [0.17173043459808165, 0.34135159170775087, 0.0384776771640704]
     [0.17173043459808165, 0.34135159170775087, 0.0384776771640704]
     [0.17173043459808165, 0.34135159170775087, 0.0384776771640704]
     [0.2029684980052627, 0.2966093646120239, 0.03872335337152547]
     [0.2029684980052627, 0.2966093646120239, 0.03872335337152547]
     [0.1804786308462779, 0.3083906785587857, 0.04596536617712602]
     [0.15994238604532723, 0.3183631355822447, 0.057831744409779215]
     [0.17268138315932433, 0.3083906785587857, 0.04682849409181333]

Gen: 35
     [0.17173043459808165, 0.34135159170775087, 0.0384776771640704]
     [0.2029684980052627, 0.2966093646120239, 0.03872335337152547]
     [0.2029684980052627, 0.2966093646120239, 0.03872335337152547]
     [0.2029684980052627, 0.2966093646120239, 0.03872335337152547]
     [0.1804786308462779, 0.3083906785587857, 0.04596536617712602]
     [0.1804786308462779, 0.3083906785587857, 0.04596536617712602]
     [0.17756742848654614, 0.3055500392854368, 0.05159635181702558]
     [0.15994238604532723, 0.3183631355822447, 0.057831744409779215]
     [0.15994238604532723, 0.3183631355822447, 0.057831744409779215]
     [0.17268138315932433, 0.3083906785587857, 0.04682849409181333]

Gen: 36
     [0.2029684980052627, 0.2966093646120239, 0.03872335337152547]
     [0.2029684980052627, 0.2966093646120239, 0.03872335337152547]
     [0.1804786308462779, 0.3083906785587857, 0.04596536617712602]
     [0.1804786308462779, 0.3083906785587857, 0.04596536617712602]
     [0.17756742848654614, 0.3055500392854368, 0.05159635181702558]
     [0.17118267761650113, 0.3198611626762448, 0.045126153645465315]
     [0.15994238604532723, 0.3183631355822447, 0.057831744409779215]
     [0.15994238604532723, 0.3183631355822447, 0.057831744409779215]
     [0.15994238604532723, 0.3183631355822447, 0.057831744409779215]
     [0.17268138315932433, 0.3083906785587857, 0.04682849409181333]

Gen: 37
     [0.1804786308462779, 0.3083906785587857, 0.04596536617712602]
     [0.1804786308462779, 0.3083906785587857, 0.04596536617712602]
     [0.20218200916730328, 0.28553605194311815, 0.03927340718113728]
     [0.17756742848654614, 0.3055500392854368, 0.05159635181702558]
     [0.17118267761650113, 0.3198611626762448, 0.045126153645465315]
     [0.15994238604532723, 0.3183631355822447, 0.057831744409779215]
     [0.15994238604532723, 0.3183631355822447, 0.057831744409779215]
     [0.15994238604532723, 0.3183631355822447, 0.057831744409779215]
     [0.11608601774042951, 0.3615900672601214, 0.07008076877085802]
     [0.17268138315932433, 0.3083906785587857, 0.04682849409181333]

Gen: 38
     [0.17756742848654614, 0.3055500392854368, 0.05159635181702558]
     [0.17118267761650113, 0.3198611626762448, 0.045126153645465315]
     [0.17118267761650113, 0.3198611626762448, 0.045126153645465315]
     [0.15994238604532723, 0.3183631355822447, 0.057831744409779215]
     [0.15994238604532723, 0.3183631355822447, 0.057831744409779215]
     [0.15994238604532723, 0.3183631355822447, 0.057831744409779215]
     [0.15994238604532723, 0.3183631355822447, 0.057831744409779215]
     [0.15994238604532723, 0.3183631355822447, 0.057831744409779215]
     [0.11608601774042951, 0.3615900672601214, 0.07008076877085802]
     [0.17268138315932433, 0.3083906785587857, 0.04682849409181333]

Gen: 39
     [0.15994238604532723, 0.3183631355822447, 0.057831744409779215]
     [0.15994238604532723, 0.3183631355822447, 0.057831744409779215]
     [0.15994238604532723, 0.3183631355822447, 0.057831744409779215]
     [0.15994238604532723, 0.3183631355822447, 0.057831744409779215]
     [0.15994238604532723, 0.3183631355822447, 0.057831744409779215]
     [0.16917335115864526, 0.32006406548148403, 0.043512952354034636]
     [0.11608601774042951, 0.3615900672601214, 0.07008076877085802]
     [0.11608601774042951, 0.3615900672601214, 0.07008076877085802]
     [0.17268138315932433, 0.3083906785587857, 0.04682849409181333]
     [0.19021623801035567, 0.27561108281024704, 0.04523920818340925]

Gen: 40
     [0.15994238604532723, 0.3183631355822447, 0.057831744409779215]
     [0.15994238604532723, 0.3183631355822447, 0.057831744409779215]
     [0.16917335115864526, 0.32006406548148403, 0.043512952354034636]
     [0.11608601774042951, 0.3615900672601214, 0.07008076877085802]
     [0.11608601774042951, 0.3615900672601214, 0.07008076877085802]
     [0.17268138315932433, 0.3083906785587857, 0.04682849409181333]
     [0.15980577837195484, 0.30668974865954635, 0.06114728614755791]
     [0.15225256769374415, 0.32464448838273513, 0.05149851615918949]
     [0.19021623801035567, 0.27561108281024704, 0.04523920818340925]
     [0.16565736142942025, 0.26554796708657474, 0.04029089802263265]

Gen: 41
     [0.11608601774042951, 0.3615900672601214, 0.07008076877085802]
     [0.11608601774042951, 0.3615900672601214, 0.07008076877085802]
     [0.11608601774042951, 0.3615900672601214, 0.07008076877085802]
     [0.11608601774042951, 0.3615900672601214, 0.07008076877085802]
     [0.17268138315932433, 0.3083906785587857, 0.04682849409181333]
     [0.15980577837195484, 0.30668974865954635, 0.06114728614755791]
     [0.15980577837195484, 0.30668974865954635, 0.06114728614755791]
     [0.15225256769374415, 0.32464448838273513, 0.05149851615918949]
     [0.19021623801035567, 0.27561108281024704, 0.04523920818340925]
     [0.16565736142942025, 0.26554796708657474, 0.04029089802263265]

Gen: 42
     [0.17268138315932433, 0.3083906785587857, 0.04682849409181333]
     [0.15942645997793056, 0.3038491093861974, 0.06591514387277016]
     [0.15980577837195484, 0.30668974865954635, 0.06114728614755791]
     [0.15980577837195484, 0.30668974865954635, 0.06114728614755791]
     [0.15980577837195484, 0.30668974865954635, 0.06114728614755791]
     [0.15225256769374415, 0.32464448838273513, 0.05149851615918949]
     [0.19021623801035567, 0.27561108281024704, 0.04523920818340925]
     [0.13957457983193278, 0.30668974865954635, 0.06028415823287061]
     [0.16565736142942025, 0.26554796708657474, 0.04029089802263265]
     [0.16565736142942025, 0.26554796708657474, 0.04029089802263265]

Gen: 43
     [0.15980577837195484, 0.30668974865954635, 0.06114728614755791]
     [0.15980577837195484, 0.30668974865954635, 0.06114728614755791]
     [0.17962980646804177, 0.2956078018287155, 0.04557837179724104]
     [0.15225256769374415, 0.32464448838273513, 0.05149851615918949]
     [0.19021623801035567, 0.27561108281024704, 0.04523920818340925]
     [0.13957457983193278, 0.30668974865954635, 0.06028415823287061]
     [0.16565736142942025, 0.26554796708657474, 0.04029089802263265]
     [0.16565736142942025, 0.26554796708657474, 0.04029089802263265]
     [0.16565736142942025, 0.26554796708657474, 0.04029089802263265]
     [0.16565736142942025, 0.26554796708657474, 0.04029089802263265]

Gen: 44
     [0.15225256769374415, 0.32464448838273513, 0.05149851615918949]
     [0.15225256769374415, 0.32464448838273513, 0.05149851615918949]
     [0.19021623801035567, 0.27561108281024704, 0.04523920818340925]
     [0.18940189712248537, 0.26382976886348525, 0.037134067463121395]
     [0.13957457983193278, 0.30668974865954635, 0.06028415823287061]
     [0.16565736142942025, 0.26554796708657474, 0.04029089802263265]
     [0.16565736142942025, 0.26554796708657474, 0.04029089802263265]
     [0.16565736142942025, 0.26554796708657474, 0.04029089802263265]
     [0.16565736142942025, 0.26554796708657474, 0.04029089802263265]
     [0.18940189712248537, 0.22862829069496368, 0.033883749497233426]

Gen: 45
     [0.13957457983193278, 0.30668974865954635, 0.06028415823287061]
     [0.17423977166624224, 0.2689886806137162, 0.039588655411942474]
     [0.16565736142942025, 0.26554796708657474, 0.04029089802263265]
     [0.16565736142942025, 0.26554796708657474, 0.04029089802263265]
     [0.16565736142942025, 0.26554796708657474, 0.04029089802263265]
     [0.16565736142942025, 0.26554796708657474, 0.04029089802263265]
     [0.16565736142942025, 0.26554796708657474, 0.04029089802263265]
     [0.16565736142942025, 0.26554796708657474, 0.04029089802263265]
     [0.18940189712248537, 0.22862829069496368, 0.033883749497233426]
     [0.16565736142942025, 0.2432761464008496, 0.03179224054527073]

Gen: 46
     [0.16565736142942025, 0.26554796708657474, 0.04029089802263265]
     [0.16565736142942025, 0.26554796708657474, 0.04029089802263265]
     [0.16565736142942025, 0.26554796708657474, 0.04029089802263265]
     [0.16565736142942025, 0.26554796708657474, 0.04029089802263265]
     [0.16565736142942025, 0.26554796708657474, 0.04029089802263265]
     [0.16565736142942025, 0.26554796708657474, 0.04029089802263265]
     [0.16565736142942025, 0.26554796708657474, 0.04029089802263265]
     [0.18940189712248537, 0.22862829069496368, 0.033883749497233426]
     [0.18940189712248537, 0.22862829069496368, 0.033883749497233426]
     [0.16565736142942025, 0.2432761464008496, 0.03179224054527073]

Gen: 47
     [0.16565736142942025, 0.26554796708657474, 0.04029089802263265]
     [0.16565736142942025, 0.26554796708657474, 0.04029089802263265]
     [0.16565736142942025, 0.26554796708657474, 0.04029089802263265]
     [0.16565736142942025, 0.26554796708657474, 0.04029089802263265]
     [0.16565736142942025, 0.26554796708657474, 0.04029089802263265]
     [0.18940189712248537, 0.22862829069496368, 0.033883749497233426]
     [0.18940189712248537, 0.22862829069496368, 0.033883749497233426]
     [0.18940189712248537, 0.22862829069496368, 0.033883749497233426]
     [0.18940189712248537, 0.22862829069496368, 0.033883749497233426]
     [0.16565736142942025, 0.2432761464008496, 0.03179224054527073]

Gen: 48
     [0.16565736142942025, 0.26554796708657474, 0.04029089802263265]
     [0.16565736142942025, 0.26554796708657474, 0.04029089802263265]
     [0.18940189712248537, 0.22862829069496368, 0.033883749497233426]
     [0.18940189712248537, 0.22862829069496368, 0.033883749497233426]
     [0.18940189712248537, 0.22862829069496368, 0.033883749497233426]
     [0.18940189712248537, 0.22862829069496368, 0.033883749497233426]
     [0.18940189712248537, 0.22862829069496368, 0.033883749497233426]
     [0.18940189712248537, 0.22862829069496368, 0.033883749497233426]
     [0.18940189712248537, 0.22862829069496368, 0.033883749497233426]
     [0.16565736142942025, 0.2432761464008496, 0.03179224054527073]

Gen: 49
     [0.18940189712248537, 0.22862829069496368, 0.033883749497233426]
     [0.18940189712248537, 0.22862829069496368, 0.033883749497233426]
     [0.18940189712248537, 0.22862829069496368, 0.033883749497233426]
     [0.18940189712248537, 0.22862829069496368, 0.033883749497233426]
     [0.18940189712248537, 0.22862829069496368, 0.033883749497233426]
     [0.18940189712248537, 0.22862829069496368, 0.033883749497233426]
     [0.18940189712248537, 0.22862829069496368, 0.033883749497233426]
     [0.18940189712248537, 0.22862829069496368, 0.033883749497233426]
     [0.16565736142942025, 0.2432761464008496, 0.03179224054527073]
     [0.16565736142942025, 0.2432761464008496, 0.03179224054527073]

Gen: 50
     [0.18940189712248537, 0.22862829069496368, 0.033883749497233426]
     [0.18940189712248537, 0.22862829069496368, 0.033883749497233426]
     [0.18940189712248537, 0.22862829069496368, 0.033883749497233426]
     [0.18940189712248537, 0.22862829069496368, 0.033883749497233426]
     [0.18940189712248537, 0.22862829069496368, 0.033883749497233426]
     [0.18940189712248537, 0.22862829069496368, 0.033883749497233426]
     [0.18940189712248537, 0.22862829069496368, 0.033883749497233426]
     [0.18940189712248537, 0.22862829069496368, 0.033883749497233426]
     [0.16565736142942025, 0.2432761464008496, 0.03179224054527073]
     [0.16565736142942025, 0.2432761464008496, 0.03179224054527073]

Gen: 51
     [0.18940189712248537, 0.22862829069496368, 0.033883749497233426]
     [0.18940189712248537, 0.22862829069496368, 0.033883749497233426]
     [0.18940189712248537, 0.22862829069496368, 0.033883749497233426]
     [0.18940189712248537, 0.22862829069496368, 0.033883749497233426]
     [0.18940189712248537, 0.22862829069496368, 0.033883749497233426]
     [0.18940189712248537, 0.22862829069496368, 0.033883749497233426]
     [0.18940189712248537, 0.22862829069496368, 0.033883749497233426]
     [0.18940189712248537, 0.22862829069496368, 0.033883749497233426]
     [0.16565736142942025, 0.2432761464008496, 0.03179224054527073]
     [0.16565736142942025, 0.2432761464008496, 0.03179224054527073]

Gen: 52
     [0.18940189712248537, 0.22862829069496368, 0.033883749497233426]
     [0.18940189712248537, 0.22862829069496368, 0.033883749497233426]
     [0.18940189712248537, 0.22862829069496368, 0.033883749497233426]
     [0.18940189712248537, 0.22862829069496368, 0.033883749497233426]
     [0.18940189712248537, 0.22862829069496368, 0.033883749497233426]
     [0.18940189712248537, 0.22862829069496368, 0.033883749497233426]
     [0.18940189712248537, 0.22862829069496368, 0.033883749497233426]
     [0.18940189712248537, 0.22862829069496368, 0.033883749497233426]
     [0.16565736142942025, 0.2432761464008496, 0.03179224054527073]
     [0.16565736142942025, 0.2432761464008496, 0.03179224054527073]

Gen: 53
     [0.18940189712248537, 0.22862829069496368, 0.033883749497233426]
     [0.18940189712248537, 0.22862829069496368, 0.033883749497233426]
     [0.18940189712248537, 0.22862829069496368, 0.033883749497233426]
     [0.18940189712248537, 0.22862829069496368, 0.033883749497233426]
     [0.18940189712248537, 0.22862829069496368, 0.033883749497233426]
     [0.18940189712248537, 0.22862829069496368, 0.033883749497233426]
     [0.18940189712248537, 0.22862829069496368, 0.033883749497233426]
     [0.16565736142942025, 0.2432761464008496, 0.03179224054527073]
     [0.16565736142942025, 0.2432761464008496, 0.03179224054527073]
     [0.16565736142942025, 0.2432761464008496, 0.03179224054527073]

Gen: 54
     [0.18940189712248537, 0.22862829069496368, 0.033883749497233426]
     [0.18940189712248537, 0.22862829069496368, 0.033883749497233426]
     [0.18940189712248537, 0.22862829069496368, 0.033883749497233426]
     [0.18940189712248537, 0.22862829069496368, 0.033883749497233426]
     [0.18940189712248537, 0.22862829069496368, 0.033883749497233426]
     [0.18940189712248537, 0.22862829069496368, 0.033883749497233426]
     [0.18940189712248537, 0.22862829069496368, 0.033883749497233426]
     [0.16565736142942025, 0.2432761464008496, 0.03179224054527073]
     [0.16565736142942025, 0.2432761464008496, 0.03179224054527073]
     [0.16565736142942025, 0.2432761464008496, 0.03179224054527073]

Gen: 55
     [0.18940189712248537, 0.22862829069496368, 0.033883749497233426]
     [0.18940189712248537, 0.22862829069496368, 0.033883749497233426]
     [0.18940189712248537, 0.22862829069496368, 0.033883749497233426]
     [0.18940189712248537, 0.22862829069496368, 0.033883749497233426]
     [0.18940189712248537, 0.22862829069496368, 0.033883749497233426]
     [0.16565736142942025, 0.2432761464008496, 0.03179224054527073]
     [0.16565736142942025, 0.2432761464008496, 0.03179224054527073]
     [0.16565736142942025, 0.2432761464008496, 0.03179224054527073]
     [0.16565736142942025, 0.2432761464008496, 0.03179224054527073]
     [0.16565736142942025, 0.2432761464008496, 0.03179224054527073]

Gen: 56
     [0.16565736142942025, 0.2432761464008496, 0.03179224054527073]
     [0.16565736142942025, 0.2432761464008496, 0.03179224054527073]
     [0.16565736142942025, 0.2432761464008496, 0.03179224054527073]
     [0.16565736142942025, 0.2432761464008496, 0.03179224054527073]
     [0.16565736142942025, 0.2432761464008496, 0.03179224054527073]
     [0.16565736142942025, 0.2432761464008496, 0.03179224054527073]
     [0.16565736142942025, 0.2432761464008496, 0.03179224054527073]
     [0.16565736142942025, 0.2432761464008496, 0.03179224054527073]
     [0.16565736142942025, 0.2432761464008496, 0.03179224054527073]
     [0.16565736142942025, 0.2432761464008496, 0.03179224054527073]

