Gen: 2
     [0.15889238049811547, 1.0, 0.6041543416814567]
     [0.1496567623429945, 1.0, 0.6403733648852955]
     [0.161211806627199, 1.0, 0.5540656017879445]
     [0.14500855756011335, 1.0, 0.7276671267994479]
     [0.16837116429580165, 1.0, 0.6142772628672846]
     [0.1669168467027674, 1.0, 0.5859462301978571]
     [0.15400568633502615, 1.0, 0.6858607769670676]
     [0.137905315039795, 1.0, 0.8175902188917373]
     [0.14741683267398034, 1.0, 0.734766318280418]
     [0.17737063120189295, 1.0, 0.514362716098074]

Gen: 3
     [0.15889238049811547, 1.0, 0.6041543416814567]
     [0.1496567623429945, 1.0, 0.6403733648852955]
     [0.161211806627199, 1.0, 0.5540656017879445]
     [0.14500855756011335, 1.0, 0.7276671267994479]
     [0.16837116429580165, 1.0, 0.6142772628672846]
     [0.1669168467027674, 1.0, 0.5859462301978571]
     [0.15400568633502615, 1.0, 0.6858607769670676]
     [0.137905315039795, 1.0, 0.8175902188917373]
     [0.14741683267398034, 1.0, 0.734766318280418]
     [0.17737063120189295, 1.0, 0.514362716098074]

Gen: 4
     [0.15889238049811547, 1.0, 0.6041543416814567]
     [0.1496567623429945, 1.0, 0.6403733648852955]
     [0.161211806627199, 1.0, 0.5540656017879445]
     [0.14500855756011335, 1.0, 0.7276671267994479]
     [0.16837116429580165, 1.0, 0.6142772628672846]
     [0.1669168467027674, 1.0, 0.5859462301978571]
     [0.15400568633502615, 1.0, 0.6858607769670676]
     [0.137905315039795, 1.0, 0.8175902188917373]
     [0.14741683267398034, 1.0, 0.734766318280418]
     [0.17737063120189295, 1.0, 0.514362716098074]

Gen: 5
     [0.15889238049811547, 1.0, 0.6041543416814567]
     [0.1496567623429945, 1.0, 0.6403733648852955]
     [0.161211806627199, 1.0, 0.5540656017879445]
     [0.14500855756011335, 1.0, 0.7276671267994479]
     [0.16837116429580165, 1.0, 0.6142772628672846]
     [0.1669168467027674, 1.0, 0.5859462301978571]
     [0.15400568633502615, 1.0, 0.6858607769670676]
     [0.137905315039795, 1.0, 0.8175902188917373]
     [0.14741683267398034, 1.0, 0.734766318280418]
     [0.17737063120189295, 1.0, 0.514362716098074]

Gen: 6
     [0.15889238049811547, 1.0, 0.6041543416814567]
     [0.1496567623429945, 1.0, 0.6403733648852955]
     [0.161211806627199, 1.0, 0.5540656017879445]
     [0.14500855756011335, 1.0, 0.7276671267994479]
     [0.16837116429580165, 1.0, 0.6142772628672846]
     [0.1669168467027674, 1.0, 0.5859462301978571]
     [0.15400568633502615, 1.0, 0.6858607769670676]
     [0.137905315039795, 1.0, 0.8175902188917373]
     [0.14741683267398034, 1.0, 0.734766318280418]
     [0.17737063120189295, 1.0, 0.514362716098074]

Gen: 7
     [0.15889238049811547, 1.0, 0.6041543416814567]
     [0.1496567623429945, 1.0, 0.6403733648852955]
     [0.161211806627199, 1.0, 0.5540656017879445]
     [0.14500855756011335, 1.0, 0.7276671267994479]
     [0.16837116429580165, 1.0, 0.6142772628672846]
     [0.1669168467027674, 1.0, 0.5859462301978571]
     [0.15400568633502615, 1.0, 0.6858607769670676]
     [0.137905315039795, 1.0, 0.8175902188917373]
     [0.14741683267398034, 1.0, 0.734766318280418]
     [0.17737063120189295, 1.0, 0.514362716098074]

Gen: 8
     [0.15889238049811547, 1.0, 0.6041543416814567]
     [0.1496567623429945, 1.0, 0.6403733648852955]
     [0.161211806627199, 1.0, 0.5540656017879445]
     [0.14500855756011335, 1.0, 0.7276671267994479]
     [0.16837116429580165, 1.0, 0.6142772628672846]
     [0.1669168467027674, 1.0, 0.5859462301978571]
     [0.15400568633502615, 1.0, 0.6858607769670676]
     [0.137905315039795, 1.0, 0.8175902188917373]
     [0.14741683267398034, 1.0, 0.734766318280418]
     [0.17737063120189295, 1.0, 0.514362716098074]

Gen: 9
     [0.15889238049811547, 1.0, 0.6041543416814567]
     [0.1496567623429945, 1.0, 0.6403733648852955]
     [0.161211806627199, 1.0, 0.5540656017879445]
     [0.14500855756011335, 1.0, 0.7276671267994479]
     [0.16837116429580165, 1.0, 0.6142772628672846]
     [0.1669168467027674, 1.0, 0.5859462301978571]
     [0.15400568633502615, 1.0, 0.6858607769670676]
     [0.137905315039795, 1.0, 0.8175902188917373]
     [0.14741683267398034, 1.0, 0.734766318280418]
     [0.17737063120189295, 1.0, 0.514362716098074]

Gen: 10
     [0.15889238049811547, 1.0, 0.6041543416814567]
     [0.1496567623429945, 1.0, 0.6403733648852955]
     [0.161211806627199, 1.0, 0.5540656017879445]
     [0.14500855756011335, 1.0, 0.7276671267994479]
     [0.16837116429580165, 1.0, 0.6142772628672846]
     [0.1669168467027674, 1.0, 0.5859462301978571]
     [0.15400568633502615, 1.0, 0.6858607769670676]
     [0.137905315039795, 1.0, 0.8175902188917373]
     [0.14741683267398034, 1.0, 0.734766318280418]
     [0.17737063120189295, 1.0, 0.514362716098074]

Gen: 11
     [0.15889238049811547, 1.0, 0.6041543416814567]
     [0.1496567623429945, 1.0, 0.6403733648852955]
     [0.161211806627199, 1.0, 0.5540656017879445]
     [0.14500855756011335, 1.0, 0.7276671267994479]
     [0.16837116429580165, 1.0, 0.6142772628672846]
     [0.1669168467027674, 1.0, 0.5859462301978571]
     [0.15400568633502615, 1.0, 0.6858607769670676]
     [0.137905315039795, 1.0, 0.8175902188917373]
     [0.14741683267398034, 1.0, 0.734766318280418]
     [0.17737063120189295, 1.0, 0.514362716098074]

Gen: 12
     [0.15889238049811547, 1.0, 0.6041543416814567]
     [0.1496567623429945, 1.0, 0.6403733648852955]
     [0.161211806627199, 1.0, 0.5540656017879445]
     [0.14500855756011335, 1.0, 0.7276671267994479]
     [0.16837116429580165, 1.0, 0.6142772628672846]
     [0.1669168467027674, 1.0, 0.5859462301978571]
     [0.15400568633502615, 1.0, 0.6858607769670676]
     [0.137905315039795, 1.0, 0.8175902188917373]
     [0.14741683267398034, 1.0, 0.734766318280418]
     [0.17737063120189295, 1.0, 0.514362716098074]

Gen: 13
     [0.15889238049811547, 1.0, 0.6041543416814567]
     [0.1496567623429945, 1.0, 0.6403733648852955]
     [0.161211806627199, 1.0, 0.5540656017879445]
     [0.14500855756011335, 1.0, 0.7276671267994479]
     [0.16837116429580165, 1.0, 0.6142772628672846]
     [0.1669168467027674, 1.0, 0.5859462301978571]
     [0.15400568633502615, 1.0, 0.6858607769670676]
     [0.137905315039795, 1.0, 0.8175902188917373]
     [0.14741683267398034, 1.0, 0.734766318280418]
     [0.17737063120189295, 1.0, 0.514362716098074]

Gen: 14
     [0.15889238049811547, 1.0, 0.6041543416814567]
     [0.1496567623429945, 1.0, 0.6403733648852955]
     [0.161211806627199, 1.0, 0.5540656017879445]
     [0.14500855756011335, 1.0, 0.7276671267994479]
     [0.16837116429580165, 1.0, 0.6142772628672846]
     [0.1669168467027674, 1.0, 0.5859462301978571]
     [0.15400568633502615, 1.0, 0.6858607769670676]
     [0.137905315039795, 1.0, 0.8175902188917373]
     [0.14741683267398034, 1.0, 0.734766318280418]
     [0.17737063120189295, 1.0, 0.514362716098074]

Gen: 15
     [0.15889238049811547, 1.0, 0.6041543416814567]
     [0.1496567623429945, 1.0, 0.6403733648852955]
     [0.161211806627199, 1.0, 0.5540656017879445]
     [0.14500855756011335, 1.0, 0.7276671267994479]
     [0.16837116429580165, 1.0, 0.6142772628672846]
     [0.1669168467027674, 1.0, 0.5859462301978571]
     [0.15400568633502615, 1.0, 0.6858607769670676]
     [0.137905315039795, 1.0, 0.8175902188917373]
     [0.14741683267398034, 1.0, 0.734766318280418]
     [0.17737063120189295, 1.0, 0.514362716098074]

Gen: 16
     [0.15889238049811547, 1.0, 0.6041543416814567]
     [0.1496567623429945, 1.0, 0.6403733648852955]
     [0.161211806627199, 1.0, 0.5540656017879445]
     [0.14500855756011335, 1.0, 0.7276671267994479]
     [0.16837116429580165, 1.0, 0.6142772628672846]
     [0.1669168467027674, 1.0, 0.5859462301978571]
     [0.15400568633502615, 1.0, 0.6858607769670676]
     [0.137905315039795, 1.0, 0.8175902188917373]
     [0.14741683267398034, 1.0, 0.734766318280418]
     [0.17737063120189295, 1.0, 0.514362716098074]

Gen: 17
     [0.15889238049811547, 1.0, 0.6041543416814567]
     [0.1496567623429945, 1.0, 0.6403733648852955]
     [0.161211806627199, 1.0, 0.5540656017879445]
     [0.14500855756011335, 1.0, 0.7276671267994479]
     [0.16837116429580165, 1.0, 0.6142772628672846]
     [0.1669168467027674, 1.0, 0.5859462301978571]
     [0.15400568633502615, 1.0, 0.6858607769670676]
     [0.137905315039795, 1.0, 0.8175902188917373]
     [0.14741683267398034, 1.0, 0.734766318280418]
     [0.17737063120189295, 1.0, 0.514362716098074]

Gen: 18
     [0.15889238049811547, 1.0, 0.6041543416814567]
     [0.1496567623429945, 1.0, 0.6403733648852955]
     [0.161211806627199, 1.0, 0.5540656017879445]
     [0.14500855756011335, 1.0, 0.7276671267994479]
     [0.16837116429580165, 1.0, 0.6142772628672846]
     [0.1669168467027674, 1.0, 0.5859462301978571]
     [0.15400568633502615, 1.0, 0.6858607769670676]
     [0.137905315039795, 1.0, 0.8175902188917373]
     [0.14741683267398034, 1.0, 0.734766318280418]
     [0.17737063120189295, 1.0, 0.514362716098074]

Gen: 19
     [0.15889238049811547, 1.0, 0.6041543416814567]
     [0.1496567623429945, 1.0, 0.6403733648852955]
     [0.161211806627199, 1.0, 0.5540656017879445]
     [0.14500855756011335, 1.0, 0.7276671267994479]
     [0.16837116429580165, 1.0, 0.6142772628672846]
     [0.1669168467027674, 1.0, 0.5859462301978571]
     [0.15400568633502615, 1.0, 0.6858607769670676]
     [0.137905315039795, 1.0, 0.8175902188917373]
     [0.14741683267398034, 1.0, 0.734766318280418]
     [0.17737063120189295, 1.0, 0.514362716098074]

Gen: 20
     [0.15889238049811547, 1.0, 0.6041543416814567]
     [0.1496567623429945, 1.0, 0.6403733648852955]
     [0.161211806627199, 1.0, 0.5540656017879445]
     [0.14500855756011335, 1.0, 0.7276671267994479]
     [0.16837116429580165, 1.0, 0.6142772628672846]
     [0.1669168467027674, 1.0, 0.5859462301978571]
     [0.15400568633502615, 1.0, 0.6858607769670676]
     [0.137905315039795, 1.0, 0.8175902188917373]
     [0.14741683267398034, 1.0, 0.734766318280418]
     [0.17737063120189295, 1.0, 0.514362716098074]

Gen: 21
     [0.15889238049811547, 1.0, 0.6041543416814567]
     [0.1496567623429945, 1.0, 0.6403733648852955]
     [0.161211806627199, 1.0, 0.5540656017879445]
     [0.14500855756011335, 1.0, 0.7276671267994479]
     [0.16837116429580165, 1.0, 0.6142772628672846]
     [0.1669168467027674, 1.0, 0.5859462301978571]
     [0.15400568633502615, 1.0, 0.6858607769670676]
     [0.137905315039795, 1.0, 0.8175902188917373]
     [0.14741683267398034, 1.0, 0.734766318280418]
     [0.17737063120189295, 1.0, 0.514362716098074]

Gen: 22
     [0.15889238049811547, 1.0, 0.6041543416814567]
     [0.1496567623429945, 1.0, 0.6403733648852955]
     [0.161211806627199, 1.0, 0.5540656017879445]
     [0.14500855756011335, 1.0, 0.7276671267994479]
     [0.16837116429580165, 1.0, 0.6142772628672846]
     [0.1669168467027674, 1.0, 0.5859462301978571]
     [0.15400568633502615, 1.0, 0.6858607769670676]
     [0.137905315039795, 1.0, 0.8175902188917373]
     [0.14741683267398034, 1.0, 0.734766318280418]
     [0.17737063120189295, 1.0, 0.514362716098074]

Gen: 23
     [0.15889238049811547, 1.0, 0.6041543416814567]
     [0.1496567623429945, 1.0, 0.6403733648852955]
     [0.161211806627199, 1.0, 0.5540656017879445]
     [0.14500855756011335, 1.0, 0.7276671267994479]
     [0.16837116429580165, 1.0, 0.6142772628672846]
     [0.1669168467027674, 1.0, 0.5859462301978571]
     [0.15400568633502615, 1.0, 0.6858607769670676]
     [0.137905315039795, 1.0, 0.8175902188917373]
     [0.14741683267398034, 1.0, 0.734766318280418]
     [0.17737063120189295, 1.0, 0.514362716098074]

Gen: 24
     [0.15889238049811547, 1.0, 0.6041543416814567]
     [0.1496567623429945, 1.0, 0.6403733648852955]
     [0.161211806627199, 1.0, 0.5540656017879445]
     [0.14500855756011335, 1.0, 0.7276671267994479]
     [0.16837116429580165, 1.0, 0.6142772628672846]
     [0.1669168467027674, 1.0, 0.5859462301978571]
     [0.15400568633502615, 1.0, 0.6858607769670676]
     [0.137905315039795, 1.0, 0.8175902188917373]
     [0.14741683267398034, 1.0, 0.734766318280418]
     [0.17737063120189295, 1.0, 0.514362716098074]

Gen: 25
     [0.15889238049811547, 1.0, 0.6041543416814567]
     [0.1496567623429945, 1.0, 0.6403733648852955]
     [0.161211806627199, 1.0, 0.5540656017879445]
     [0.14500855756011335, 1.0, 0.7276671267994479]
     [0.16837116429580165, 1.0, 0.6142772628672846]
     [0.1669168467027674, 1.0, 0.5859462301978571]
     [0.15400568633502615, 1.0, 0.6858607769670676]
     [0.137905315039795, 1.0, 0.8175902188917373]
     [0.14741683267398034, 1.0, 0.734766318280418]
     [0.17737063120189295, 1.0, 0.514362716098074]

Gen: 26
     [0.15889238049811547, 1.0, 0.6041543416814567]
     [0.1496567623429945, 1.0, 0.6403733648852955]
     [0.161211806627199, 1.0, 0.5540656017879445]
     [0.14500855756011335, 1.0, 0.7276671267994479]
     [0.16837116429580165, 1.0, 0.6142772628672846]
     [0.1669168467027674, 1.0, 0.5859462301978571]
     [0.15400568633502615, 1.0, 0.6858607769670676]
     [0.137905315039795, 1.0, 0.8175902188917373]
     [0.14741683267398034, 1.0, 0.734766318280418]
     [0.17737063120189295, 1.0, 0.514362716098074]

Gen: 27
     [0.15889238049811547, 1.0, 0.6041543416814567]
     [0.1496567623429945, 1.0, 0.6403733648852955]
     [0.161211806627199, 1.0, 0.5540656017879445]
     [0.14500855756011335, 1.0, 0.7276671267994479]
     [0.16837116429580165, 1.0, 0.6142772628672846]
     [0.1669168467027674, 1.0, 0.5859462301978571]
     [0.15400568633502615, 1.0, 0.6858607769670676]
     [0.137905315039795, 1.0, 0.8175902188917373]
     [0.14741683267398034, 1.0, 0.734766318280418]
     [0.17737063120189295, 1.0, 0.514362716098074]

Gen: 28
     [0.15889238049811547, 1.0, 0.6041543416814567]
     [0.1496567623429945, 1.0, 0.6403733648852955]
     [0.161211806627199, 1.0, 0.5540656017879445]
     [0.14500855756011335, 1.0, 0.7276671267994479]
     [0.16837116429580165, 1.0, 0.6142772628672846]
     [0.1669168467027674, 1.0, 0.5859462301978571]
     [0.15400568633502615, 1.0, 0.6858607769670676]
     [0.137905315039795, 1.0, 0.8175902188917373]
     [0.14741683267398034, 1.0, 0.734766318280418]
     [0.17737063120189295, 1.0, 0.514362716098074]

Gen: 29
     [0.15889238049811547, 1.0, 0.6041543416814567]
     [0.1496567623429945, 1.0, 0.6403733648852955]
     [0.161211806627199, 1.0, 0.5540656017879445]
     [0.14500855756011335, 1.0, 0.7276671267994479]
     [0.16837116429580165, 1.0, 0.6142772628672846]
     [0.1669168467027674, 1.0, 0.5859462301978571]
     [0.15400568633502615, 1.0, 0.6858607769670676]
     [0.137905315039795, 1.0, 0.8175902188917373]
     [0.14741683267398034, 1.0, 0.734766318280418]
     [0.17737063120189295, 1.0, 0.514362716098074]

Gen: 30
     [0.15889238049811547, 1.0, 0.6041543416814567]
     [0.1496567623429945, 1.0, 0.6403733648852955]
     [0.161211806627199, 1.0, 0.5540656017879445]
     [0.14500855756011335, 1.0, 0.7276671267994479]
     [0.16837116429580165, 1.0, 0.6142772628672846]
     [0.1669168467027674, 1.0, 0.5859462301978571]
     [0.15400568633502615, 1.0, 0.6858607769670676]
     [0.137905315039795, 1.0, 0.8175902188917373]
     [0.14741683267398034, 1.0, 0.734766318280418]
     [0.17737063120189295, 1.0, 0.514362716098074]

Gen: 31
     [0.15889238049811547, 1.0, 0.6041543416814567]
     [0.1496567623429945, 1.0, 0.6403733648852955]
     [0.161211806627199, 1.0, 0.5540656017879445]
     [0.14500855756011335, 1.0, 0.7276671267994479]
     [0.16837116429580165, 1.0, 0.6142772628672846]
     [0.1669168467027674, 1.0, 0.5859462301978571]
     [0.15400568633502615, 1.0, 0.6858607769670676]
     [0.137905315039795, 1.0, 0.8175902188917373]
     [0.14741683267398034, 1.0, 0.734766318280418]
     [0.17737063120189295, 1.0, 0.514362716098074]

Gen: 32
     [0.15889238049811547, 1.0, 0.6041543416814567]
     [0.1496567623429945, 1.0, 0.6403733648852955]
     [0.161211806627199, 1.0, 0.5540656017879445]
     [0.14500855756011335, 1.0, 0.7276671267994479]
     [0.16837116429580165, 1.0, 0.6142772628672846]
     [0.1669168467027674, 1.0, 0.5859462301978571]
     [0.15400568633502615, 1.0, 0.6858607769670676]
     [0.137905315039795, 1.0, 0.8175902188917373]
     [0.14741683267398034, 1.0, 0.734766318280418]
     [0.17737063120189295, 1.0, 0.514362716098074]

Gen: 33
     [0.15889238049811547, 1.0, 0.6041543416814567]
     [0.1496567623429945, 1.0, 0.6403733648852955]
     [0.161211806627199, 1.0, 0.5540656017879445]
     [0.14500855756011335, 1.0, 0.7276671267994479]
     [0.16837116429580165, 1.0, 0.6142772628672846]
     [0.1669168467027674, 1.0, 0.5859462301978571]
     [0.15400568633502615, 1.0, 0.6858607769670676]
     [0.137905315039795, 1.0, 0.8175902188917373]
     [0.14741683267398034, 1.0, 0.734766318280418]
     [0.17737063120189295, 1.0, 0.514362716098074]

Gen: 34
     [0.15889238049811547, 1.0, 0.6041543416814567]
     [0.1496567623429945, 1.0, 0.6403733648852955]
     [0.161211806627199, 1.0, 0.5540656017879445]
     [0.14500855756011335, 1.0, 0.7276671267994479]
     [0.16837116429580165, 1.0, 0.6142772628672846]
     [0.1669168467027674, 1.0, 0.5859462301978571]
     [0.15400568633502615, 1.0, 0.6858607769670676]
     [0.137905315039795, 1.0, 0.8175902188917373]
     [0.14741683267398034, 1.0, 0.734766318280418]
     [0.17737063120189295, 1.0, 0.514362716098074]

Gen: 35
     [0.15889238049811547, 1.0, 0.6041543416814567]
     [0.1496567623429945, 1.0, 0.6403733648852955]
     [0.161211806627199, 1.0, 0.5540656017879445]
     [0.14500855756011335, 1.0, 0.7276671267994479]
     [0.16837116429580165, 1.0, 0.6142772628672846]
     [0.1669168467027674, 1.0, 0.5859462301978571]
     [0.15400568633502615, 1.0, 0.6858607769670676]
     [0.137905315039795, 1.0, 0.8175902188917373]
     [0.14741683267398034, 1.0, 0.734766318280418]
     [0.17737063120189295, 1.0, 0.514362716098074]

Gen: 36
     [0.15889238049811547, 1.0, 0.6041543416814567]
     [0.1496567623429945, 1.0, 0.6403733648852955]
     [0.161211806627199, 1.0, 0.5540656017879445]
     [0.14500855756011335, 1.0, 0.7276671267994479]
     [0.16837116429580165, 1.0, 0.6142772628672846]
     [0.1669168467027674, 1.0, 0.5859462301978571]
     [0.15400568633502615, 1.0, 0.6858607769670676]
     [0.137905315039795, 1.0, 0.8175902188917373]
     [0.14741683267398034, 1.0, 0.734766318280418]
     [0.17737063120189295, 1.0, 0.514362716098074]

Gen: 37
     [0.15889238049811547, 1.0, 0.6041543416814567]
     [0.1496567623429945, 1.0, 0.6403733648852955]
     [0.161211806627199, 1.0, 0.5540656017879445]
     [0.14500855756011335, 1.0, 0.7276671267994479]
     [0.16837116429580165, 1.0, 0.6142772628672846]
     [0.1669168467027674, 1.0, 0.5859462301978571]
     [0.15400568633502615, 1.0, 0.6858607769670676]
     [0.137905315039795, 1.0, 0.8175902188917373]
     [0.14741683267398034, 1.0, 0.734766318280418]
     [0.17737063120189295, 1.0, 0.514362716098074]

Gen: 38
     [0.15889238049811547, 1.0, 0.6041543416814567]
     [0.1496567623429945, 1.0, 0.6403733648852955]
     [0.161211806627199, 1.0, 0.5540656017879445]
     [0.14500855756011335, 1.0, 0.7276671267994479]
     [0.16837116429580165, 1.0, 0.6142772628672846]
     [0.1669168467027674, 1.0, 0.5859462301978571]
     [0.15400568633502615, 1.0, 0.6858607769670676]
     [0.137905315039795, 1.0, 0.8175902188917373]
     [0.14741683267398034, 1.0, 0.734766318280418]
     [0.17737063120189295, 1.0, 0.514362716098074]

Gen: 39
     [0.15889238049811547, 1.0, 0.6041543416814567]
     [0.1496567623429945, 1.0, 0.6403733648852955]
     [0.161211806627199, 1.0, 0.5540656017879445]
     [0.14500855756011335, 1.0, 0.7276671267994479]
     [0.16837116429580165, 1.0, 0.6142772628672846]
     [0.1669168467027674, 1.0, 0.5859462301978571]
     [0.15400568633502615, 1.0, 0.6858607769670676]
     [0.137905315039795, 1.0, 0.8175902188917373]
     [0.14741683267398034, 1.0, 0.734766318280418]
     [0.17737063120189295, 1.0, 0.514362716098074]

Gen: 40
     [0.15889238049811547, 1.0, 0.6041543416814567]
     [0.1496567623429945, 1.0, 0.6403733648852955]
     [0.161211806627199, 1.0, 0.5540656017879445]
     [0.14500855756011335, 1.0, 0.7276671267994479]
     [0.16837116429580165, 1.0, 0.6142772628672846]
     [0.1669168467027674, 1.0, 0.5859462301978571]
     [0.15400568633502615, 1.0, 0.6858607769670676]
     [0.137905315039795, 1.0, 0.8175902188917373]
     [0.14741683267398034, 1.0, 0.734766318280418]
     [0.17737063120189295, 1.0, 0.514362716098074]

Gen: 41
     [0.15889238049811547, 1.0, 0.6041543416814567]
     [0.1496567623429945, 1.0, 0.6403733648852955]
     [0.161211806627199, 1.0, 0.5540656017879445]
     [0.14500855756011335, 1.0, 0.7276671267994479]
     [0.16837116429580165, 1.0, 0.6142772628672846]
     [0.1669168467027674, 1.0, 0.5859462301978571]
     [0.15400568633502615, 1.0, 0.6858607769670676]
     [0.137905315039795, 1.0, 0.8175902188917373]
     [0.14741683267398034, 1.0, 0.734766318280418]
     [0.17737063120189295, 1.0, 0.514362716098074]

Gen: 42
     [0.15889238049811547, 1.0, 0.6041543416814567]
     [0.1496567623429945, 1.0, 0.6403733648852955]
     [0.161211806627199, 1.0, 0.5540656017879445]
     [0.14500855756011335, 1.0, 0.7276671267994479]
     [0.16837116429580165, 1.0, 0.6142772628672846]
     [0.1669168467027674, 1.0, 0.5859462301978571]
     [0.15400568633502615, 1.0, 0.6858607769670676]
     [0.137905315039795, 1.0, 0.8175902188917373]
     [0.14741683267398034, 1.0, 0.734766318280418]
     [0.17737063120189295, 1.0, 0.514362716098074]

Gen: 43
     [0.15889238049811547, 1.0, 0.6041543416814567]
     [0.1496567623429945, 1.0, 0.6403733648852955]
     [0.161211806627199, 1.0, 0.5540656017879445]
     [0.14500855756011335, 1.0, 0.7276671267994479]
     [0.16837116429580165, 1.0, 0.6142772628672846]
     [0.1669168467027674, 1.0, 0.5859462301978571]
     [0.15400568633502615, 1.0, 0.6858607769670676]
     [0.137905315039795, 1.0, 0.8175902188917373]
     [0.14741683267398034, 1.0, 0.734766318280418]
     [0.17737063120189295, 1.0, 0.514362716098074]

Gen: 44
     [0.15889238049811547, 1.0, 0.6041543416814567]
     [0.1496567623429945, 1.0, 0.6403733648852955]
     [0.161211806627199, 1.0, 0.5540656017879445]
     [0.14500855756011335, 1.0, 0.7276671267994479]
     [0.16837116429580165, 1.0, 0.6142772628672846]
     [0.1669168467027674, 1.0, 0.5859462301978571]
     [0.15400568633502615, 1.0, 0.6858607769670676]
     [0.137905315039795, 1.0, 0.8175902188917373]
     [0.14741683267398034, 1.0, 0.734766318280418]
     [0.17737063120189295, 1.0, 0.514362716098074]

Gen: 45
     [0.15889238049811547, 1.0, 0.6041543416814567]
     [0.1496567623429945, 1.0, 0.6403733648852955]
     [0.161211806627199, 1.0, 0.5540656017879445]
     [0.14500855756011335, 1.0, 0.7276671267994479]
     [0.16837116429580165, 1.0, 0.6142772628672846]
     [0.1669168467027674, 1.0, 0.5859462301978571]
     [0.15400568633502615, 1.0, 0.6858607769670676]
     [0.137905315039795, 1.0, 0.8175902188917373]
     [0.14741683267398034, 1.0, 0.734766318280418]
     [0.17737063120189295, 1.0, 0.514362716098074]

Gen: 46
     [0.15889238049811547, 1.0, 0.6041543416814567]
     [0.1496567623429945, 1.0, 0.6403733648852955]
     [0.161211806627199, 1.0, 0.5540656017879445]
     [0.14500855756011335, 1.0, 0.7276671267994479]
     [0.16837116429580165, 1.0, 0.6142772628672846]
     [0.1669168467027674, 1.0, 0.5859462301978571]
     [0.15400568633502615, 1.0, 0.6858607769670676]
     [0.137905315039795, 1.0, 0.8175902188917373]
     [0.14741683267398034, 1.0, 0.734766318280418]
     [0.17737063120189295, 1.0, 0.514362716098074]

Gen: 47
     [0.15889238049811547, 1.0, 0.6041543416814567]
     [0.1496567623429945, 1.0, 0.6403733648852955]
     [0.161211806627199, 1.0, 0.5540656017879445]
     [0.14500855756011335, 1.0, 0.7276671267994479]
     [0.16837116429580165, 1.0, 0.6142772628672846]
     [0.1669168467027674, 1.0, 0.5859462301978571]
     [0.15400568633502615, 1.0, 0.6858607769670676]
     [0.137905315039795, 1.0, 0.8175902188917373]
     [0.14741683267398034, 1.0, 0.734766318280418]
     [0.17737063120189295, 1.0, 0.514362716098074]

Gen: 48
     [0.15889238049811547, 1.0, 0.6041543416814567]
     [0.1496567623429945, 1.0, 0.6403733648852955]
     [0.161211806627199, 1.0, 0.5540656017879445]
     [0.14500855756011335, 1.0, 0.7276671267994479]
     [0.16837116429580165, 1.0, 0.6142772628672846]
     [0.1669168467027674, 1.0, 0.5859462301978571]
     [0.15400568633502615, 1.0, 0.6858607769670676]
     [0.137905315039795, 1.0, 0.8175902188917373]
     [0.14741683267398034, 1.0, 0.734766318280418]
     [0.17737063120189295, 1.0, 0.514362716098074]

Gen: 49
     [0.15889238049811547, 1.0, 0.6041543416814567]
     [0.1496567623429945, 1.0, 0.6403733648852955]
     [0.161211806627199, 1.0, 0.5540656017879445]
     [0.14500855756011335, 1.0, 0.7276671267994479]
     [0.16837116429580165, 1.0, 0.6142772628672846]
     [0.1669168467027674, 1.0, 0.5859462301978571]
     [0.15400568633502615, 1.0, 0.6858607769670676]
     [0.137905315039795, 1.0, 0.8175902188917373]
     [0.14741683267398034, 1.0, 0.734766318280418]
     [0.17737063120189295, 1.0, 0.514362716098074]

Gen: 50
     [0.15889238049811547, 1.0, 0.6041543416814567]
     [0.1496567623429945, 1.0, 0.6403733648852955]
     [0.161211806627199, 1.0, 0.5540656017879445]
     [0.14500855756011335, 1.0, 0.7276671267994479]
     [0.16837116429580165, 1.0, 0.6142772628672846]
     [0.1669168467027674, 1.0, 0.5859462301978571]
     [0.15400568633502615, 1.0, 0.6858607769670676]
     [0.137905315039795, 1.0, 0.8175902188917373]
     [0.14741683267398034, 1.0, 0.734766318280418]
     [0.17737063120189295, 1.0, 0.514362716098074]

Gen: 51
     [0.15889238049811547, 1.0, 0.6041543416814567]
     [0.1496567623429945, 1.0, 0.6403733648852955]
     [0.161211806627199, 1.0, 0.5540656017879445]
     [0.14500855756011335, 1.0, 0.7276671267994479]
     [0.16837116429580165, 1.0, 0.6142772628672846]
     [0.1669168467027674, 1.0, 0.5859462301978571]
     [0.15400568633502615, 1.0, 0.6858607769670676]
     [0.137905315039795, 1.0, 0.8175902188917373]
     [0.14741683267398034, 1.0, 0.734766318280418]
     [0.17737063120189295, 1.0, 0.514362716098074]

Gen: 52
     [0.15889238049811547, 1.0, 0.6041543416814567]
     [0.1496567623429945, 1.0, 0.6403733648852955]
     [0.161211806627199, 1.0, 0.5540656017879445]
     [0.14500855756011335, 1.0, 0.7276671267994479]
     [0.16837116429580165, 1.0, 0.6142772628672846]
     [0.1669168467027674, 1.0, 0.5859462301978571]
     [0.15400568633502615, 1.0, 0.6858607769670676]
     [0.137905315039795, 1.0, 0.8175902188917373]
     [0.14741683267398034, 1.0, 0.734766318280418]
     [0.17737063120189295, 1.0, 0.514362716098074]

Gen: 53
     [0.15889238049811547, 1.0, 0.6041543416814567]
     [0.1496567623429945, 1.0, 0.6403733648852955]
     [0.161211806627199, 1.0, 0.5540656017879445]
     [0.14500855756011335, 1.0, 0.7276671267994479]
     [0.16837116429580165, 1.0, 0.6142772628672846]
     [0.1669168467027674, 1.0, 0.5859462301978571]
     [0.15400568633502615, 1.0, 0.6858607769670676]
     [0.137905315039795, 1.0, 0.8175902188917373]
     [0.14741683267398034, 1.0, 0.734766318280418]
     [0.17737063120189295, 1.0, 0.514362716098074]

Gen: 54
     [0.15889238049811547, 1.0, 0.6041543416814567]
     [0.1496567623429945, 1.0, 0.6403733648852955]
     [0.161211806627199, 1.0, 0.5540656017879445]
     [0.14500855756011335, 1.0, 0.7276671267994479]
     [0.16837116429580165, 1.0, 0.6142772628672846]
     [0.1669168467027674, 1.0, 0.5859462301978571]
     [0.15400568633502615, 1.0, 0.6858607769670676]
     [0.137905315039795, 1.0, 0.8175902188917373]
     [0.14741683267398034, 1.0, 0.734766318280418]
     [0.17737063120189295, 1.0, 0.514362716098074]

Gen: 55
     [0.15889238049811547, 1.0, 0.6041543416814567]
     [0.1496567623429945, 1.0, 0.6403733648852955]
     [0.161211806627199, 1.0, 0.5540656017879445]
     [0.14500855756011335, 1.0, 0.7276671267994479]
     [0.16837116429580165, 1.0, 0.6142772628672846]
     [0.1669168467027674, 1.0, 0.5859462301978571]
     [0.15400568633502615, 1.0, 0.6858607769670676]
     [0.137905315039795, 1.0, 0.8175902188917373]
     [0.14741683267398034, 1.0, 0.734766318280418]
     [0.17737063120189295, 1.0, 0.514362716098074]

Gen: 56
     [0.15889238049811547, 1.0, 0.6041543416814567]
     [0.1496567623429945, 1.0, 0.6403733648852955]
     [0.161211806627199, 1.0, 0.5540656017879445]
     [0.14500855756011335, 1.0, 0.7276671267994479]
     [0.16837116429580165, 1.0, 0.6142772628672846]
     [0.1669168467027674, 1.0, 0.5859462301978571]
     [0.15400568633502615, 1.0, 0.6858607769670676]
     [0.137905315039795, 1.0, 0.8175902188917373]
     [0.14741683267398034, 1.0, 0.734766318280418]
     [0.17737063120189295, 1.0, 0.514362716098074]

Gen: 57
     [0.15889238049811547, 1.0, 0.6041543416814567]
     [0.1496567623429945, 1.0, 0.6403733648852955]
     [0.161211806627199, 1.0, 0.5540656017879445]
     [0.14500855756011335, 1.0, 0.7276671267994479]
     [0.16837116429580165, 1.0, 0.6142772628672846]
     [0.1669168467027674, 1.0, 0.5859462301978571]
     [0.15400568633502615, 1.0, 0.6858607769670676]
     [0.137905315039795, 1.0, 0.8175902188917373]
     [0.14741683267398034, 1.0, 0.734766318280418]
     [0.17737063120189295, 1.0, 0.514362716098074]

Gen: 58
     [0.15889238049811547, 1.0, 0.6041543416814567]
     [0.1496567623429945, 1.0, 0.6403733648852955]
     [0.161211806627199, 1.0, 0.5540656017879445]
     [0.14500855756011335, 1.0, 0.7276671267994479]
     [0.16837116429580165, 1.0, 0.6142772628672846]
     [0.1669168467027674, 1.0, 0.5859462301978571]
     [0.15400568633502615, 1.0, 0.6858607769670676]
     [0.137905315039795, 1.0, 0.8175902188917373]
     [0.14741683267398034, 1.0, 0.734766318280418]
     [0.17737063120189295, 1.0, 0.514362716098074]

Gen: 59
     [0.15889238049811547, 1.0, 0.6041543416814567]
     [0.1496567623429945, 1.0, 0.6403733648852955]
     [0.161211806627199, 1.0, 0.5540656017879445]
     [0.14500855756011335, 1.0, 0.7276671267994479]
     [0.16837116429580165, 1.0, 0.6142772628672846]
     [0.1669168467027674, 1.0, 0.5859462301978571]
     [0.15400568633502615, 1.0, 0.6858607769670676]
     [0.137905315039795, 1.0, 0.8175902188917373]
     [0.14741683267398034, 1.0, 0.734766318280418]
     [0.17737063120189295, 1.0, 0.514362716098074]

Gen: 60
     [0.15889238049811547, 1.0, 0.6041543416814567]
     [0.1496567623429945, 1.0, 0.6403733648852955]
     [0.161211806627199, 1.0, 0.5540656017879445]
     [0.14500855756011335, 1.0, 0.7276671267994479]
     [0.16837116429580165, 1.0, 0.6142772628672846]
     [0.1669168467027674, 1.0, 0.5859462301978571]
     [0.15400568633502615, 1.0, 0.6858607769670676]
     [0.137905315039795, 1.0, 0.8175902188917373]
     [0.14741683267398034, 1.0, 0.734766318280418]
     [0.17737063120189295, 1.0, 0.514362716098074]

Gen: 61
     [0.15889238049811547, 1.0, 0.6041543416814567]
     [0.1496567623429945, 1.0, 0.6403733648852955]
     [0.161211806627199, 1.0, 0.5540656017879445]
     [0.14500855756011335, 1.0, 0.7276671267994479]
     [0.16837116429580165, 1.0, 0.6142772628672846]
     [0.1669168467027674, 1.0, 0.5859462301978571]
     [0.15400568633502615, 1.0, 0.6858607769670676]
     [0.137905315039795, 1.0, 0.8175902188917373]
     [0.14741683267398034, 1.0, 0.734766318280418]
     [0.17737063120189295, 1.0, 0.514362716098074]

Gen: 62
     [0.15889238049811547, 1.0, 0.6041543416814567]
     [0.1496567623429945, 1.0, 0.6403733648852955]
     [0.161211806627199, 1.0, 0.5540656017879445]
     [0.14500855756011335, 1.0, 0.7276671267994479]
     [0.16837116429580165, 1.0, 0.6142772628672846]
     [0.1669168467027674, 1.0, 0.5859462301978571]
     [0.15400568633502615, 1.0, 0.6858607769670676]
     [0.137905315039795, 1.0, 0.8175902188917373]
     [0.14741683267398034, 1.0, 0.734766318280418]
     [0.17737063120189295, 1.0, 0.514362716098074]

Gen: 63
     [0.15889238049811547, 1.0, 0.6041543416814567]
     [0.1496567623429945, 1.0, 0.6403733648852955]
     [0.161211806627199, 1.0, 0.5540656017879445]
     [0.14500855756011335, 1.0, 0.7276671267994479]
     [0.16837116429580165, 1.0, 0.6142772628672846]
     [0.1669168467027674, 1.0, 0.5859462301978571]
     [0.15400568633502615, 1.0, 0.6858607769670676]
     [0.137905315039795, 1.0, 0.8175902188917373]
     [0.14741683267398034, 1.0, 0.734766318280418]
     [0.17737063120189295, 1.0, 0.514362716098074]

Gen: 64
     [0.15889238049811547, 1.0, 0.6041543416814567]
     [0.1496567623429945, 1.0, 0.6403733648852955]
     [0.161211806627199, 1.0, 0.5540656017879445]
     [0.14500855756011335, 1.0, 0.7276671267994479]
     [0.16837116429580165, 1.0, 0.6142772628672846]
     [0.1669168467027674, 1.0, 0.5859462301978571]
     [0.15400568633502615, 1.0, 0.6858607769670676]
     [0.137905315039795, 1.0, 0.8175902188917373]
     [0.14741683267398034, 1.0, 0.734766318280418]
     [0.17737063120189295, 1.0, 0.514362716098074]

Gen: 65
     [0.15889238049811547, 1.0, 0.6041543416814567]
     [0.1496567623429945, 1.0, 0.6403733648852955]
     [0.161211806627199, 1.0, 0.5540656017879445]
     [0.14500855756011335, 1.0, 0.7276671267994479]
     [0.16837116429580165, 1.0, 0.6142772628672846]
     [0.1669168467027674, 1.0, 0.5859462301978571]
     [0.15400568633502615, 1.0, 0.6858607769670676]
     [0.137905315039795, 1.0, 0.8175902188917373]
     [0.14741683267398034, 1.0, 0.734766318280418]
     [0.17737063120189295, 1.0, 0.514362716098074]

Gen: 66
     [0.15889238049811547, 1.0, 0.6041543416814567]
     [0.1496567623429945, 1.0, 0.6403733648852955]
     [0.161211806627199, 1.0, 0.5540656017879445]
     [0.14500855756011335, 1.0, 0.7276671267994479]
     [0.16837116429580165, 1.0, 0.6142772628672846]
     [0.1669168467027674, 1.0, 0.5859462301978571]
     [0.15400568633502615, 1.0, 0.6858607769670676]
     [0.137905315039795, 1.0, 0.8175902188917373]
     [0.14741683267398034, 1.0, 0.734766318280418]
     [0.17737063120189295, 1.0, 0.514362716098074]

Gen: 67
     [0.15889238049811547, 1.0, 0.6041543416814567]
     [0.1496567623429945, 1.0, 0.6403733648852955]
     [0.161211806627199, 1.0, 0.5540656017879445]
     [0.14500855756011335, 1.0, 0.7276671267994479]
     [0.16837116429580165, 1.0, 0.6142772628672846]
     [0.1669168467027674, 1.0, 0.5859462301978571]
     [0.15400568633502615, 1.0, 0.6858607769670676]
     [0.137905315039795, 1.0, 0.8175902188917373]
     [0.14741683267398034, 1.0, 0.734766318280418]
     [0.17737063120189295, 1.0, 0.514362716098074]

Gen: 68
     [0.15889238049811547, 1.0, 0.6041543416814567]
     [0.1496567623429945, 1.0, 0.6403733648852955]
     [0.161211806627199, 1.0, 0.5540656017879445]
     [0.14500855756011335, 1.0, 0.7276671267994479]
     [0.16837116429580165, 1.0, 0.6142772628672846]
     [0.1669168467027674, 1.0, 0.5859462301978571]
     [0.15400568633502615, 1.0, 0.6858607769670676]
     [0.137905315039795, 1.0, 0.8175902188917373]
     [0.14741683267398034, 1.0, 0.734766318280418]
     [0.17737063120189295, 1.0, 0.514362716098074]

Gen: 69
     [0.15889238049811547, 1.0, 0.6041543416814567]
     [0.1496567623429945, 1.0, 0.6403733648852955]
     [0.161211806627199, 1.0, 0.5540656017879445]
     [0.14500855756011335, 1.0, 0.7276671267994479]
     [0.16837116429580165, 1.0, 0.6142772628672846]
     [0.1669168467027674, 1.0, 0.5859462301978571]
     [0.15400568633502615, 1.0, 0.6858607769670676]
     [0.137905315039795, 1.0, 0.8175902188917373]
     [0.14741683267398034, 1.0, 0.734766318280418]
     [0.17737063120189295, 1.0, 0.514362716098074]

Gen: 70
     [0.15889238049811547, 1.0, 0.6041543416814567]
     [0.1496567623429945, 1.0, 0.6403733648852955]
     [0.161211806627199, 1.0, 0.5540656017879445]
     [0.14500855756011335, 1.0, 0.7276671267994479]
     [0.16837116429580165, 1.0, 0.6142772628672846]
     [0.1669168467027674, 1.0, 0.5859462301978571]
     [0.15400568633502615, 1.0, 0.6858607769670676]
     [0.137905315039795, 1.0, 0.8175902188917373]
     [0.14741683267398034, 1.0, 0.734766318280418]
     [0.17737063120189295, 1.0, 0.514362716098074]

Gen: 71
     [0.15889238049811547, 1.0, 0.6041543416814567]
     [0.1496567623429945, 1.0, 0.6403733648852955]
     [0.161211806627199, 1.0, 0.5540656017879445]
     [0.14500855756011335, 1.0, 0.7276671267994479]
     [0.16837116429580165, 1.0, 0.6142772628672846]
     [0.1669168467027674, 1.0, 0.5859462301978571]
     [0.15400568633502615, 1.0, 0.6858607769670676]
     [0.137905315039795, 1.0, 0.8175902188917373]
     [0.14741683267398034, 1.0, 0.734766318280418]
     [0.17737063120189295, 1.0, 0.514362716098074]

Gen: 72
     [0.15889238049811547, 1.0, 0.6041543416814567]
     [0.1496567623429945, 1.0, 0.6403733648852955]
     [0.161211806627199, 1.0, 0.5540656017879445]
     [0.14500855756011335, 1.0, 0.7276671267994479]
     [0.16837116429580165, 1.0, 0.6142772628672846]
     [0.1669168467027674, 1.0, 0.5859462301978571]
     [0.15400568633502615, 1.0, 0.6858607769670676]
     [0.137905315039795, 1.0, 0.8175902188917373]
     [0.14741683267398034, 1.0, 0.734766318280418]
     [0.17737063120189295, 1.0, 0.514362716098074]

Gen: 73
     [0.15889238049811547, 1.0, 0.6041543416814567]
     [0.1496567623429945, 1.0, 0.6403733648852955]
     [0.161211806627199, 1.0, 0.5540656017879445]
     [0.14500855756011335, 1.0, 0.7276671267994479]
     [0.16837116429580165, 1.0, 0.6142772628672846]
     [0.1669168467027674, 1.0, 0.5859462301978571]
     [0.15400568633502615, 1.0, 0.6858607769670676]
     [0.137905315039795, 1.0, 0.8175902188917373]
     [0.14741683267398034, 1.0, 0.734766318280418]
     [0.17737063120189295, 1.0, 0.514362716098074]

Gen: 74
     [0.15889238049811547, 1.0, 0.6041543416814567]
     [0.1496567623429945, 1.0, 0.6403733648852955]
     [0.161211806627199, 1.0, 0.5540656017879445]
     [0.14500855756011335, 1.0, 0.7276671267994479]
     [0.16837116429580165, 1.0, 0.6142772628672846]
     [0.1669168467027674, 1.0, 0.5859462301978571]
     [0.15400568633502615, 1.0, 0.6858607769670676]
     [0.137905315039795, 1.0, 0.8175902188917373]
     [0.14741683267398034, 1.0, 0.734766318280418]
     [0.17737063120189295, 1.0, 0.514362716098074]

Gen: 75
     [0.15889238049811547, 1.0, 0.6041543416814567]
     [0.1496567623429945, 1.0, 0.6403733648852955]
     [0.161211806627199, 1.0, 0.5540656017879445]
     [0.14500855756011335, 1.0, 0.7276671267994479]
     [0.16837116429580165, 1.0, 0.6142772628672846]
     [0.1669168467027674, 1.0, 0.5859462301978571]
     [0.15400568633502615, 1.0, 0.6858607769670676]
     [0.137905315039795, 1.0, 0.8175902188917373]
     [0.14741683267398034, 1.0, 0.734766318280418]
     [0.17737063120189295, 1.0, 0.514362716098074]

Gen: 76
     [0.15889238049811547, 1.0, 0.6041543416814567]
     [0.1496567623429945, 1.0, 0.6403733648852955]
     [0.161211806627199, 1.0, 0.5540656017879445]
     [0.14500855756011335, 1.0, 0.7276671267994479]
     [0.16837116429580165, 1.0, 0.6142772628672846]
     [0.1669168467027674, 1.0, 0.5859462301978571]
     [0.15400568633502615, 1.0, 0.6858607769670676]
     [0.137905315039795, 1.0, 0.8175902188917373]
     [0.14741683267398034, 1.0, 0.734766318280418]
     [0.17737063120189295, 1.0, 0.514362716098074]

Gen: 77
     [0.15889238049811547, 1.0, 0.6041543416814567]
     [0.1496567623429945, 1.0, 0.6403733648852955]
     [0.161211806627199, 1.0, 0.5540656017879445]
     [0.14500855756011335, 1.0, 0.7276671267994479]
     [0.16837116429580165, 1.0, 0.6142772628672846]
     [0.1669168467027674, 1.0, 0.5859462301978571]
     [0.15400568633502615, 1.0, 0.6858607769670676]
     [0.137905315039795, 1.0, 0.8175902188917373]
     [0.14741683267398034, 1.0, 0.734766318280418]
     [0.17737063120189295, 1.0, 0.514362716098074]

Gen: 78
     [0.15889238049811547, 1.0, 0.6041543416814567]
     [0.1496567623429945, 1.0, 0.6403733648852955]
     [0.161211806627199, 1.0, 0.5540656017879445]
     [0.14500855756011335, 1.0, 0.7276671267994479]
     [0.16837116429580165, 1.0, 0.6142772628672846]
     [0.1669168467027674, 1.0, 0.5859462301978571]
     [0.15400568633502615, 1.0, 0.6858607769670676]
     [0.137905315039795, 1.0, 0.8175902188917373]
     [0.14741683267398034, 1.0, 0.734766318280418]
     [0.17737063120189295, 1.0, 0.514362716098074]

Gen: 79
     [0.15889238049811547, 1.0, 0.6041543416814567]
     [0.1496567623429945, 1.0, 0.6403733648852955]
     [0.161211806627199, 1.0, 0.5540656017879445]
     [0.14500855756011335, 1.0, 0.7276671267994479]
     [0.16837116429580165, 1.0, 0.6142772628672846]
     [0.1669168467027674, 1.0, 0.5859462301978571]
     [0.15400568633502615, 1.0, 0.6858607769670676]
     [0.137905315039795, 1.0, 0.8175902188917373]
     [0.14741683267398034, 1.0, 0.734766318280418]
     [0.17737063120189295, 1.0, 0.514362716098074]

Gen: 80
     [0.15889238049811547, 1.0, 0.6041543416814567]
     [0.1496567623429945, 1.0, 0.6403733648852955]
     [0.161211806627199, 1.0, 0.5540656017879445]
     [0.14500855756011335, 1.0, 0.7276671267994479]
     [0.16837116429580165, 1.0, 0.6142772628672846]
     [0.1669168467027674, 1.0, 0.5859462301978571]
     [0.15400568633502615, 1.0, 0.6858607769670676]
     [0.137905315039795, 1.0, 0.8175902188917373]
     [0.14741683267398034, 1.0, 0.734766318280418]
     [0.17737063120189295, 1.0, 0.514362716098074]

Gen: 81
     [0.15889238049811547, 1.0, 0.6041543416814567]
     [0.1496567623429945, 1.0, 0.6403733648852955]
     [0.161211806627199, 1.0, 0.5540656017879445]
     [0.14500855756011335, 1.0, 0.7276671267994479]
     [0.16837116429580165, 1.0, 0.6142772628672846]
     [0.1669168467027674, 1.0, 0.5859462301978571]
     [0.15400568633502615, 1.0, 0.6858607769670676]
     [0.137905315039795, 1.0, 0.8175902188917373]
     [0.14741683267398034, 1.0, 0.734766318280418]
     [0.17737063120189295, 1.0, 0.514362716098074]

Gen: 82
     [0.15889238049811547, 1.0, 0.6041543416814567]
     [0.1496567623429945, 1.0, 0.6403733648852955]
     [0.161211806627199, 1.0, 0.5540656017879445]
     [0.14500855756011335, 1.0, 0.7276671267994479]
     [0.16837116429580165, 1.0, 0.6142772628672846]
     [0.1669168467027674, 1.0, 0.5859462301978571]
     [0.15400568633502615, 1.0, 0.6858607769670676]
     [0.137905315039795, 1.0, 0.8175902188917373]
     [0.14741683267398034, 1.0, 0.734766318280418]
     [0.17737063120189295, 1.0, 0.514362716098074]

Gen: 83
     [0.15889238049811547, 1.0, 0.6041543416814567]
     [0.1496567623429945, 1.0, 0.6403733648852955]
     [0.161211806627199, 1.0, 0.5540656017879445]
     [0.14500855756011335, 1.0, 0.7276671267994479]
     [0.16837116429580165, 1.0, 0.6142772628672846]
     [0.1669168467027674, 1.0, 0.5859462301978571]
     [0.15400568633502615, 1.0, 0.6858607769670676]
     [0.137905315039795, 1.0, 0.8175902188917373]
     [0.14741683267398034, 1.0, 0.734766318280418]
     [0.17737063120189295, 1.0, 0.514362716098074]

Gen: 84
     [0.15889238049811547, 1.0, 0.6041543416814567]
     [0.1496567623429945, 1.0, 0.6403733648852955]
     [0.161211806627199, 1.0, 0.5540656017879445]
     [0.14500855756011335, 1.0, 0.7276671267994479]
     [0.16837116429580165, 1.0, 0.6142772628672846]
     [0.1669168467027674, 1.0, 0.5859462301978571]
     [0.15400568633502615, 1.0, 0.6858607769670676]
     [0.137905315039795, 1.0, 0.8175902188917373]
     [0.14741683267398034, 1.0, 0.734766318280418]
     [0.17737063120189295, 1.0, 0.514362716098074]

Gen: 85
     [0.15889238049811547, 1.0, 0.6041543416814567]
     [0.1496567623429945, 1.0, 0.6403733648852955]
     [0.161211806627199, 1.0, 0.5540656017879445]
     [0.14500855756011335, 1.0, 0.7276671267994479]
     [0.16837116429580165, 1.0, 0.6142772628672846]
     [0.1669168467027674, 1.0, 0.5859462301978571]
     [0.15400568633502615, 1.0, 0.6858607769670676]
     [0.137905315039795, 1.0, 0.8175902188917373]
     [0.14741683267398034, 1.0, 0.734766318280418]
     [0.17737063120189295, 1.0, 0.514362716098074]

Gen: 86
     [0.15889238049811547, 1.0, 0.6041543416814567]
     [0.1496567623429945, 1.0, 0.6403733648852955]
     [0.161211806627199, 1.0, 0.5540656017879445]
     [0.14500855756011335, 1.0, 0.7276671267994479]
     [0.16837116429580165, 1.0, 0.6142772628672846]
     [0.1669168467027674, 1.0, 0.5859462301978571]
     [0.15400568633502615, 1.0, 0.6858607769670676]
     [0.137905315039795, 1.0, 0.8175902188917373]
     [0.14741683267398034, 1.0, 0.734766318280418]
     [0.17737063120189295, 1.0, 0.514362716098074]

Gen: 87
     [0.15889238049811547, 1.0, 0.6041543416814567]
     [0.1496567623429945, 1.0, 0.6403733648852955]
     [0.161211806627199, 1.0, 0.5540656017879445]
     [0.14500855756011335, 1.0, 0.7276671267994479]
     [0.16837116429580165, 1.0, 0.6142772628672846]
     [0.1669168467027674, 1.0, 0.5859462301978571]
     [0.15400568633502615, 1.0, 0.6858607769670676]
     [0.137905315039795, 1.0, 0.8175902188917373]
     [0.14741683267398034, 1.0, 0.734766318280418]
     [0.17737063120189295, 1.0, 0.514362716098074]

Gen: 88
     [0.15889238049811547, 1.0, 0.6041543416814567]
     [0.1496567623429945, 1.0, 0.6403733648852955]
     [0.161211806627199, 1.0, 0.5540656017879445]
     [0.14500855756011335, 1.0, 0.7276671267994479]
     [0.16837116429580165, 1.0, 0.6142772628672846]
     [0.1669168467027674, 1.0, 0.5859462301978571]
     [0.15400568633502615, 1.0, 0.6858607769670676]
     [0.137905315039795, 1.0, 0.8175902188917373]
     [0.14741683267398034, 1.0, 0.734766318280418]
     [0.17737063120189295, 1.0, 0.514362716098074]

Gen: 89
     [0.15889238049811547, 1.0, 0.6041543416814567]
     [0.1496567623429945, 1.0, 0.6403733648852955]
     [0.161211806627199, 1.0, 0.5540656017879445]
     [0.14500855756011335, 1.0, 0.7276671267994479]
     [0.16837116429580165, 1.0, 0.6142772628672846]
     [0.1669168467027674, 1.0, 0.5859462301978571]
     [0.15400568633502615, 1.0, 0.6858607769670676]
     [0.137905315039795, 1.0, 0.8175902188917373]
     [0.14741683267398034, 1.0, 0.734766318280418]
     [0.17737063120189295, 1.0, 0.514362716098074]

Gen: 90
     [0.15889238049811547, 1.0, 0.6041543416814567]
     [0.1496567623429945, 1.0, 0.6403733648852955]
     [0.161211806627199, 1.0, 0.5540656017879445]
     [0.14500855756011335, 1.0, 0.7276671267994479]
     [0.16837116429580165, 1.0, 0.6142772628672846]
     [0.1669168467027674, 1.0, 0.5859462301978571]
     [0.15400568633502615, 1.0, 0.6858607769670676]
     [0.137905315039795, 1.0, 0.8175902188917373]
     [0.14741683267398034, 1.0, 0.734766318280418]
     [0.17737063120189295, 1.0, 0.514362716098074]

Gen: 91
     [0.15889238049811547, 1.0, 0.6041543416814567]
     [0.1496567623429945, 1.0, 0.6403733648852955]
     [0.161211806627199, 1.0, 0.5540656017879445]
     [0.14500855756011335, 1.0, 0.7276671267994479]
     [0.16837116429580165, 1.0, 0.6142772628672846]
     [0.1669168467027674, 1.0, 0.5859462301978571]
     [0.15400568633502615, 1.0, 0.6858607769670676]
     [0.137905315039795, 1.0, 0.8175902188917373]
     [0.14741683267398034, 1.0, 0.734766318280418]
     [0.17737063120189295, 1.0, 0.514362716098074]

Gen: 92
     [0.15889238049811547, 1.0, 0.6041543416814567]
     [0.1496567623429945, 1.0, 0.6403733648852955]
     [0.161211806627199, 1.0, 0.5540656017879445]
     [0.14500855756011335, 1.0, 0.7276671267994479]
     [0.16837116429580165, 1.0, 0.6142772628672846]
     [0.1669168467027674, 1.0, 0.5859462301978571]
     [0.15400568633502615, 1.0, 0.6858607769670676]
     [0.137905315039795, 1.0, 0.8175902188917373]
     [0.14741683267398034, 1.0, 0.734766318280418]
     [0.17737063120189295, 1.0, 0.514362716098074]

Gen: 93
     [0.15889238049811547, 1.0, 0.6041543416814567]
     [0.1496567623429945, 1.0, 0.6403733648852955]
     [0.161211806627199, 1.0, 0.5540656017879445]
     [0.14500855756011335, 1.0, 0.7276671267994479]
     [0.16837116429580165, 1.0, 0.6142772628672846]
     [0.1669168467027674, 1.0, 0.5859462301978571]
     [0.15400568633502615, 1.0, 0.6858607769670676]
     [0.137905315039795, 1.0, 0.8175902188917373]
     [0.14741683267398034, 1.0, 0.734766318280418]
     [0.17737063120189295, 1.0, 0.514362716098074]

Gen: 94
     [0.15889238049811547, 1.0, 0.6041543416814567]
     [0.1496567623429945, 1.0, 0.6403733648852955]
     [0.161211806627199, 1.0, 0.5540656017879445]
     [0.14500855756011335, 1.0, 0.7276671267994479]
     [0.16837116429580165, 1.0, 0.6142772628672846]
     [0.1669168467027674, 1.0, 0.5859462301978571]
     [0.15400568633502615, 1.0, 0.6858607769670676]
     [0.137905315039795, 1.0, 0.8175902188917373]
     [0.14741683267398034, 1.0, 0.734766318280418]
     [0.17737063120189295, 1.0, 0.514362716098074]

Gen: 95
     [0.15889238049811547, 1.0, 0.6041543416814567]
     [0.1496567623429945, 1.0, 0.6403733648852955]
     [0.161211806627199, 1.0, 0.5540656017879445]
     [0.14500855756011335, 1.0, 0.7276671267994479]
     [0.16837116429580165, 1.0, 0.6142772628672846]
     [0.1669168467027674, 1.0, 0.5859462301978571]
     [0.15400568633502615, 1.0, 0.6858607769670676]
     [0.137905315039795, 1.0, 0.8175902188917373]
     [0.14741683267398034, 1.0, 0.734766318280418]
     [0.17737063120189295, 1.0, 0.514362716098074]

Gen: 96
     [0.15889238049811547, 1.0, 0.6041543416814567]
     [0.1496567623429945, 1.0, 0.6403733648852955]
     [0.161211806627199, 1.0, 0.5540656017879445]
     [0.14500855756011335, 1.0, 0.7276671267994479]
     [0.16837116429580165, 1.0, 0.6142772628672846]
     [0.1669168467027674, 1.0, 0.5859462301978571]
     [0.15400568633502615, 1.0, 0.6858607769670676]
     [0.137905315039795, 1.0, 0.8175902188917373]
     [0.14741683267398034, 1.0, 0.734766318280418]
     [0.17737063120189295, 1.0, 0.514362716098074]

Gen: 97
     [0.15889238049811547, 1.0, 0.6041543416814567]
     [0.1496567623429945, 1.0, 0.6403733648852955]
     [0.161211806627199, 1.0, 0.5540656017879445]
     [0.14500855756011335, 1.0, 0.7276671267994479]
     [0.16837116429580165, 1.0, 0.6142772628672846]
     [0.1669168467027674, 1.0, 0.5859462301978571]
     [0.15400568633502615, 1.0, 0.6858607769670676]
     [0.137905315039795, 1.0, 0.8175902188917373]
     [0.14741683267398034, 1.0, 0.734766318280418]
     [0.17737063120189295, 1.0, 0.514362716098074]

Gen: 98
     [0.15889238049811547, 1.0, 0.6041543416814567]
     [0.1496567623429945, 1.0, 0.6403733648852955]
     [0.161211806627199, 1.0, 0.5540656017879445]
     [0.14500855756011335, 1.0, 0.7276671267994479]
     [0.16837116429580165, 1.0, 0.6142772628672846]
     [0.1669168467027674, 1.0, 0.5859462301978571]
     [0.15400568633502615, 1.0, 0.6858607769670676]
     [0.137905315039795, 1.0, 0.8175902188917373]
     [0.14741683267398034, 1.0, 0.734766318280418]
     [0.17737063120189295, 1.0, 0.514362716098074]

Gen: 99
     [0.15889238049811547, 1.0, 0.6041543416814567]
     [0.1496567623429945, 1.0, 0.6403733648852955]
     [0.161211806627199, 1.0, 0.5540656017879445]
     [0.14500855756011335, 1.0, 0.7276671267994479]
     [0.16837116429580165, 1.0, 0.6142772628672846]
     [0.1669168467027674, 1.0, 0.5859462301978571]
     [0.15400568633502615, 1.0, 0.6858607769670676]
     [0.137905315039795, 1.0, 0.8175902188917373]
     [0.14741683267398034, 1.0, 0.734766318280418]
     [0.17737063120189295, 1.0, 0.514362716098074]

Gen: 100
     [0.15889238049811547, 1.0, 0.6041543416814567]
     [0.1496567623429945, 1.0, 0.6403733648852955]
     [0.161211806627199, 1.0, 0.5540656017879445]
     [0.14500855756011335, 1.0, 0.7276671267994479]
     [0.16837116429580165, 1.0, 0.6142772628672846]
     [0.1669168467027674, 1.0, 0.5859462301978571]
     [0.15400568633502615, 1.0, 0.6858607769670676]
     [0.137905315039795, 1.0, 0.8175902188917373]
     [0.14741683267398034, 1.0, 0.734766318280418]
     [0.17737063120189295, 1.0, 0.514362716098074]

Gen: 101
     [0.15889238049811547, 1.0, 0.6041543416814567]
     [0.1496567623429945, 1.0, 0.6403733648852955]
     [0.161211806627199, 1.0, 0.5540656017879445]
     [0.14500855756011335, 1.0, 0.7276671267994479]
     [0.16837116429580165, 1.0, 0.6142772628672846]
     [0.1669168467027674, 1.0, 0.5859462301978571]
     [0.15400568633502615, 1.0, 0.6858607769670676]
     [0.137905315039795, 1.0, 0.8175902188917373]
     [0.14741683267398034, 1.0, 0.734766318280418]
     [0.17737063120189295, 1.0, 0.514362716098074]

Gen: 102
     [0.15889238049811547, 1.0, 0.6041543416814567]
     [0.1496567623429945, 1.0, 0.6403733648852955]
     [0.161211806627199, 1.0, 0.5540656017879445]
     [0.14500855756011335, 1.0, 0.7276671267994479]
     [0.16837116429580165, 1.0, 0.6142772628672846]
     [0.1669168467027674, 1.0, 0.5859462301978571]
     [0.15400568633502615, 1.0, 0.6858607769670676]
     [0.137905315039795, 1.0, 0.8175902188917373]
     [0.14741683267398034, 1.0, 0.734766318280418]
     [0.17737063120189295, 1.0, 0.514362716098074]

Gen: 103
     [0.15889238049811547, 1.0, 0.6041543416814567]
     [0.1496567623429945, 1.0, 0.6403733648852955]
     [0.161211806627199, 1.0, 0.5540656017879445]
     [0.14500855756011335, 1.0, 0.7276671267994479]
     [0.16837116429580165, 1.0, 0.6142772628672846]
     [0.1669168467027674, 1.0, 0.5859462301978571]
     [0.15400568633502615, 1.0, 0.6858607769670676]
     [0.137905315039795, 1.0, 0.8175902188917373]
     [0.14741683267398034, 1.0, 0.734766318280418]
     [0.17737063120189295, 1.0, 0.514362716098074]

Gen: 104
     [0.15889238049811547, 1.0, 0.6041543416814567]
     [0.1496567623429945, 1.0, 0.6403733648852955]
     [0.161211806627199, 1.0, 0.5540656017879445]
     [0.14500855756011335, 1.0, 0.7276671267994479]
     [0.16837116429580165, 1.0, 0.6142772628672846]
     [0.1669168467027674, 1.0, 0.5859462301978571]
     [0.15400568633502615, 1.0, 0.6858607769670676]
     [0.137905315039795, 1.0, 0.8175902188917373]
     [0.14741683267398034, 1.0, 0.734766318280418]
     [0.17737063120189295, 1.0, 0.514362716098074]

Gen: 105
     [0.15889238049811547, 1.0, 0.6041543416814567]
     [0.1496567623429945, 1.0, 0.6403733648852955]
     [0.161211806627199, 1.0, 0.5540656017879445]
     [0.14500855756011335, 1.0, 0.7276671267994479]
     [0.16837116429580165, 1.0, 0.6142772628672846]
     [0.1669168467027674, 1.0, 0.5859462301978571]
     [0.15400568633502615, 1.0, 0.6858607769670676]
     [0.137905315039795, 1.0, 0.8175902188917373]
     [0.14741683267398034, 1.0, 0.734766318280418]
     [0.17737063120189295, 1.0, 0.514362716098074]

Gen: 106
     [0.15889238049811547, 1.0, 0.6041543416814567]
     [0.1496567623429945, 1.0, 0.6403733648852955]
     [0.161211806627199, 1.0, 0.5540656017879445]
     [0.14500855756011335, 1.0, 0.7276671267994479]
     [0.16837116429580165, 1.0, 0.6142772628672846]
     [0.1669168467027674, 1.0, 0.5859462301978571]
     [0.15400568633502615, 1.0, 0.6858607769670676]
     [0.137905315039795, 1.0, 0.8175902188917373]
     [0.14741683267398034, 1.0, 0.734766318280418]
     [0.17737063120189295, 1.0, 0.514362716098074]

Gen: 107
     [0.15889238049811547, 1.0, 0.6041543416814567]
     [0.1496567623429945, 1.0, 0.6403733648852955]
     [0.161211806627199, 1.0, 0.5540656017879445]
     [0.14500855756011335, 1.0, 0.7276671267994479]
     [0.16837116429580165, 1.0, 0.6142772628672846]
     [0.1669168467027674, 1.0, 0.5859462301978571]
     [0.15400568633502615, 1.0, 0.6858607769670676]
     [0.137905315039795, 1.0, 0.8175902188917373]
     [0.14741683267398034, 1.0, 0.734766318280418]
     [0.17737063120189295, 1.0, 0.514362716098074]

Gen: 108
     [0.15889238049811547, 1.0, 0.6041543416814567]
     [0.1496567623429945, 1.0, 0.6403733648852955]
     [0.161211806627199, 1.0, 0.5540656017879445]
     [0.14500855756011335, 1.0, 0.7276671267994479]
     [0.16837116429580165, 1.0, 0.6142772628672846]
     [0.1669168467027674, 1.0, 0.5859462301978571]
     [0.15400568633502615, 1.0, 0.6858607769670676]
     [0.137905315039795, 1.0, 0.8175902188917373]
     [0.14741683267398034, 1.0, 0.734766318280418]
     [0.17737063120189295, 1.0, 0.514362716098074]

Gen: 109
     [0.15889238049811547, 1.0, 0.6041543416814567]
     [0.1496567623429945, 1.0, 0.6403733648852955]
     [0.161211806627199, 1.0, 0.5540656017879445]
     [0.14500855756011335, 1.0, 0.7276671267994479]
     [0.16837116429580165, 1.0, 0.6142772628672846]
     [0.1669168467027674, 1.0, 0.5859462301978571]
     [0.15400568633502615, 1.0, 0.6858607769670676]
     [0.137905315039795, 1.0, 0.8175902188917373]
     [0.14741683267398034, 1.0, 0.734766318280418]
     [0.17737063120189295, 1.0, 0.514362716098074]

Gen: 110
     [0.15889238049811547, 1.0, 0.6041543416814567]
     [0.1496567623429945, 1.0, 0.6403733648852955]
     [0.161211806627199, 1.0, 0.5540656017879445]
     [0.14500855756011335, 1.0, 0.7276671267994479]
     [0.16837116429580165, 1.0, 0.6142772628672846]
     [0.1669168467027674, 1.0, 0.5859462301978571]
     [0.15400568633502615, 1.0, 0.6858607769670676]
     [0.137905315039795, 1.0, 0.8175902188917373]
     [0.14741683267398034, 1.0, 0.734766318280418]
     [0.17737063120189295, 1.0, 0.514362716098074]

Gen: 111
     [0.15889238049811547, 1.0, 0.6041543416814567]
     [0.1496567623429945, 1.0, 0.6403733648852955]
     [0.161211806627199, 1.0, 0.5540656017879445]
     [0.14500855756011335, 1.0, 0.7276671267994479]
     [0.16837116429580165, 1.0, 0.6142772628672846]
     [0.1669168467027674, 1.0, 0.5859462301978571]
     [0.15400568633502615, 1.0, 0.6858607769670676]
     [0.137905315039795, 1.0, 0.8175902188917373]
     [0.14741683267398034, 1.0, 0.734766318280418]
     [0.17737063120189295, 1.0, 0.514362716098074]

Gen: 112
     [0.15889238049811547, 1.0, 0.6041543416814567]
     [0.1496567623429945, 1.0, 0.6403733648852955]
     [0.161211806627199, 1.0, 0.5540656017879445]
     [0.14500855756011335, 1.0, 0.7276671267994479]
     [0.16837116429580165, 1.0, 0.6142772628672846]
     [0.1669168467027674, 1.0, 0.5859462301978571]
     [0.15400568633502615, 1.0, 0.6858607769670676]
     [0.137905315039795, 1.0, 0.8175902188917373]
     [0.14741683267398034, 1.0, 0.734766318280418]
     [0.17737063120189295, 1.0, 0.514362716098074]

Gen: 113
     [0.15889238049811547, 1.0, 0.6041543416814567]
     [0.1496567623429945, 1.0, 0.6403733648852955]
     [0.161211806627199, 1.0, 0.5540656017879445]
     [0.14500855756011335, 1.0, 0.7276671267994479]
     [0.16837116429580165, 1.0, 0.6142772628672846]
     [0.1669168467027674, 1.0, 0.5859462301978571]
     [0.15400568633502615, 1.0, 0.6858607769670676]
     [0.137905315039795, 1.0, 0.8175902188917373]
     [0.14741683267398034, 1.0, 0.734766318280418]
     [0.17737063120189295, 1.0, 0.514362716098074]

Gen: 114
     [0.15889238049811547, 1.0, 0.6041543416814567]
     [0.1496567623429945, 1.0, 0.6403733648852955]
     [0.161211806627199, 1.0, 0.5540656017879445]
     [0.14500855756011335, 1.0, 0.7276671267994479]
     [0.16837116429580165, 1.0, 0.6142772628672846]
     [0.1669168467027674, 1.0, 0.5859462301978571]
     [0.15400568633502615, 1.0, 0.6858607769670676]
     [0.137905315039795, 1.0, 0.8175902188917373]
     [0.14741683267398034, 1.0, 0.734766318280418]
     [0.17737063120189295, 1.0, 0.514362716098074]

Gen: 115
     [0.15889238049811547, 1.0, 0.6041543416814567]
     [0.1496567623429945, 1.0, 0.6403733648852955]
     [0.161211806627199, 1.0, 0.5540656017879445]
     [0.14500855756011335, 1.0, 0.7276671267994479]
     [0.16837116429580165, 1.0, 0.6142772628672846]
     [0.1669168467027674, 1.0, 0.5859462301978571]
     [0.15400568633502615, 1.0, 0.6858607769670676]
     [0.137905315039795, 1.0, 0.8175902188917373]
     [0.14741683267398034, 1.0, 0.734766318280418]
     [0.17737063120189295, 1.0, 0.514362716098074]

Gen: 116
     [0.15889238049811547, 1.0, 0.6041543416814567]
     [0.1496567623429945, 1.0, 0.6403733648852955]
     [0.161211806627199, 1.0, 0.5540656017879445]
     [0.14500855756011335, 1.0, 0.7276671267994479]
     [0.16837116429580165, 1.0, 0.6142772628672846]
     [0.1669168467027674, 1.0, 0.5859462301978571]
     [0.15400568633502615, 1.0, 0.6858607769670676]
     [0.137905315039795, 1.0, 0.8175902188917373]
     [0.14741683267398034, 1.0, 0.734766318280418]
     [0.17737063120189295, 1.0, 0.514362716098074]

Gen: 117
     [0.15889238049811547, 1.0, 0.6041543416814567]
     [0.1496567623429945, 1.0, 0.6403733648852955]
     [0.161211806627199, 1.0, 0.5540656017879445]
     [0.14500855756011335, 1.0, 0.7276671267994479]
     [0.16837116429580165, 1.0, 0.6142772628672846]
     [0.1669168467027674, 1.0, 0.5859462301978571]
     [0.15400568633502615, 1.0, 0.6858607769670676]
     [0.137905315039795, 1.0, 0.8175902188917373]
     [0.14741683267398034, 1.0, 0.734766318280418]
     [0.17737063120189295, 1.0, 0.514362716098074]

Gen: 118
     [0.15889238049811547, 1.0, 0.6041543416814567]
     [0.1496567623429945, 1.0, 0.6403733648852955]
     [0.161211806627199, 1.0, 0.5540656017879445]
     [0.14500855756011335, 1.0, 0.7276671267994479]
     [0.16837116429580165, 1.0, 0.6142772628672846]
     [0.1669168467027674, 1.0, 0.5859462301978571]
     [0.15400568633502615, 1.0, 0.6858607769670676]
     [0.137905315039795, 1.0, 0.8175902188917373]
     [0.14741683267398034, 1.0, 0.734766318280418]
     [0.17737063120189295, 1.0, 0.514362716098074]

Gen: 119
     [0.15889238049811547, 1.0, 0.6041543416814567]
     [0.1496567623429945, 1.0, 0.6403733648852955]
     [0.161211806627199, 1.0, 0.5540656017879445]
     [0.14500855756011335, 1.0, 0.7276671267994479]
     [0.16837116429580165, 1.0, 0.6142772628672846]
     [0.1669168467027674, 1.0, 0.5859462301978571]
     [0.15400568633502615, 1.0, 0.6858607769670676]
     [0.137905315039795, 1.0, 0.8175902188917373]
     [0.14741683267398034, 1.0, 0.734766318280418]
     [0.17737063120189295, 1.0, 0.514362716098074]

Gen: 120
     [0.15889238049811547, 1.0, 0.6041543416814567]
     [0.1496567623429945, 1.0, 0.6403733648852955]
     [0.161211806627199, 1.0, 0.5540656017879445]
     [0.14500855756011335, 1.0, 0.7276671267994479]
     [0.16837116429580165, 1.0, 0.6142772628672846]
     [0.1669168467027674, 1.0, 0.5859462301978571]
     [0.15400568633502615, 1.0, 0.6858607769670676]
     [0.137905315039795, 1.0, 0.8175902188917373]
     [0.14741683267398034, 1.0, 0.734766318280418]
     [0.17737063120189295, 1.0, 0.514362716098074]

Gen: 121
     [0.15889238049811547, 1.0, 0.6041543416814567]
     [0.1496567623429945, 1.0, 0.6403733648852955]
     [0.161211806627199, 1.0, 0.5540656017879445]
     [0.14500855756011335, 1.0, 0.7276671267994479]
     [0.16837116429580165, 1.0, 0.6142772628672846]
     [0.1669168467027674, 1.0, 0.5859462301978571]
     [0.15400568633502615, 1.0, 0.6858607769670676]
     [0.137905315039795, 1.0, 0.8175902188917373]
     [0.14741683267398034, 1.0, 0.734766318280418]
     [0.17737063120189295, 1.0, 0.514362716098074]

Gen: 122
     [0.15889238049811547, 1.0, 0.6041543416814567]
     [0.1496567623429945, 1.0, 0.6403733648852955]
     [0.161211806627199, 1.0, 0.5540656017879445]
     [0.14500855756011335, 1.0, 0.7276671267994479]
     [0.16837116429580165, 1.0, 0.6142772628672846]
     [0.1669168467027674, 1.0, 0.5859462301978571]
     [0.15400568633502615, 1.0, 0.6858607769670676]
     [0.137905315039795, 1.0, 0.8175902188917373]
     [0.14741683267398034, 1.0, 0.734766318280418]
     [0.17737063120189295, 1.0, 0.514362716098074]

Gen: 123
     [0.15889238049811547, 1.0, 0.6041543416814567]
     [0.1496567623429945, 1.0, 0.6403733648852955]
     [0.161211806627199, 1.0, 0.5540656017879445]
     [0.14500855756011335, 1.0, 0.7276671267994479]
     [0.16837116429580165, 1.0, 0.6142772628672846]
     [0.1669168467027674, 1.0, 0.5859462301978571]
     [0.15400568633502615, 1.0, 0.6858607769670676]
     [0.137905315039795, 1.0, 0.8175902188917373]
     [0.14741683267398034, 1.0, 0.734766318280418]
     [0.17737063120189295, 1.0, 0.514362716098074]

Gen: 124
     [0.15889238049811547, 1.0, 0.6041543416814567]
     [0.1496567623429945, 1.0, 0.6403733648852955]
     [0.161211806627199, 1.0, 0.5540656017879445]
     [0.14500855756011335, 1.0, 0.7276671267994479]
     [0.16837116429580165, 1.0, 0.6142772628672846]
     [0.1669168467027674, 1.0, 0.5859462301978571]
     [0.15400568633502615, 1.0, 0.6858607769670676]
     [0.137905315039795, 1.0, 0.8175902188917373]
     [0.14741683267398034, 1.0, 0.734766318280418]
     [0.17737063120189295, 1.0, 0.514362716098074]

Gen: 125
     [0.15889238049811547, 1.0, 0.6041543416814567]
     [0.1496567623429945, 1.0, 0.6403733648852955]
     [0.161211806627199, 1.0, 0.5540656017879445]
     [0.14500855756011335, 1.0, 0.7276671267994479]
     [0.16837116429580165, 1.0, 0.6142772628672846]
     [0.1669168467027674, 1.0, 0.5859462301978571]
     [0.15400568633502615, 1.0, 0.6858607769670676]
     [0.137905315039795, 1.0, 0.8175902188917373]
     [0.14741683267398034, 1.0, 0.734766318280418]
     [0.17737063120189295, 1.0, 0.514362716098074]

Gen: 126
     [0.15889238049811547, 1.0, 0.6041543416814567]
     [0.1496567623429945, 1.0, 0.6403733648852955]
     [0.161211806627199, 1.0, 0.5540656017879445]
     [0.14500855756011335, 1.0, 0.7276671267994479]
     [0.16837116429580165, 1.0, 0.6142772628672846]
     [0.1669168467027674, 1.0, 0.5859462301978571]
     [0.15400568633502615, 1.0, 0.6858607769670676]
     [0.137905315039795, 1.0, 0.8175902188917373]
     [0.14741683267398034, 1.0, 0.734766318280418]
     [0.17737063120189295, 1.0, 0.514362716098074]

Gen: 127
     [0.15889238049811547, 1.0, 0.6041543416814567]
     [0.1496567623429945, 1.0, 0.6403733648852955]
     [0.161211806627199, 1.0, 0.5540656017879445]
     [0.14500855756011335, 1.0, 0.7276671267994479]
     [0.16837116429580165, 1.0, 0.6142772628672846]
     [0.1669168467027674, 1.0, 0.5859462301978571]
     [0.15400568633502615, 1.0, 0.6858607769670676]
     [0.137905315039795, 1.0, 0.8175902188917373]
     [0.14741683267398034, 1.0, 0.734766318280418]
     [0.17737063120189295, 1.0, 0.514362716098074]

Gen: 128
     [0.15889238049811547, 1.0, 0.6041543416814567]
     [0.1496567623429945, 1.0, 0.6403733648852955]
     [0.161211806627199, 1.0, 0.5540656017879445]
     [0.14500855756011335, 1.0, 0.7276671267994479]
     [0.16837116429580165, 1.0, 0.6142772628672846]
     [0.1669168467027674, 1.0, 0.5859462301978571]
     [0.15400568633502615, 1.0, 0.6858607769670676]
     [0.137905315039795, 1.0, 0.8175902188917373]
     [0.14741683267398034, 1.0, 0.734766318280418]
     [0.17737063120189295, 1.0, 0.514362716098074]

Gen: 129
     [0.15889238049811547, 1.0, 0.6041543416814567]
     [0.1496567623429945, 1.0, 0.6403733648852955]
     [0.161211806627199, 1.0, 0.5540656017879445]
     [0.14500855756011335, 1.0, 0.7276671267994479]
     [0.16837116429580165, 1.0, 0.6142772628672846]
     [0.1669168467027674, 1.0, 0.5859462301978571]
     [0.15400568633502615, 1.0, 0.6858607769670676]
     [0.137905315039795, 1.0, 0.8175902188917373]
     [0.14741683267398034, 1.0, 0.734766318280418]
     [0.17737063120189295, 1.0, 0.514362716098074]

Gen: 130
     [0.15889238049811547, 1.0, 0.6041543416814567]
     [0.1496567623429945, 1.0, 0.6403733648852955]
     [0.161211806627199, 1.0, 0.5540656017879445]
     [0.14500855756011335, 1.0, 0.7276671267994479]
     [0.16837116429580165, 1.0, 0.6142772628672846]
     [0.1669168467027674, 1.0, 0.5859462301978571]
     [0.15400568633502615, 1.0, 0.6858607769670676]
     [0.137905315039795, 1.0, 0.8175902188917373]
     [0.14741683267398034, 1.0, 0.734766318280418]
     [0.17737063120189295, 1.0, 0.514362716098074]

Gen: 131
     [0.15889238049811547, 1.0, 0.6041543416814567]
     [0.1496567623429945, 1.0, 0.6403733648852955]
     [0.161211806627199, 1.0, 0.5540656017879445]
     [0.14500855756011335, 1.0, 0.7276671267994479]
     [0.16837116429580165, 1.0, 0.6142772628672846]
     [0.1669168467027674, 1.0, 0.5859462301978571]
     [0.15400568633502615, 1.0, 0.6858607769670676]
     [0.137905315039795, 1.0, 0.8175902188917373]
     [0.14741683267398034, 1.0, 0.734766318280418]
     [0.17737063120189295, 1.0, 0.514362716098074]

Gen: 132
     [0.15889238049811547, 1.0, 0.6041543416814567]
     [0.1496567623429945, 1.0, 0.6403733648852955]
     [0.161211806627199, 1.0, 0.5540656017879445]
     [0.14500855756011335, 1.0, 0.7276671267994479]
     [0.16837116429580165, 1.0, 0.6142772628672846]
     [0.1669168467027674, 1.0, 0.5859462301978571]
     [0.15400568633502615, 1.0, 0.6858607769670676]
     [0.137905315039795, 1.0, 0.8175902188917373]
     [0.14741683267398034, 1.0, 0.734766318280418]
     [0.17737063120189295, 1.0, 0.514362716098074]

Gen: 133
     [0.15889238049811547, 1.0, 0.6041543416814567]
     [0.1496567623429945, 1.0, 0.6403733648852955]
     [0.161211806627199, 1.0, 0.5540656017879445]
     [0.14500855756011335, 1.0, 0.7276671267994479]
     [0.16837116429580165, 1.0, 0.6142772628672846]
     [0.1669168467027674, 1.0, 0.5859462301978571]
     [0.15400568633502615, 1.0, 0.6858607769670676]
     [0.137905315039795, 1.0, 0.8175902188917373]
     [0.14741683267398034, 1.0, 0.734766318280418]
     [0.17737063120189295, 1.0, 0.514362716098074]

Gen: 134
     [0.15889238049811547, 1.0, 0.6041543416814567]
     [0.1496567623429945, 1.0, 0.6403733648852955]
     [0.161211806627199, 1.0, 0.5540656017879445]
     [0.14500855756011335, 1.0, 0.7276671267994479]
     [0.16837116429580165, 1.0, 0.6142772628672846]
     [0.1669168467027674, 1.0, 0.5859462301978571]
     [0.15400568633502615, 1.0, 0.6858607769670676]
     [0.137905315039795, 1.0, 0.8175902188917373]
     [0.14741683267398034, 1.0, 0.734766318280418]
     [0.17737063120189295, 1.0, 0.514362716098074]

Gen: 135
     [0.15889238049811547, 1.0, 0.6041543416814567]
     [0.1496567623429945, 1.0, 0.6403733648852955]
     [0.161211806627199, 1.0, 0.5540656017879445]
     [0.14500855756011335, 1.0, 0.7276671267994479]
     [0.16837116429580165, 1.0, 0.6142772628672846]
     [0.1669168467027674, 1.0, 0.5859462301978571]
     [0.15400568633502615, 1.0, 0.6858607769670676]
     [0.137905315039795, 1.0, 0.8175902188917373]
     [0.14741683267398034, 1.0, 0.734766318280418]
     [0.17737063120189295, 1.0, 0.514362716098074]

