Gen: 1
     [0.10224292410846733, 0.6105900368473943, 0.11329364350201512]
     [0.09641606835578236, 0.6202385509881801, 0.10652554726642412]
     [0.08838040704919005, 0.775416327702541, 0.12444109612534146]
     [0.10397703672936569, 0.6776869885629516, 0.09417147477123222]
     [0.10132468996617813, 0.6983179403742164, 0.10356105986549557]
     [0.10658933127633062, 0.552710915442408, 0.09761983511570076]
     [0.1007921438319587, 0.6911817485763506, 0.10593142479144464]
     [0.09474574259775707, 0.808734507345552, 0.12059461247289699]
     [0.09751824600961254, 0.781631334641336, 0.09965945144733135]
     [0.10660416543048716, 0.5898095420395272, 0.07140494652897725]
     [0.11368302379398326, 0.5387316361200172, 0.08176533999730501]
     [0.10937815225775827, 0.5568921376274106, 0.0882394374823907]
     [0.1215124903577998, 0.48944824615973587, 0.06890901963666654]
     [0.10227110900136474, 0.6188687371393022, 0.10041588573248564]
     [0.13911618109535395, 0.5017346987605876, 0.06285142038146338]
     [0.11579244051504184, 0.5089905249557353, 0.074470496000392]
     [0.09229069008485136, 0.8407725989376466, 0.12189616944127987]
     [0.13868450720939893, 0.4805653921615543, 0.06933164284051793]
     [0.10651367709013232, 0.5667559936833039, 0.10035769847978146]

Gen: 2
     [0.10224292410846733, 0.6105900368473943, 0.11329364350201512]
     [0.09641606835578236, 0.6202385509881801, 0.10652554726642412]
     [0.08838040704919005, 0.775416327702541, 0.12444109612534146]
     [0.10397703672936569, 0.6776869885629516, 0.09417147477123222]
     [0.10132468996617813, 0.6983179403742164, 0.10356105986549557]
     [0.10658933127633062, 0.552710915442408, 0.09761983511570076]
     [0.1007921438319587, 0.6911817485763506, 0.10593142479144464]
     [0.09474574259775707, 0.808734507345552, 0.12059461247289699]
     [0.09751824600961254, 0.781631334641336, 0.09965945144733135]
     [0.10660416543048716, 0.5898095420395272, 0.07140494652897725]
     [0.11368302379398326, 0.5387316361200172, 0.08176533999730501]
     [0.10937815225775827, 0.5568921376274106, 0.0882394374823907]
     [0.1215124903577998, 0.48944824615973587, 0.06890901963666654]
     [0.10227110900136474, 0.6188687371393022, 0.10041588573248564]
     [0.13911618109535395, 0.5017346987605876, 0.06285142038146338]
     [0.11579244051504184, 0.5089905249557353, 0.074470496000392]
     [0.09229069008485136, 0.8407725989376466, 0.12189616944127987]
     [0.13868450720939893, 0.4805653921615543, 0.06933164284051793]
     [0.10651367709013232, 0.5667559936833039, 0.10035769847978146]

Gen: 3
     [0.10502877825906366, 0.744664305881227, 0.0931179792485882]
     [0.08838040704919005, 0.775416327702541, 0.12444109612534146]
     [0.10397703672936569, 0.6776869885629516, 0.09417147477123222]
     [0.09512549694416425, 0.5927346030530698, 0.0966949640464028]
     [0.10658933127633062, 0.552710915442408, 0.09761983511570076]
     [0.09474574259775707, 0.808734507345552, 0.12059461247289699]
     [0.10660416543048716, 0.5898095420395272, 0.07140494652897725]
     [0.11368302379398326, 0.5387316361200172, 0.08176533999730501]
     [0.10937815225775827, 0.5568921376274106, 0.0882394374823907]
     [0.1215124903577998, 0.48944824615973587, 0.06890901963666654]
     [0.13911618109535395, 0.5017346987605876, 0.06285142038146338]
     [0.11579244051504184, 0.5089905249557353, 0.074470496000392]
     [0.09229069008485136, 0.8407725989376466, 0.12189616944127987]
     [0.13868450720939893, 0.4805653921615543, 0.06933164284051793]
     [0.10651367709013232, 0.5667559936833039, 0.10035769847978146]

Gen: 4
     [0.08838040704919005, 0.775416327702541, 0.12444109612534146]
     [0.10397703672936569, 0.6776869885629516, 0.09417147477123222]
     [0.09512549694416425, 0.5927346030530698, 0.0966949640464028]
     [0.10658933127633062, 0.552710915442408, 0.09761983511570076]
     [0.10513261733815937, 0.579126190362253, 0.10653473472737741]
     [0.10458375363436777, 0.6824843278939561, 0.09002180490732914]
     [0.09474574259775707, 0.808734507345552, 0.12059461247289699]
     [0.1283362012698036, 0.46655022251997896, 0.06966545392182083]
     [0.10660416543048716, 0.5898095420395272, 0.07140494652897725]
     [0.11368302379398326, 0.5387316361200172, 0.08176533999730501]
     [0.10937815225775827, 0.5568921376274106, 0.0882394374823907]
     [0.1215124903577998, 0.48944824615973587, 0.06890901963666654]
     [0.13911618109535395, 0.5017346987605876, 0.06285142038146338]
     [0.11579244051504184, 0.5089905249557353, 0.074470496000392]
     [0.09229069008485136, 0.8407725989376466, 0.12189616944127987]
     [0.13868450720939893, 0.4805653921615543, 0.06933164284051793]
     [0.10651367709013232, 0.5667559936833039, 0.10035769847978146]

Gen: 5
     [0.08838040704919005, 0.775416327702541, 0.12444109612534146]
     [0.10397703672936569, 0.6776869885629516, 0.09417147477123222]
     [0.09512549694416425, 0.5927346030530698, 0.0966949640464028]
     [0.10658933127633062, 0.552710915442408, 0.09761983511570076]
     [0.10513261733815937, 0.579126190362253, 0.10653473472737741]
     [0.10458375363436777, 0.6824843278939561, 0.09002180490732914]
     [0.09474574259775707, 0.808734507345552, 0.12059461247289699]
     [0.1283362012698036, 0.46655022251997896, 0.06966545392182083]
     [0.10660416543048716, 0.5898095420395272, 0.07140494652897725]
     [0.11368302379398326, 0.5387316361200172, 0.08176533999730501]
     [0.10937815225775827, 0.5568921376274106, 0.0882394374823907]
     [0.1215124903577998, 0.48944824615973587, 0.06890901963666654]
     [0.10484038450127574, 0.6646468392592239, 0.0929464799774601]
     [0.13911618109535395, 0.5017346987605876, 0.06285142038146338]
     [0.11579244051504184, 0.5089905249557353, 0.074470496000392]
     [0.09229069008485136, 0.8407725989376466, 0.12189616944127987]
     [0.13868450720939893, 0.4805653921615543, 0.06933164284051793]
     [0.10651367709013232, 0.5667559936833039, 0.10035769847978146]

Gen: 6
     [0.1507921438319587, 0.4518651002536249, 0.08566082344150037]
     [0.08838040704919005, 0.775416327702541, 0.12444109612534146]
     [0.09512549694416425, 0.5927346030530698, 0.0966949640464028]
     [0.09474574259775707, 0.808734507345552, 0.12059461247289699]
     [0.1283362012698036, 0.46655022251997896, 0.06966545392182083]
     [0.10660416543048716, 0.5898095420395272, 0.07140494652897725]
     [0.11368302379398326, 0.5387316361200172, 0.08176533999730501]
     [0.1215124903577998, 0.48944824615973587, 0.06890901963666654]
     [0.10221177238473862, 0.47564841843326794, 0.08642338270062352]
     [0.13911618109535395, 0.5017346987605876, 0.06285142038146338]
     [0.11579244051504184, 0.5089905249557353, 0.074470496000392]
     [0.09229069008485136, 0.8407725989376466, 0.12189616944127987]
     [0.13868450720939893, 0.4805653921615543, 0.06933164284051793]

Gen: 7
     [0.1507921438319587, 0.4518651002536249, 0.08566082344150037]
     [0.11410579718744437, 0.5869323347848974, 0.07912241372974164]
     [0.08838040704919005, 0.775416327702541, 0.12444109612534146]
     [0.09512549694416425, 0.5927346030530698, 0.0966949640464028]
     [0.09474574259775707, 0.808734507345552, 0.12059461247289699]
     [0.1283362012698036, 0.46655022251997896, 0.06966545392182083]
     [0.10660416543048716, 0.5898095420395272, 0.07140494652897725]
     [0.11368302379398326, 0.5387316361200172, 0.08176533999730501]
     [0.1215124903577998, 0.48944824615973587, 0.06890901963666654]
     [0.10221177238473862, 0.47564841843326794, 0.08642338270062352]
     [0.13911618109535395, 0.5017346987605876, 0.06285142038146338]
     [0.11579244051504184, 0.5089905249557353, 0.074470496000392]
     [0.09229069008485136, 0.8407725989376466, 0.12189616944127987]
     [0.13868450720939893, 0.4805653921615543, 0.06933164284051793]

Gen: 8
     [0.1507921438319587, 0.4518651002536249, 0.08566082344150037]
     [0.11410579718744437, 0.5869323347848974, 0.07912241372974164]
     [0.10116003085504065, 0.5660501507393406, 0.08883662244435461]
     [0.09917225419806562, 0.6331052304158492, 0.09308429189175946]
     [0.08838040704919005, 0.775416327702541, 0.12444109612534146]
     [0.09512549694416425, 0.5927346030530698, 0.0966949640464028]
     [0.09474574259775707, 0.808734507345552, 0.12059461247289699]
     [0.1283362012698036, 0.46655022251997896, 0.06966545392182083]
     [0.11775054886370379, 0.5012920514906446, 0.08251258682150601]
     [0.10660416543048716, 0.5898095420395272, 0.07140494652897725]
     [0.11368302379398326, 0.5387316361200172, 0.08176533999730501]
     [0.1215124903577998, 0.48944824615973587, 0.06890901963666654]
     [0.10221177238473862, 0.47564841843326794, 0.08642338270062352]
     [0.13911618109535395, 0.5017346987605876, 0.06285142038146338]
     [0.11579244051504184, 0.5089905249557353, 0.074470496000392]
     [0.09229069008485136, 0.8407725989376466, 0.12189616944127987]
     [0.13868450720939893, 0.4805653921615543, 0.06933164284051793]

Gen: 9
     [0.1507921438319587, 0.4518651002536249, 0.08566082344150037]
     [0.11410579718744437, 0.5869323347848974, 0.07912241372974164]
     [0.10116003085504065, 0.5660501507393406, 0.08883662244435461]
     [0.12060909036966712, 0.49522060582858785, 0.08084353141499148]
     [0.09917225419806562, 0.6331052304158492, 0.09308429189175946]
     [0.121310745861271, 0.4622433842178303, 0.06646821751007559]
     [0.08838040704919005, 0.775416327702541, 0.12444109612534146]
     [0.09512549694416425, 0.5927346030530698, 0.0966949640464028]
     [0.09474574259775707, 0.808734507345552, 0.12059461247289699]
     [0.11775054886370379, 0.5012920514906446, 0.08251258682150601]
     [0.10660416543048716, 0.5898095420395272, 0.07140494652897725]
     [0.11368302379398326, 0.5387316361200172, 0.08176533999730501]
     [0.10221177238473862, 0.47564841843326794, 0.08642338270062352]
     [0.13911618109535395, 0.5017346987605876, 0.06285142038146338]
     [0.11579244051504184, 0.5089905249557353, 0.074470496000392]
     [0.09229069008485136, 0.8407725989376466, 0.12189616944127987]

Gen: 10
     [0.1507921438319587, 0.4518651002536249, 0.08566082344150037]
     [0.11410579718744437, 0.5869323347848974, 0.07912241372974164]
     [0.10116003085504065, 0.5660501507393406, 0.08883662244435461]
     [0.12060909036966712, 0.49522060582858785, 0.08084353141499148]
     [0.09917225419806562, 0.6331052304158492, 0.09308429189175946]
     [0.121310745861271, 0.4622433842178303, 0.06646821751007559]
     [0.08838040704919005, 0.775416327702541, 0.12444109612534146]
     [0.09512549694416425, 0.5927346030530698, 0.0966949640464028]
     [0.11083783302676081, 0.5412918122218501, 0.08139784155917337]
     [0.09474574259775707, 0.808734507345552, 0.12059461247289699]
     [0.11775054886370379, 0.5012920514906446, 0.08251258682150601]
     [0.10660416543048716, 0.5898095420395272, 0.07140494652897725]
     [0.11368302379398326, 0.5387316361200172, 0.08176533999730501]
     [0.10221177238473862, 0.47564841843326794, 0.08642338270062352]
     [0.13911618109535395, 0.5017346987605876, 0.06285142038146338]
     [0.11579244051504184, 0.5089905249557353, 0.074470496000392]
     [0.09229069008485136, 0.8407725989376466, 0.12189616944127987]

Gen: 11
     [0.1507921438319587, 0.4518651002536249, 0.08566082344150037]
     [0.11410579718744437, 0.5869323347848974, 0.07912241372974164]
     [0.10116003085504065, 0.5660501507393406, 0.08883662244435461]
     [0.12060909036966712, 0.49522060582858785, 0.08084353141499148]
     [0.09917225419806562, 0.6331052304158492, 0.09308429189175946]
     [0.121310745861271, 0.4622433842178303, 0.06646821751007559]
     [0.08838040704919005, 0.775416327702541, 0.12444109612534146]
     [0.09512549694416425, 0.5927346030530698, 0.0966949640464028]
     [0.11083783302676081, 0.5412918122218501, 0.08139784155917337]
     [0.09474574259775707, 0.808734507345552, 0.12059461247289699]
     [0.11775054886370379, 0.5012920514906446, 0.08251258682150601]
     [0.10660416543048716, 0.5898095420395272, 0.07140494652897725]
     [0.11368302379398326, 0.5387316361200172, 0.08176533999730501]
     [0.10221177238473862, 0.47564841843326794, 0.08642338270062352]
     [0.13911618109535395, 0.5017346987605876, 0.06285142038146338]
     [0.11579244051504184, 0.5089905249557353, 0.074470496000392]
     [0.09229069008485136, 0.8407725989376466, 0.12189616944127987]

Gen: 12
     [0.1507921438319587, 0.4518651002536249, 0.08566082344150037]
     [0.11410579718744437, 0.5869323347848974, 0.07912241372974164]
     [0.10116003085504065, 0.5660501507393406, 0.08883662244435461]
     [0.12060909036966712, 0.49522060582858785, 0.08084353141499148]
     [0.09917225419806562, 0.6331052304158492, 0.09308429189175946]
     [0.121310745861271, 0.4622433842178303, 0.06646821751007559]
     [0.08838040704919005, 0.775416327702541, 0.12444109612534146]
     [0.09512549694416425, 0.5927346030530698, 0.0966949640464028]
     [0.11083783302676081, 0.5412918122218501, 0.08139784155917337]
     [0.11775054886370379, 0.5012920514906446, 0.08251258682150601]
     [0.10660416543048716, 0.5898095420395272, 0.07140494652897725]
     [0.11368302379398326, 0.5387316361200172, 0.08176533999730501]
     [0.0938987123954192, 0.7363257883906781, 0.11749843813163795]
     [0.10221177238473862, 0.47564841843326794, 0.08642338270062352]
     [0.13911618109535395, 0.5017346987605876, 0.06285142038146338]
     [0.11579244051504184, 0.5089905249557353, 0.074470496000392]
     [0.09229069008485136, 0.8407725989376466, 0.12189616944127987]

Gen: 13
     [0.1507921438319587, 0.4518651002536249, 0.08566082344150037]
     [0.11410579718744437, 0.5869323347848974, 0.07912241372974164]
     [0.10116003085504065, 0.5660501507393406, 0.08883662244435461]
     [0.12060909036966712, 0.49522060582858785, 0.08084353141499148]
     [0.09917225419806562, 0.6331052304158492, 0.09308429189175946]
     [0.10785616804129829, 0.5710269416662679, 0.08073021939656756]
     [0.121310745861271, 0.4622433842178303, 0.06646821751007559]
     [0.08838040704919005, 0.775416327702541, 0.12444109612534146]
     [0.09512549694416425, 0.5927346030530698, 0.0966949640464028]
     [0.11083783302676081, 0.5412918122218501, 0.08139784155917337]
     [0.09826588737910165, 0.7227233574197253, 0.08354770742224346]
     [0.11775054886370379, 0.5012920514906446, 0.08251258682150601]
     [0.10660416543048716, 0.5898095420395272, 0.07140494652897725]
     [0.11368302379398326, 0.5387316361200172, 0.08176533999730501]
     [0.0938987123954192, 0.7363257883906781, 0.11749843813163795]
     [0.10221177238473862, 0.47564841843326794, 0.08642338270062352]
     [0.13911618109535395, 0.5017346987605876, 0.06285142038146338]
     [0.11579244051504184, 0.5089905249557353, 0.074470496000392]
     [0.09229069008485136, 0.8407725989376466, 0.12189616944127987]

Gen: 14
     [0.11410579718744437, 0.5869323347848974, 0.07912241372974164]
     [0.10116003085504065, 0.5660501507393406, 0.08883662244435461]
     [0.09917225419806562, 0.6331052304158492, 0.09308429189175946]
     [0.10785616804129829, 0.5710269416662679, 0.08073021939656756]
     [0.08838040704919005, 0.775416327702541, 0.12444109612534146]
     [0.09512549694416425, 0.5927346030530698, 0.0966949640464028]
     [0.11083783302676081, 0.5412918122218501, 0.08139784155917337]
     [0.09826588737910165, 0.7227233574197253, 0.08354770742224346]
     [0.11815552127217706, 0.42245896540173233, 0.06330466845515907]
     [0.11775054886370379, 0.5012920514906446, 0.08251258682150601]
     [0.10660416543048716, 0.5898095420395272, 0.07140494652897725]
     [0.11368302379398326, 0.5387316361200172, 0.08176533999730501]
     [0.0938987123954192, 0.7363257883906781, 0.11749843813163795]
     [0.10221177238473862, 0.47564841843326794, 0.08642338270062352]
     [0.13911618109535395, 0.5017346987605876, 0.06285142038146338]
     [0.11579244051504184, 0.5089905249557353, 0.074470496000392]
     [0.09229069008485136, 0.8407725989376466, 0.12189616944127987]

Gen: 15
     [0.11410579718744437, 0.5869323347848974, 0.07912241372974164]
     [0.10116003085504065, 0.5660501507393406, 0.08883662244435461]
     [0.09917225419806562, 0.6331052304158492, 0.09308429189175946]
     [0.10785616804129829, 0.5710269416662679, 0.08073021939656756]
     [0.08838040704919005, 0.775416327702541, 0.12444109612534146]
     [0.09512549694416425, 0.5927346030530698, 0.0966949640464028]
     [0.11083783302676081, 0.5412918122218501, 0.08139784155917337]
     [0.09826588737910165, 0.7227233574197253, 0.08354770742224346]
     [0.11815552127217706, 0.42245896540173233, 0.06330466845515907]
     [0.11775054886370379, 0.5012920514906446, 0.08251258682150601]
     [0.10660416543048716, 0.5898095420395272, 0.07140494652897725]
     [0.11368302379398326, 0.5387316361200172, 0.08176533999730501]
     [0.0938987123954192, 0.7363257883906781, 0.11749843813163795]
     [0.10221177238473862, 0.47564841843326794, 0.08642338270062352]
     [0.13911618109535395, 0.5017346987605876, 0.06285142038146338]
     [0.11579244051504184, 0.5089905249557353, 0.074470496000392]
     [0.09229069008485136, 0.8407725989376466, 0.12189616944127987]

Gen: 16
     [0.11410579718744437, 0.5869323347848974, 0.07912241372974164]
     [0.10116003085504065, 0.5660501507393406, 0.08883662244435461]
     [0.09917225419806562, 0.6331052304158492, 0.09308429189175946]
     [0.10785616804129829, 0.5710269416662679, 0.08073021939656756]
     [0.08838040704919005, 0.775416327702541, 0.12444109612534146]
     [0.09512549694416425, 0.5927346030530698, 0.0966949640464028]
     [0.11083783302676081, 0.5412918122218501, 0.08139784155917337]
     [0.09826588737910165, 0.7227233574197253, 0.08354770742224346]
     [0.11815552127217706, 0.42245896540173233, 0.06330466845515907]
     [0.11775054886370379, 0.5012920514906446, 0.08251258682150601]
     [0.10660416543048716, 0.5898095420395272, 0.07140494652897725]
     [0.11368302379398326, 0.5387316361200172, 0.08176533999730501]
     [0.0938987123954192, 0.7363257883906781, 0.11749843813163795]
     [0.10221177238473862, 0.47564841843326794, 0.08642338270062352]
     [0.13911618109535395, 0.5017346987605876, 0.06285142038146338]
     [0.11579244051504184, 0.5089905249557353, 0.074470496000392]
     [0.09229069008485136, 0.8407725989376466, 0.12189616944127987]

Gen: 17
     [0.11410579718744437, 0.5869323347848974, 0.07912241372974164]
     [0.10116003085504065, 0.5660501507393406, 0.08883662244435461]
     [0.09917225419806562, 0.6331052304158492, 0.09308429189175946]
     [0.10785616804129829, 0.5710269416662679, 0.08073021939656756]
     [0.08838040704919005, 0.775416327702541, 0.12444109612534146]
     [0.09512549694416425, 0.5927346030530698, 0.0966949640464028]
     [0.10020916157360707, 0.5644590132554912, 0.10433586907255644]
     [0.11083783302676081, 0.5412918122218501, 0.08139784155917337]
     [0.09826588737910165, 0.7227233574197253, 0.08354770742224346]
     [0.11815552127217706, 0.42245896540173233, 0.06330466845515907]
     [0.1019506912715837, 0.7053763698138489, 0.08600994695772543]
     [0.11775054886370379, 0.5012920514906446, 0.08251258682150601]
     [0.10660416543048716, 0.5898095420395272, 0.07140494652897725]
     [0.11368302379398326, 0.5387316361200172, 0.08176533999730501]
     [0.0938987123954192, 0.7363257883906781, 0.11749843813163795]
     [0.10221177238473862, 0.47564841843326794, 0.08642338270062352]
     [0.13911618109535395, 0.5017346987605876, 0.06285142038146338]
     [0.11579244051504184, 0.5089905249557353, 0.074470496000392]
     [0.09229069008485136, 0.8407725989376466, 0.12189616944127987]

