Gen: 1
     [0.1584055305128257, 0.655998052440893, 0.10884173590651793]
     [0.16698186816518767, 0.6651057553235669, 0.10826574861796154]
     [0.15037011582543308, 0.7620111411837149, 0.0971895792644576]
     [0.1288310323219664, 0.8260944279761138, 0.1367605680426363]
     [0.13697115481797417, 0.7046440692529106, 0.1386275613227846]
     [0.16933718744314852, 0.6707336283312569, 0.10019530603462544]
     [0.13317782134988174, 0.805616416777649, 0.1310271773312589]
     [0.1396664712659942, 0.805616416777649, 0.13096097189579264]
     [0.14975278445958237, 0.655998052440893, 0.1226389486576848]
     [0.14240342827110833, 0.7089974366685283, 0.11037770200933497]
     [0.14063673667401103, 0.746201543726998, 0.13119931146347116]
     [0.13099512845909725, 0.7870000429608627, 0.14287132973617134]
     [0.14220492813971822, 0.7157852529678796, 0.10958985732728657]

Gen: 2
     [0.1584055305128257, 0.655998052440893, 0.10884173590651793]
     [0.16698186816518767, 0.6651057553235669, 0.10826574861796154]
     [0.13070970871823898, 0.8194498145522762, 0.15211360852726008]
     [0.15037011582543308, 0.7620111411837149, 0.0971895792644576]
     [0.1288310323219664, 0.8260944279761138, 0.1367605680426363]
     [0.13697115481797417, 0.7046440692529106, 0.1386275613227846]
     [0.16933718744314852, 0.6707336283312569, 0.10019530603462544]
     [0.13317782134988174, 0.805616416777649, 0.1310271773312589]
     [0.1396664712659942, 0.805616416777649, 0.13096097189579264]
     [0.14975278445958237, 0.655998052440893, 0.1226389486576848]
     [0.14240342827110833, 0.7089974366685283, 0.11037770200933497]
     [0.16436983283135576, 0.6876172473543268, 0.10611407196530835]
     [0.14063673667401103, 0.746201543726998, 0.13119931146347116]
     [0.13099512845909725, 0.7870000429608627, 0.14287132973617134]
     [0.14220492813971822, 0.7157852529678796, 0.10958985732728657]

Gen: 3
     [0.1584055305128257, 0.655998052440893, 0.10884173590651793]
     [0.16698186816518767, 0.6651057553235669, 0.10826574861796154]
     [0.13070970871823898, 0.8194498145522762, 0.15211360852726008]
     [0.15037011582543308, 0.7620111411837149, 0.0971895792644576]
     [0.1288310323219664, 0.8260944279761138, 0.1367605680426363]
     [0.13697115481797417, 0.7046440692529106, 0.1386275613227846]
     [0.16933718744314852, 0.6707336283312569, 0.10019530603462544]
     [0.13317782134988174, 0.805616416777649, 0.1310271773312589]
     [0.14211073153968992, 0.7767467170740788, 0.1217981396272634]
     [0.12791130157061714, 0.8285002362847446, 0.134946539110861]
     [0.1396664712659942, 0.805616416777649, 0.13096097189579264]
     [0.14975278445958237, 0.655998052440893, 0.1226389486576848]
     [0.14240342827110833, 0.7089974366685283, 0.11037770200933497]
     [0.16436983283135576, 0.6876172473543268, 0.10611407196530835]
     [0.14063673667401103, 0.746201543726998, 0.13119931146347116]
     [0.13099512845909725, 0.7870000429608627, 0.14287132973617134]
     [0.14220492813971822, 0.7157852529678796, 0.10958985732728657]

Gen: 4
     [0.139384690020416, 0.804012544571895, 0.12315535105432156]
     [0.1584055305128257, 0.655998052440893, 0.10884173590651793]
     [0.16698186816518767, 0.6651057553235669, 0.10826574861796154]
     [0.13070970871823898, 0.8194498145522762, 0.15211360852726008]
     [0.15037011582543308, 0.7620111411837149, 0.0971895792644576]
     [0.1288310323219664, 0.8260944279761138, 0.1367605680426363]
     [0.13697115481797417, 0.7046440692529106, 0.1386275613227846]
     [0.16933718744314852, 0.6707336283312569, 0.10019530603462544]
     [0.13317782134988174, 0.805616416777649, 0.1310271773312589]
     [0.14211073153968992, 0.7767467170740788, 0.1217981396272634]
     [0.12791130157061714, 0.8285002362847446, 0.134946539110861]
     [0.14154272199874673, 0.7298764159184317, 0.13085504319904664]
     [0.1392003395928928, 0.9168134496140683, 0.12769704392730644]
     [0.14975278445958237, 0.655998052440893, 0.1226389486576848]
     [0.15463321946190697, 0.6626999470149361, 0.11777284915091529]
     [0.14240342827110833, 0.7089974366685283, 0.11037770200933497]
     [0.16436983283135576, 0.6876172473543268, 0.10611407196530835]
     [0.14063673667401103, 0.746201543726998, 0.13119931146347116]
     [0.13099512845909725, 0.7870000429608627, 0.14287132973617134]
     [0.14220492813971822, 0.7157852529678796, 0.10958985732728657]

Gen: 5
     [0.1584055305128257, 0.655998052440893, 0.10884173590651793]
     [0.16698186816518767, 0.6651057553235669, 0.10826574861796154]
     [0.13070970871823898, 0.8194498145522762, 0.15211360852726008]
     [0.15037011582543308, 0.7620111411837149, 0.0971895792644576]
     [0.1288310323219664, 0.8260944279761138, 0.1367605680426363]
     [0.13697115481797417, 0.7046440692529106, 0.1386275613227846]
     [0.16933718744314852, 0.6707336283312569, 0.10019530603462544]
     [0.13842291443471932, 0.7132935229339405, 0.126379555761528]
     [0.13317782134988174, 0.805616416777649, 0.1310271773312589]
     [0.14211073153968992, 0.7767467170740788, 0.1217981396272634]
     [0.12791130157061714, 0.8285002362847446, 0.134946539110861]
     [0.14975278445958237, 0.655998052440893, 0.1226389486576848]
     [0.15463321946190697, 0.6626999470149361, 0.11777284915091529]
     [0.13896909300398214, 0.784980882416119, 0.10709391241020888]
     [0.14240342827110833, 0.7089974366685283, 0.11037770200933497]
     [0.16436983283135576, 0.6876172473543268, 0.10611407196530835]
     [0.13099512845909725, 0.7870000429608627, 0.14287132973617134]
     [0.13501889996159366, 0.746201543726998, 0.13269555430500843]
     [0.14220492813971822, 0.7157852529678796, 0.10958985732728657]

Gen: 6
     [0.1584055305128257, 0.655998052440893, 0.10884173590651793]
     [0.16698186816518767, 0.6651057553235669, 0.10826574861796154]
     [0.16933718744314852, 0.6707336283312569, 0.10019530603462544]
     [0.12574194982919287, 0.7038134925749309, 0.08690125459300209]
     [0.14975278445958237, 0.655998052440893, 0.1226389486576848]
     [0.15463321946190697, 0.6626999470149361, 0.11777284915091529]
     [0.16436983283135576, 0.6876172473543268, 0.10611407196530835]

Gen: 7
     [0.1584055305128257, 0.655998052440893, 0.10884173590651793]
     [0.16698186816518767, 0.6651057553235669, 0.10826574861796154]
     [0.12460350508378647, 0.9092809783620455, 0.1648647753980602]
     [0.16933718744314852, 0.6707336283312569, 0.10019530603462544]
     [0.12574194982919287, 0.7038134925749309, 0.08690125459300209]
     [0.14975278445958237, 0.655998052440893, 0.1226389486576848]
     [0.15463321946190697, 0.6626999470149361, 0.11777284915091529]
     [0.16436983283135576, 0.6876172473543268, 0.10611407196530835]

Gen: 8
     [0.1584055305128257, 0.655998052440893, 0.10884173590651793]
     [0.16698186816518767, 0.6651057553235669, 0.10826574861796154]
     [0.12460350508378647, 0.9092809783620455, 0.1648647753980602]
     [0.16933718744314852, 0.6707336283312569, 0.10019530603462544]
     [0.12574194982919287, 0.7038134925749309, 0.08690125459300209]
     [0.14975278445958237, 0.655998052440893, 0.1226389486576848]
     [0.15463321946190697, 0.6626999470149361, 0.11777284915091529]
     [0.16436983283135576, 0.6876172473543268, 0.10611407196530835]

Gen: 9
     [0.1584055305128257, 0.655998052440893, 0.10884173590651793]
     [0.16698186816518767, 0.6651057553235669, 0.10826574861796154]
     [0.1462254654241879, 0.6875599662041214, 0.14279850375715847]
     [0.12460350508378647, 0.9092809783620455, 0.1648647753980602]
     [0.16933718744314852, 0.6707336283312569, 0.10019530603462544]
     [0.12574194982919287, 0.7038134925749309, 0.08690125459300209]
     [0.14975278445958237, 0.655998052440893, 0.1226389486576848]
     [0.15463321946190697, 0.6626999470149361, 0.11777284915091529]
     [0.16436983283135576, 0.6876172473543268, 0.10611407196530835]

Gen: 10
     [0.1584055305128257, 0.655998052440893, 0.10884173590651793]
     [0.16698186816518767, 0.6651057553235669, 0.10826574861796154]
     [0.1462254654241879, 0.6875599662041214, 0.14279850375715847]
     [0.12460350508378647, 0.9092809783620455, 0.1648647753980602]
     [0.16933718744314852, 0.6707336283312569, 0.10019530603462544]
     [0.12574194982919287, 0.7038134925749309, 0.08690125459300209]
     [0.14975278445958237, 0.655998052440893, 0.1226389486576848]
     [0.15463321946190697, 0.6626999470149361, 0.11777284915091529]
     [0.16436983283135576, 0.6876172473543268, 0.10611407196530835]

Gen: 11
     [0.1584055305128257, 0.655998052440893, 0.10884173590651793]
     [0.16698186816518767, 0.6651057553235669, 0.10826574861796154]
     [0.1462254654241879, 0.6875599662041214, 0.14279850375715847]
     [0.12460350508378647, 0.9092809783620455, 0.1648647753980602]
     [0.16933718744314852, 0.6707336283312569, 0.10019530603462544]
     [0.12574194982919287, 0.7038134925749309, 0.08690125459300209]
     [0.14679509207414446, 0.6979994558290731, 0.12342017279618657]
     [0.14975278445958237, 0.655998052440893, 0.1226389486576848]
     [0.15463321946190697, 0.6626999470149361, 0.11777284915091529]
     [0.14603262517434457, 0.6900516962380605, 0.1324241120195968]
     [0.16436983283135576, 0.6876172473543268, 0.10611407196530835]

Gen: 12
     [0.1584055305128257, 0.655998052440893, 0.10884173590651793]
     [0.16698186816518767, 0.6651057553235669, 0.10826574861796154]
     [0.1462254654241879, 0.6875599662041214, 0.14279850375715847]
     [0.12460350508378647, 0.9092809783620455, 0.1648647753980602]
     [0.16933718744314852, 0.6707336283312569, 0.10019530603462544]
     [0.12574194982919287, 0.7038134925749309, 0.08690125459300209]
     [0.14679509207414446, 0.6979994558290731, 0.12342017279618657]
     [0.14975278445958237, 0.655998052440893, 0.1226389486576848]
     [0.15463321946190697, 0.6626999470149361, 0.11777284915091529]
     [0.14603262517434457, 0.6900516962380605, 0.1324241120195968]
     [0.16436983283135576, 0.6876172473543268, 0.10611407196530835]

