Gen: 2
     [0.19567787181626733, 0.686388664819556, 0.32583682008368203]
     [0.18840644494774902, 0.686388664819556, 0.35561584728033474]
     [0.16444649739738545, 0.686388664819556, 0.44080151673640167]
     [0.180394961656137, 0.686388664819556, 0.3584597280334728]
     [0.16086045217944134, 0.686388664819556, 0.46129707112970714]
     [0.17587018714983907, 0.686388664819556, 0.38483917364016734]
     [0.16113859419080542, 0.686388664819556, 0.38140690376569036]
     [0.1849023522867247, 0.686388664819556, 0.32622907949790797]
     [0.17808042277585728, 0.686388664819556, 0.36470319037656906]
     [0.1817260698533794, 0.5600953950829446, 0.2874280857740586]

