Gen: 2
     [0.10878140326945884, 0.7342703507213674, 0.07877016516228154]
     [0.1081905895538922, 0.7458410351201479, 0.07946634338390628]
     [0.10760955032994339, 0.5856878795880645, 0.058307926829268296]
     [0.1056503077878805, 0.7389454353409991, 0.06951279527559055]
     [0.1035911482203909, 0.5594557937441487, 0.06159076723641252]
     [0.10348037064872215, 0.5706663946035481, 0.055016084117534086]
     [0.10336090464005977, 0.6902501380320234, 0.06461254081044747]
     [0.10273859534039124, 0.6415188323691097, 0.06641600249663913]
     [0.10244318848260792, 0.7946443574909379, 0.08493674380641444]
     [0.10093683071883783, 0.6519912619727777, 0.060657528327251777]

Gen: 3
     [0.1035911482203909, 0.5594557937441487, 0.06159076723641252]
     [0.10352272677906608, 0.6521052884269151, 0.0664039994238525]
     [0.10348037064872215, 0.5706663946035481, 0.055016084117534086]
     [0.10336090464005977, 0.6902501380320234, 0.06461254081044747]
     [0.10297535524846757, 0.6830724728136928, 0.07198842903783369]
     [0.10273859534039124, 0.6415188323691097, 0.06641600249663913]
     [0.10273859534039124, 0.6415188323691097, 0.06641600249663913]
     [0.10244318848260792, 0.7946443574909379, 0.08493674380641444]
     [0.10094117493733465, 0.6872254363012219, 0.06542274822354523]
     [0.10093683071883783, 0.6519912619727777, 0.060657528327251777]

Gen: 4
     [0.10297535524846757, 0.6830724728136928, 0.07198842903783369]
     [0.10273859534039124, 0.6415188323691097, 0.06641600249663913]
     [0.10273859534039124, 0.6415188323691097, 0.06641600249663913]
     [0.10273859534039124, 0.6415188323691097, 0.06641600249663913]
     [0.10247033984821301, 0.79275992030151, 0.0848677261378913]
     [0.10244318848260792, 0.7946443574909379, 0.08493674380641444]
     [0.10177635094334704, 0.8198622080322635, 0.07973341175340887]
     [0.10094117493733465, 0.6872254363012219, 0.06542274822354523]
     [0.10093683071883783, 0.6519912619727777, 0.060657528327251777]
     [0.10037099625962788, 0.6812840579014331, 0.06690212694449779]

Gen: 5
     [0.10273859534039124, 0.6415188323691097, 0.06641600249663913]
     [0.10247033984821301, 0.79275992030151, 0.0848677261378913]
     [0.10244318848260792, 0.7946443574909379, 0.08367041962742462]
     [0.10244318848260792, 0.7946443574909379, 0.08493674380641444]
     [0.10177635094334704, 0.8198622080322635, 0.07973341175340887]
     [0.10171227372051905, 0.6481143625321074, 0.06687211926253121]
     [0.10094117493733465, 0.6872254363012219, 0.06542274822354523]
     [0.10094117493733465, 0.6872254363012219, 0.06542274822354523]
     [0.10093683071883783, 0.6519912619727777, 0.060657528327251777]
     [0.10037099625962788, 0.6812840579014331, 0.06690212694449779]

Gen: 6
     [0.10242363949937226, 0.7726252490577814, 0.0739539322066449]
     [0.10177635094334704, 0.8198622080322635, 0.07973341175340887]
     [0.10177635094334704, 0.8198622080322635, 0.07973341175340887]
     [0.10171227372051905, 0.6481143625321074, 0.06687211926253121]
     [0.10094117493733465, 0.6872254363012219, 0.06542274822354523]
     [0.10094117493733465, 0.6872254363012219, 0.06542274822354523]
     [0.10093683071883783, 0.6519912619727777, 0.060657528327251777]
     [0.10093683071883783, 0.6519912619727777, 0.060657528327251777]
     [0.10037099625962788, 0.6812840579014331, 0.06690212694449779]
     [0.09899170688688959, 0.7983412151619176, 0.07580840695217976]

Gen: 7
     [0.10094117493733465, 0.6872254363012219, 0.06542274822354523]
     [0.10093683071883783, 0.6519912619727777, 0.060657528327251777]
     [0.10093683071883783, 0.6519912619727777, 0.060657528327251777]
     [0.10093683071883783, 0.6519912619727777, 0.060657528327251777]
     [0.10037099625962788, 0.6812840579014331, 0.06690212694449779]
     [0.10037099625962788, 0.6812840579014331, 0.06690212694449779]
     [0.10000173768739873, 0.7878327772043114, 0.07120822930670252]
     [0.09982579683827777, 0.6300261660705284, 0.05715863260994815]
     [0.09899170688688959, 0.7983412151619176, 0.07580840695217976]
     [0.09899170688688959, 0.7983412151619176, 0.07580840695217976]

Gen: 8
     [0.10037099625962788, 0.6812840579014331, 0.06690212694449779]
     [0.10000173768739873, 0.7878327772043114, 0.07120822930670252]
     [0.10000173768739873, 0.7878327772043114, 0.07120822930670252]
     [0.09982579683827777, 0.6843147610245577, 0.06293511138851546]
     [0.09982579683827777, 0.6300261660705284, 0.05715863260994815]
     [0.09899170688688959, 0.7983412151619176, 0.07580840695217976]
     [0.09899170688688959, 0.7983412151619176, 0.07580840695217976]
     [0.09899170688688959, 0.7983412151619176, 0.07580840695217976]
     [0.09826405028867331, 0.7878327772043114, 0.07136426925292876]
     [0.09691734255466113, 0.7377811652303334, 0.07736580564624544]

Gen: 9
     [0.09982579683827777, 0.6843147610245577, 0.06293511138851546]
     [0.09982579683827777, 0.6843147610245577, 0.06293511138851546]
     [0.09982579683827777, 0.7154259788270879, 0.06732823602842328]
     [0.09982579683827777, 0.6300261660705284, 0.05715863260994815]
     [0.09899170688688959, 0.7983412151619176, 0.07580840695217976]
     [0.09899170688688959, 0.7983412151619176, 0.07580840695217976]
     [0.09899170688688959, 0.7983412151619176, 0.07580840695217976]
     [0.09826405028867331, 0.7878327772043114, 0.07136426925292876]
     [0.09738108787919597, 0.7983412151619176, 0.07557734780103706]
     [0.09691734255466113, 0.7377811652303334, 0.07736580564624544]

Gen: 10
     [0.09982579683827777, 0.7154259788270879, 0.06732823602842328]
     [0.09982579683827777, 0.6300261660705284, 0.05715863260994815]
     [0.09982579683827777, 0.6300261660705284, 0.05715863260994815]
     [0.09936639573223975, 0.7878327772043114, 0.07170035529095449]
     [0.09899170688688959, 0.7983412151619176, 0.07580840695217976]
     [0.09899170688688959, 0.7983412151619176, 0.07580840695217976]
     [0.09899170688688959, 0.7983412151619176, 0.07580840695217976]
     [0.09826405028867331, 0.7878327772043114, 0.07136426925292876]
     [0.09738108787919597, 0.7983412151619176, 0.07557734780103706]
     [0.09691734255466113, 0.7377811652303334, 0.07736580564624544]

Gen: 11
     [0.09936639573223975, 0.7878327772043114, 0.07170035529095449]
     [0.09936639573223975, 0.7878327772043114, 0.07170035529095449]
     [0.09899170688688959, 0.7983412151619176, 0.07580840695217976]
     [0.09899170688688959, 0.8398948556065007, 0.08106875360092183]
     [0.09899170688688959, 0.7983412151619176, 0.07580840695217976]
     [0.09899170688688959, 0.8398948556065007, 0.08174392644516996]
     [0.09899170688688959, 0.7983412151619176, 0.07580840695217976]
     [0.09826405028867331, 0.7878327772043114, 0.07136426925292876]
     [0.09738108787919597, 0.7983412151619176, 0.07557734780103706]
     [0.09691734255466113, 0.7377811652303334, 0.07736580564624544]

Gen: 12
     [0.09899170688688959, 0.7983412151619176, 0.07580840695217976]
     [0.09899170688688959, 0.8398948556065007, 0.08106875360092183]
     [0.09899170688688959, 0.7983412151619176, 0.07580840695217976]
     [0.09899170688688959, 0.8398948556065007, 0.08174392644516996]
     [0.09899170688688959, 0.7983412151619176, 0.07580840695217976]
     [0.09899170688688959, 0.7983412151619176, 0.07580840695217976]
     [0.09826405028867331, 0.7878327772043114, 0.07136426925292876]
     [0.09738108787919597, 0.7983412151619176, 0.07557734780103706]
     [0.09691734255466113, 0.7377811652303334, 0.07736580564624544]
     [0.09691734255466113, 0.7377811652303334, 0.07736580564624544]

Gen: 13
     [0.09899170688688959, 0.7983412151619176, 0.07580840695217976]
     [0.09899170688688959, 0.7983412151619176, 0.07580840695217976]
     [0.09899170688688959, 0.7983412151619176, 0.07580840695217976]
     [0.09826405028867331, 0.7878327772043114, 0.07136426925292876]
     [0.09738108787919597, 0.7983412151619176, 0.07557734780103706]
     [0.09738108787919597, 0.7983412151619176, 0.07557734780103706]
     [0.09691734255466113, 0.7377811652303334, 0.07736580564624544]
     [0.09691734255466113, 0.7377811652303334, 0.07736580564624544]
     [0.09691734255466113, 0.7377811652303334, 0.07705372575379298]
     [0.09598224952322203, 0.8293864176488945, 0.07610548300364893]

Gen: 14
     [0.09826405028867331, 0.7878327772043114, 0.07136426925292876]
     [0.09826405028867331, 0.7878327772043114, 0.07136426925292876]
     [0.09738108787919597, 0.7983412151619176, 0.07557734780103706]
     [0.09738108787919597, 0.7983412151619176, 0.07557734780103706]
     [0.09691734255466113, 0.7377811652303334, 0.07736580564624544]
     [0.09691734255466113, 0.7377811652303334, 0.07736580564624544]
     [0.09691734255466113, 0.7377811652303334, 0.07736580564624544]
     [0.09691734255466113, 0.7377811652303334, 0.07736580564624544]
     [0.09691734255466113, 0.7377811652303334, 0.07705372575379298]
     [0.09598224952322203, 0.8293864176488945, 0.07610548300364893]

Gen: 15
     [0.09738108787919597, 0.7983412151619176, 0.07557734780103706]
     [0.09691734255466113, 0.7377811652303334, 0.07736580564624544]
     [0.09691734255466113, 0.7377811652303334, 0.07736580564624544]
     [0.09691734255466113, 0.7377811652303334, 0.07736580564624544]
     [0.09691734255466113, 0.6962275247857503, 0.07179337910505089]
     [0.09691734255466113, 0.7377811652303334, 0.07736580564624544]
     [0.09691734255466113, 0.7377811652303334, 0.07705372575379298]
     [0.096169050918585, 0.7127793648126365, 0.07212946514307662]
     [0.09598224952322203, 0.8293864176488945, 0.07610548300364893]
     [0.09598224952322203, 0.8293864176488945, 0.07610548300364893]

Gen: 16
     [0.09691734255466113, 0.7377811652303334, 0.07736580564624544]
     [0.09691734255466113, 0.6962275247857503, 0.07179337910505089]
     [0.09691734255466113, 0.7377811652303334, 0.07736580564624544]
     [0.09691734255466113, 0.6962275247857503, 0.07179337910505089]
     [0.09691734255466113, 0.7377811652303334, 0.07736580564624544]
     [0.09691734255466113, 0.7377811652303334, 0.07705372575379298]
     [0.096169050918585, 0.7127793648126365, 0.07212946514307662]
     [0.09598224952322203, 0.8293864176488945, 0.07610548300364893]
     [0.09598224952322203, 0.8293864176488945, 0.07610548300364893]
     [0.09508842656750265, 0.7369529730897568, 0.06994490589590935]

Gen: 17
     [0.09691734255466113, 0.7377811652303334, 0.07736580564624544]
     [0.09691734255466113, 0.7377811652303334, 0.07705372575379298]
     [0.09627222610788433, 0.788660969344888, 0.07708073266756289]
     [0.09627222610788433, 0.788660969344888, 0.07708073266756289]
     [0.096169050918585, 0.7127793648126365, 0.07212946514307662]
     [0.0961038876411328, 0.8710060734090309, 0.08694425772997888]
     [0.09598224952322203, 0.8293864176488945, 0.07610548300364893]
     [0.09598224952322203, 0.8293864176488945, 0.07610548300364893]
     [0.09598224952322203, 0.8293864176488945, 0.07610548300364893]
     [0.09508842656750265, 0.7369529730897568, 0.06994490589590935]

Gen: 18
     [0.09627222610788433, 0.788660969344888, 0.07708073266756289]
     [0.096169050918585, 0.7127793648126365, 0.07212946514307662]
     [0.0961038876411328, 0.8710060734090309, 0.08694425772997888]
     [0.0961038876411328, 0.8294524329644477, 0.08100873823698868]
     [0.09598224952322203, 0.8293864176488945, 0.07610548300364893]
     [0.09598224952322203, 0.8293864176488945, 0.07610548300364893]
     [0.09598224952322203, 0.8293864176488945, 0.07610548300364893]
     [0.09598224952322203, 0.8293864176488945, 0.07610548300364893]
     [0.09508842656750265, 0.7369529730897568, 0.06994490589590935]
     [0.0938210008210573, 0.788660969344888, 0.07468611964662954]

Gen: 19
     [0.0961038876411328, 0.8710060734090309, 0.08694425772997888]
     [0.0961038876411328, 0.8294524329644477, 0.08100873823698868]
     [0.09598224952322203, 0.8293864176488945, 0.07610548300364893]
     [0.09598224952322203, 0.8293864176488945, 0.07610548300364893]
     [0.09598224952322203, 0.8293864176488945, 0.07610548300364893]
     [0.09598224952322203, 0.8293864176488945, 0.07610548300364893]
     [0.09508842656750265, 0.7369529730897568, 0.06994490589590935]
     [0.09508842656750265, 0.7369529730897568, 0.06994490589590935]
     [0.0938210008210573, 0.788660969344888, 0.07468611964662954]
     [0.09260679175119792, 0.743986604892335, 0.06657204244286537]

Gen: 20
     [0.09598224952322203, 0.7878327772043114, 0.07016996351065873]
     [0.09598224952322203, 0.8293864176488945, 0.07610548300364893]
     [0.09598224952322203, 0.8293864176488945, 0.07610548300364893]
     [0.09598224952322203, 0.8293864176488945, 0.07610548300364893]
     [0.095976819250101, 0.6962275247857503, 0.06939876608411753]
     [0.09508842656750265, 0.7369529730897568, 0.06994490589590935]
     [0.09508842656750265, 0.7369529730897568, 0.06994490589590935]
     [0.0938210008210573, 0.788660969344888, 0.07468611964662954]
     [0.0938210008210573, 0.8302146097894711, 0.08062163913961974]
     [0.09260679175119792, 0.743986604892335, 0.06657204244286537]

Gen: 21
     [0.09598224952322203, 0.8293864176488945, 0.07610548300364893]
     [0.09598224952322203, 0.8293864176488945, 0.07610548300364893]
     [0.095976819250101, 0.6962275247857503, 0.06939876608411753]
     [0.09508842656750265, 0.7369529730897568, 0.06994490589590935]
     [0.09508842656750265, 0.7369529730897568, 0.06994490589590935]
     [0.09508842656750265, 0.6953993326451737, 0.06437247935471481]
     [0.0938210008210573, 0.788660969344888, 0.07468611964662954]
     [0.0938210008210573, 0.788660969344888, 0.07468611964662954]
     [0.0938210008210573, 0.8302146097894711, 0.08062163913961974]
     [0.09260679175119792, 0.743986604892335, 0.06657204244286537]

Gen: 22
     [0.09508842656750265, 0.7369529730897568, 0.06994490589590935]
     [0.09508842656750265, 0.7369529730897568, 0.06994490589590935]
     [0.09508842656750265, 0.7369529730897568, 0.06994490589590935]
     [0.09508842656750265, 0.7369529730897568, 0.06994490589590935]
     [0.09508842656750265, 0.6953993326451737, 0.06437247935471481]
     [0.0938210008210573, 0.788660969344888, 0.07468611964662954]
     [0.0938210008210573, 0.788660969344888, 0.07468611964662954]
     [0.0938210008210573, 0.8302146097894711, 0.08062163913961974]
     [0.09260679175119792, 0.743986604892335, 0.06657204244286537]
     [0.09260679175119792, 0.7024329644477518, 0.06063652294987517]

Gen: 23
     [0.09508842656750265, 0.7369529730897568, 0.06994490589590935]
     [0.09508842656750265, 0.7369529730897568, 0.06994490589590935]
     [0.09508842656750265, 0.6953993326451737, 0.06437247935471481]
     [0.0938210008210573, 0.788660969344888, 0.07468611964662954]
     [0.0938210008210573, 0.788660969344888, 0.07468611964662954]
     [0.0938210008210573, 0.788660969344888, 0.07468611964662954]
     [0.0938210008210573, 0.788660969344888, 0.07468611964662954]
     [0.0938210008210573, 0.8302146097894711, 0.08062163913961974]
     [0.09260679175119792, 0.743986604892335, 0.06657204244286537]
     [0.09260679175119792, 0.7024329644477518, 0.06063652294987517]

Gen: 24
     [0.0938210008210573, 0.788660969344888, 0.07468611964662954]
     [0.0938210008210573, 0.788660969344888, 0.07468611964662954]
     [0.0938210008210573, 0.788660969344888, 0.07468611964662954]
     [0.0938210008210573, 0.788660969344888, 0.07468611964662954]
     [0.0938210008210573, 0.788660969344888, 0.07468611964662954]
     [0.0938210008210573, 0.788660969344888, 0.07468611964662954]
     [0.0938210008210573, 0.8302146097894711, 0.08062163913961974]
     [0.09260679175119792, 0.743986604892335, 0.06657204244286537]
     [0.09260679175119792, 0.7024329644477518, 0.06063652294987517]
     [0.09087670673484194, 0.7878327772043114, 0.06965983291722681]

Gen: 25
     [0.0938210008210573, 0.788660969344888, 0.07468611964662954]
     [0.0938210008210573, 0.8302146097894711, 0.08062163913961974]
     [0.0938210008210573, 0.788660969344888, 0.07468611964662954]
     [0.0938210008210573, 0.788660969344888, 0.07468611964662954]
     [0.0938210008210573, 0.788660969344888, 0.07468611964662954]
     [0.0938210008210573, 0.8302146097894711, 0.08062163913961974]
     [0.09260679175119792, 0.743986604892335, 0.06657204244286537]
     [0.09260679175119792, 0.7024329644477518, 0.06063652294987517]
     [0.09087670673484194, 0.7878327772043114, 0.06965983291722681]
     [0.09087670673484194, 0.7878327772043114, 0.06965983291722681]

Gen: 26
     [0.0938210008210573, 0.788660969344888, 0.07468611964662954]
     [0.0938210008210573, 0.788660969344888, 0.07468611964662954]
     [0.0938210008210573, 0.788660969344888, 0.07468611964662954]
     [0.0938210008210573, 0.8302146097894711, 0.08062163913961974]
     [0.09260679175119792, 0.743986604892335, 0.06657204244286537]
     [0.09260679175119792, 0.743986604892335, 0.06657204244286537]
     [0.09260679175119792, 0.7024329644477518, 0.06063652294987517]
     [0.09087670673484194, 0.7878327772043114, 0.06965983291722681]
     [0.09087670673484194, 0.7878327772043114, 0.06965983291722681]
     [0.08957452724042209, 0.6011054564659001, 0.0561893844824275]

Gen: 27
     [0.0938210008210573, 0.8302146097894711, 0.08062163913961974]
     [0.09260679175119792, 0.743986604892335, 0.06657204244286537]
     [0.09260679175119792, 0.743986604892335, 0.06657204244286537]
     [0.09260679175119792, 0.7024329644477518, 0.06063652294987517]
     [0.09260679175119792, 0.7024329644477518, 0.06063652294987517]
     [0.09087670673484194, 0.7878327772043114, 0.06965983291722681]
     [0.09087670673484194, 0.7878327772043114, 0.06965983291722681]
     [0.08957452724042209, 0.6011054564659001, 0.0561893844824275]
     [0.08957452724042209, 0.6426590969104833, 0.06176181102362205]
     [0.08957452724042209, 0.6011054564659001, 0.0561893844824275]

Gen: 28
     [0.09260679175119792, 0.7024329644477518, 0.06063652294987517]
     [0.09260679175119792, 0.7024329644477518, 0.06063652294987517]
     [0.09260679175119792, 0.743986604892335, 0.06620894949106972]
     [0.09151204869000092, 0.8293864176488945, 0.07510322642596505]
     [0.09087670673484194, 0.7878327772043114, 0.06965983291722681]
     [0.09087670673484194, 0.7878327772043114, 0.06965983291722681]
     [0.08957452724042209, 0.6011054564659001, 0.0561893844824275]
     [0.08957452724042209, 0.6426590969104833, 0.06176181102362205]
     [0.08957452724042209, 0.6011054564659001, 0.0561893844824275]
     [0.08957452724042209, 0.6011054564659001, 0.0561893844824275]

Gen: 29
     [0.09260679175119792, 0.7024329644477518, 0.06063652294987517]
     [0.09260679175119792, 0.743986604892335, 0.06620894949106972]
     [0.09151204869000092, 0.8293864176488945, 0.07510322642596505]
     [0.09087670673484194, 0.7878327772043114, 0.06965983291722681]
     [0.09087670673484194, 0.7878327772043114, 0.06965983291722681]
     [0.08957452724042209, 0.6011054564659001, 0.0561893844824275]
     [0.08957452724042209, 0.6426590969104833, 0.06176181102362205]
     [0.08957452724042209, 0.6011054564659001, 0.0561893844824275]
     [0.08957452724042209, 0.6011054564659001, 0.0561893844824275]
     [0.08957452724042209, 0.6011054564659001, 0.0561893844824275]

