Gen: 2
     [0.1288992488139167, 0.577937792118437, 0.08845164506785504]
     [0.12049041249341065, 0.5930982941469548, 0.08115688475502146]
     [0.12052747759620454, 0.5748475645922798, 0.08756159255169799]
     [0.12252899314707433, 0.5670181973475052, 0.09136037339385282]
     [0.1677986623616236, 0.520700372488078, 0.08278100120202969]
     [0.1292583684765419, 0.5528482289022278, 0.08601394109748675]
     [0.13501746178176066, 0.5385181143087617, 0.08204693727117851]
     [0.11924584870848709, 0.5413829509596906, 0.08164014350949848]
     [0.12659544675803902, 0.516928040997414, 0.08332237335103243]
     [0.1277156365313653, 0.479299627511922, 0.08758300274968114]

Gen: 3
     [0.13501746178176066, 0.5385181143087617, 0.08204693727117851]
     [0.11924584870848709, 0.5413829509596906, 0.08164014350949848]
     [0.11924584870848709, 0.5413829509596906, 0.08164014350949848]
     [0.11812977727991565, 0.528458563666991, 0.08156673711641337]
     [0.12659544675803902, 0.516928040997414, 0.08332237335103243]
     [0.1244810885608856, 0.516928040997414, 0.08438676605076664]
     [0.12491845677385345, 0.5134819331419488, 0.08701716180298336]
     [0.12190300474433316, 0.5060203089041259, 0.09028068769555922]
     [0.1277156365313653, 0.479299627511922, 0.08758300274968114]
     [0.1277156365313653, 0.479299627511922, 0.08758300274968114]

Gen: 4
     [0.1277156365313653, 0.479299627511922, 0.08758300274968114]
     [0.1277156365313653, 0.479299627511922, 0.08758300274968114]
     [0.1277156365313653, 0.479299627511922, 0.08758300274968114]
     [0.1277156365313653, 0.479299627511922, 0.08758300274968114]
     [0.12523227464417502, 0.48749080642482623, 0.08175331169883804]
     [0.1343189905113337, 0.4663574462027569, 0.07113079489947913]
     [0.1431676660516605, 0.4445894327267551, 0.07932784212731728]
     [0.12391852266736952, 0.45535481268832, 0.07685037636069454]
     [0.1306058908803374, 0.4300991719851005, 0.06950973705218277]
     [0.11722374143384291, 0.39167002775866566, 0.06505947447139751]

Gen: 5
     [0.1277156365313653, 0.479299627511922, 0.08758300274968114]
     [0.12523227464417502, 0.48749080642482623, 0.08175331169883804]
     [0.11726327754348972, 0.4878288927376688, 0.07752020969759625]
     [0.1343189905113337, 0.4663574462027569, 0.07113079489947913]
     [0.1343189905113337, 0.4663574462027569, 0.07113079489947913]
     [0.14010197021613074, 0.4445894327267551, 0.08558573713782357]
     [0.1431676660516605, 0.4445894327267551, 0.07932784212731728]
     [0.12391852266736952, 0.45535481268832, 0.07685037636069454]
     [0.1306058908803374, 0.4300991719851005, 0.06950973705218277]
     [0.11722374143384291, 0.39167002775866566, 0.06505947447139751]

Gen: 6
     [0.12391852266736952, 0.45535481268832, 0.07685037636069454]
     [0.12391852266736952, 0.45535481268832, 0.07685037636069454]
     [0.14175754480759092, 0.4257633633063655, 0.07830015262412562]
     [0.12342020295202952, 0.44823127476333957, 0.07318005670643866]
     [0.1306058908803374, 0.4300991719851005, 0.06950973705218277]
     [0.1306058908803374, 0.4300991719851005, 0.06950973705218277]
     [0.142853024512388, 0.3910531685211986, 0.0749846305364478]
     [0.12148787559304164, 0.39247075849960855, 0.06460068451461552]
     [0.11722374143384291, 0.39167002775866566, 0.06505947447139751]
     [0.11722374143384291, 0.39167002775866566, 0.06505947447139751]

Gen: 7
     [0.1341616697416974, 0.3946950105577831, 0.06389720658088315]
     [0.12148787559304164, 0.39247075849960855, 0.06460068451461552]
     [0.12148787559304164, 0.39247075849960855, 0.06460068451461552]
     [0.11026950448075909, 0.39247075849960855, 0.07121643569141176]
     [0.11722374143384291, 0.39167002775866566, 0.06505947447139751]
     [0.11722374143384291, 0.39167002775866566, 0.06505947447139751]
     [0.11722374143384291, 0.39167002775866566, 0.06505947447139751]
     [0.11722374143384291, 0.39167002775866566, 0.06505947447139751]
     [0.11722374143384291, 0.39167002775866566, 0.06505947447139751]
     [0.1457679889298893, 0.3381337635531092, 0.053923112920442766]

Gen: 8
     [0.11722374143384291, 0.39167002775866566, 0.06505947447139751]
     [0.11722374143384291, 0.39167002775866566, 0.06505947447139751]
     [0.11722374143384291, 0.39167002775866566, 0.06505947447139751]
     [0.12883170795993673, 0.35919594770931695, 0.06302550566299736]
     [0.1457679889298893, 0.3381337635531092, 0.053923112920442766]
     [0.1457679889298893, 0.3381337635531092, 0.053923112920442766]
     [0.1457679889298893, 0.3381337635531092, 0.053923112920442766]
     [0.1457679889298893, 0.3381337635531092, 0.053923112920442766]
     [0.1457679889298893, 0.3381337635531092, 0.053923112920442766]
     [0.1103955258302583, 0.350702270516501, 0.07199943721765302]

Gen: 9
     [0.1457679889298893, 0.3381337635531092, 0.053923112920442766]
     [0.1457679889298893, 0.3381337635531092, 0.053923112920442766]
     [0.1457679889298893, 0.3381337635531092, 0.053923112920442766]
     [0.1457679889298893, 0.3381337635531092, 0.053923112920442766]
     [0.1457679889298893, 0.3381337635531092, 0.053923112920442766]
     [0.1457679889298893, 0.3381337635531092, 0.053923112920442766]
     [0.1103955258302583, 0.350702270516501, 0.07199943721765302]
     [0.1103955258302583, 0.350702270516501, 0.07199943721765302]
     [0.1103955258302583, 0.350702270516501, 0.07199943721765302]
     [0.1103955258302583, 0.350702270516501, 0.07199943721765302]

Gen: 10
     [0.1103955258302583, 0.350702270516501, 0.07199943721765302]
     [0.1103955258302583, 0.350702270516501, 0.07199943721765302]
     [0.1103955258302583, 0.350702270516501, 0.07199943721765302]
     [0.1103955258302583, 0.350702270516501, 0.07199943721765302]
     [0.1103955258302583, 0.350702270516501, 0.07199943721765302]
     [0.1103955258302583, 0.350702270516501, 0.07199943721765302]
     [0.1103955258302583, 0.350702270516501, 0.07199943721765302]
     [0.1103955258302583, 0.350702270516501, 0.07199943721765302]
     [0.1103955258302583, 0.350702270516501, 0.07199943721765302]
     [0.132480561412757, 0.29716600631094453, 0.060863075666698276]

Gen: 11
     [0.1103955258302583, 0.350702270516501, 0.07199943721765302]
     [0.1103955258302583, 0.350702270516501, 0.07199943721765302]
     [0.1103955258302583, 0.350702270516501, 0.07199943721765302]
     [0.132480561412757, 0.29716600631094453, 0.060863075666698276]
     [0.132480561412757, 0.29716600631094453, 0.060863075666698276]
     [0.132480561412757, 0.29716600631094453, 0.060863075666698276]
     [0.132480561412757, 0.29716600631094453, 0.060863075666698276]
     [0.132480561412757, 0.29716600631094453, 0.060863075666698276]
     [0.132480561412757, 0.29716600631094453, 0.060863075666698276]
     [0.132480561412757, 0.29716600631094453, 0.060863075666698276]

Gen: 12
     [0.132480561412757, 0.29716600631094453, 0.060863075666698276]
     [0.132480561412757, 0.29716600631094453, 0.060863075666698276]
     [0.132480561412757, 0.29716600631094453, 0.060863075666698276]
     [0.132480561412757, 0.29716600631094453, 0.060863075666698276]
     [0.132480561412757, 0.29716600631094453, 0.060863075666698276]
     [0.132480561412757, 0.29716600631094453, 0.060863075666698276]
     [0.132480561412757, 0.29716600631094453, 0.060863075666698276]
     [0.132480561412757, 0.29716600631094453, 0.060863075666698276]
     [0.132480561412757, 0.29716600631094453, 0.060863075666698276]
     [0.132480561412757, 0.29716600631094453, 0.060863075666698276]

Gen: 13
     [0.132480561412757, 0.29716600631094453, 0.060863075666698276]
     [0.132480561412757, 0.29716600631094453, 0.060863075666698276]
     [0.132480561412757, 0.29716600631094453, 0.060863075666698276]
     [0.132480561412757, 0.29716600631094453, 0.060863075666698276]
     [0.132480561412757, 0.29716600631094453, 0.060863075666698276]
     [0.132480561412757, 0.29716600631094453, 0.060863075666698276]
     [0.132480561412757, 0.29716600631094453, 0.060863075666698276]
     [0.132480561412757, 0.29716600631094453, 0.060863075666698276]
     [0.132480561412757, 0.29716600631094453, 0.060863075666698276]
     [0.132480561412757, 0.29716600631094453, 0.060863075666698276]

Gen: 14
     [0.132480561412757, 0.29716600631094453, 0.060863075666698276]
     [0.132480561412757, 0.29716600631094453, 0.060863075666698276]
     [0.132480561412757, 0.29716600631094453, 0.060863075666698276]
     [0.132480561412757, 0.29716600631094453, 0.060863075666698276]
     [0.132480561412757, 0.29716600631094453, 0.060863075666698276]
     [0.132480561412757, 0.29716600631094453, 0.060863075666698276]
     [0.132480561412757, 0.29716600631094453, 0.060863075666698276]
     [0.132480561412757, 0.29716600631094453, 0.060863075666698276]
     [0.132480561412757, 0.29716600631094453, 0.060863075666698276]
     [0.132480561412757, 0.29716600631094453, 0.060863075666698276]

Gen: 15
     [0.132480561412757, 0.29716600631094453, 0.060863075666698276]
     [0.132480561412757, 0.29716600631094453, 0.060863075666698276]
     [0.132480561412757, 0.29716600631094453, 0.060863075666698276]
     [0.132480561412757, 0.29716600631094453, 0.060863075666698276]
     [0.132480561412757, 0.29716600631094453, 0.060863075666698276]
     [0.132480561412757, 0.29716600631094453, 0.060863075666698276]
     [0.132480561412757, 0.29716600631094453, 0.060863075666698276]
     [0.132480561412757, 0.29716600631094453, 0.060863075666698276]
     [0.132480561412757, 0.29716600631094453, 0.060863075666698276]
     [0.132480561412757, 0.29716600631094453, 0.060863075666698276]

Gen: 16
     [0.132480561412757, 0.29716600631094453, 0.060863075666698276]
     [0.132480561412757, 0.29716600631094453, 0.060863075666698276]
     [0.132480561412757, 0.29716600631094453, 0.060863075666698276]
     [0.132480561412757, 0.29716600631094453, 0.060863075666698276]
     [0.132480561412757, 0.29716600631094453, 0.060863075666698276]
     [0.132480561412757, 0.29716600631094453, 0.060863075666698276]
     [0.132480561412757, 0.29716600631094453, 0.060863075666698276]
     [0.132480561412757, 0.29716600631094453, 0.060863075666698276]
     [0.132480561412757, 0.29716600631094453, 0.060863075666698276]
     [0.132480561412757, 0.29716600631094453, 0.060863075666698276]

Gen: 17
     [0.132480561412757, 0.29716600631094453, 0.060863075666698276]
     [0.132480561412757, 0.29716600631094453, 0.060863075666698276]
     [0.132480561412757, 0.29716600631094453, 0.060863075666698276]
     [0.132480561412757, 0.29716600631094453, 0.060863075666698276]
     [0.132480561412757, 0.29716600631094453, 0.060863075666698276]
     [0.132480561412757, 0.29716600631094453, 0.060863075666698276]
     [0.132480561412757, 0.29716600631094453, 0.060863075666698276]
     [0.132480561412757, 0.29716600631094453, 0.060863075666698276]
     [0.132480561412757, 0.29716600631094453, 0.060863075666698276]
     [0.132480561412757, 0.29716600631094453, 0.060863075666698276]

Gen: 18
     [0.132480561412757, 0.29716600631094453, 0.060863075666698276]
     [0.132480561412757, 0.29716600631094453, 0.060863075666698276]
     [0.132480561412757, 0.29716600631094453, 0.060863075666698276]
     [0.132480561412757, 0.29716600631094453, 0.060863075666698276]
     [0.132480561412757, 0.29716600631094453, 0.060863075666698276]
     [0.132480561412757, 0.29716600631094453, 0.060863075666698276]
     [0.132480561412757, 0.29716600631094453, 0.060863075666698276]
     [0.132480561412757, 0.29716600631094453, 0.060863075666698276]
     [0.132480561412757, 0.29716600631094453, 0.060863075666698276]
     [0.132480561412757, 0.29716600631094453, 0.060863075666698276]

Gen: 19
     [0.132480561412757, 0.29716600631094453, 0.060863075666698276]
     [0.132480561412757, 0.29716600631094453, 0.060863075666698276]
     [0.132480561412757, 0.29716600631094453, 0.060863075666698276]
     [0.132480561412757, 0.29716600631094453, 0.060863075666698276]
     [0.132480561412757, 0.29716600631094453, 0.060863075666698276]
     [0.132480561412757, 0.29716600631094453, 0.060863075666698276]
     [0.132480561412757, 0.29716600631094453, 0.060863075666698276]
     [0.132480561412757, 0.29716600631094453, 0.060863075666698276]
     [0.132480561412757, 0.29716600631094453, 0.060863075666698276]
     [0.132480561412757, 0.29716600631094453, 0.060863075666698276]

Gen: 20
     [0.132480561412757, 0.29716600631094453, 0.060863075666698276]
     [0.132480561412757, 0.29716600631094453, 0.060863075666698276]
     [0.132480561412757, 0.29716600631094453, 0.060863075666698276]
     [0.132480561412757, 0.29716600631094453, 0.060863075666698276]
     [0.132480561412757, 0.29716600631094453, 0.060863075666698276]
     [0.132480561412757, 0.29716600631094453, 0.060863075666698276]
     [0.132480561412757, 0.29716600631094453, 0.060863075666698276]
     [0.132480561412757, 0.29716600631094453, 0.060863075666698276]
     [0.132480561412757, 0.29716600631094453, 0.060863075666698276]
     [0.132480561412757, 0.29716600631094453, 0.060863075666698276]

Gen: 21
     [0.132480561412757, 0.29716600631094453, 0.060863075666698276]
     [0.132480561412757, 0.29716600631094453, 0.060863075666698276]
     [0.132480561412757, 0.29716600631094453, 0.060863075666698276]
     [0.132480561412757, 0.29716600631094453, 0.060863075666698276]
     [0.132480561412757, 0.29716600631094453, 0.060863075666698276]
     [0.132480561412757, 0.29716600631094453, 0.060863075666698276]
     [0.132480561412757, 0.29716600631094453, 0.060863075666698276]
     [0.132480561412757, 0.29716600631094453, 0.060863075666698276]
     [0.132480561412757, 0.29716600631094453, 0.060863075666698276]
     [0.132480561412757, 0.29716600631094453, 0.060863075666698276]

Gen: 22
     [0.132480561412757, 0.29716600631094453, 0.060863075666698276]
     [0.132480561412757, 0.29716600631094453, 0.060863075666698276]
     [0.132480561412757, 0.29716600631094453, 0.060863075666698276]
     [0.132480561412757, 0.29716600631094453, 0.060863075666698276]
     [0.132480561412757, 0.29716600631094453, 0.060863075666698276]
     [0.132480561412757, 0.29716600631094453, 0.060863075666698276]
     [0.132480561412757, 0.29716600631094453, 0.060863075666698276]
     [0.132480561412757, 0.29716600631094453, 0.060863075666698276]
     [0.132480561412757, 0.29716600631094453, 0.060863075666698276]
     [0.132480561412757, 0.29716600631094453, 0.060863075666698276]

Gen: 23
     [0.132480561412757, 0.29716600631094453, 0.060863075666698276]
     [0.132480561412757, 0.29716600631094453, 0.060863075666698276]
     [0.132480561412757, 0.29716600631094453, 0.060863075666698276]
     [0.132480561412757, 0.29716600631094453, 0.060863075666698276]
     [0.132480561412757, 0.29716600631094453, 0.060863075666698276]
     [0.132480561412757, 0.29716600631094453, 0.060863075666698276]
     [0.132480561412757, 0.29716600631094453, 0.060863075666698276]
     [0.132480561412757, 0.29716600631094453, 0.060863075666698276]
     [0.132480561412757, 0.29716600631094453, 0.060863075666698276]
     [0.132480561412757, 0.29716600631094453, 0.060863075666698276]

Gen: 24
     [0.132480561412757, 0.29716600631094453, 0.060863075666698276]
     [0.132480561412757, 0.29716600631094453, 0.060863075666698276]
     [0.132480561412757, 0.29716600631094453, 0.060863075666698276]
     [0.132480561412757, 0.29716600631094453, 0.060863075666698276]
     [0.132480561412757, 0.29716600631094453, 0.060863075666698276]
     [0.132480561412757, 0.29716600631094453, 0.060863075666698276]
     [0.132480561412757, 0.29716600631094453, 0.060863075666698276]
     [0.132480561412757, 0.29716600631094453, 0.060863075666698276]
     [0.132480561412757, 0.29716600631094453, 0.060863075666698276]
     [0.132480561412757, 0.29716600631094453, 0.060863075666698276]

Gen: 25
     [0.132480561412757, 0.29716600631094453, 0.060863075666698276]
     [0.132480561412757, 0.29716600631094453, 0.060863075666698276]
     [0.132480561412757, 0.29716600631094453, 0.060863075666698276]
     [0.132480561412757, 0.29716600631094453, 0.060863075666698276]
     [0.132480561412757, 0.29716600631094453, 0.060863075666698276]
     [0.132480561412757, 0.29716600631094453, 0.060863075666698276]
     [0.132480561412757, 0.29716600631094453, 0.060863075666698276]
     [0.132480561412757, 0.29716600631094453, 0.060863075666698276]
     [0.132480561412757, 0.29716600631094453, 0.060863075666698276]
     [0.132480561412757, 0.29716600631094453, 0.060863075666698276]

Gen: 26
     [0.132480561412757, 0.29716600631094453, 0.060863075666698276]
     [0.132480561412757, 0.29716600631094453, 0.060863075666698276]
     [0.132480561412757, 0.29716600631094453, 0.060863075666698276]
     [0.132480561412757, 0.29716600631094453, 0.060863075666698276]
     [0.132480561412757, 0.29716600631094453, 0.060863075666698276]
     [0.132480561412757, 0.29716600631094453, 0.060863075666698276]
     [0.132480561412757, 0.29716600631094453, 0.060863075666698276]
     [0.132480561412757, 0.29716600631094453, 0.060863075666698276]
     [0.132480561412757, 0.29716600631094453, 0.060863075666698276]
     [0.132480561412757, 0.29716600631094453, 0.060863075666698276]

Gen: 27
     [0.132480561412757, 0.29716600631094453, 0.060863075666698276]
     [0.132480561412757, 0.29716600631094453, 0.060863075666698276]
     [0.132480561412757, 0.29716600631094453, 0.060863075666698276]
     [0.132480561412757, 0.29716600631094453, 0.060863075666698276]
     [0.132480561412757, 0.29716600631094453, 0.060863075666698276]
     [0.132480561412757, 0.29716600631094453, 0.060863075666698276]
     [0.132480561412757, 0.29716600631094453, 0.060863075666698276]
     [0.132480561412757, 0.29716600631094453, 0.060863075666698276]
     [0.132480561412757, 0.29716600631094453, 0.060863075666698276]
     [0.132480561412757, 0.29716600631094453, 0.060863075666698276]

Gen: 28
     [0.132480561412757, 0.29716600631094453, 0.060863075666698276]
     [0.132480561412757, 0.29716600631094453, 0.060863075666698276]
     [0.132480561412757, 0.29716600631094453, 0.060863075666698276]
     [0.132480561412757, 0.29716600631094453, 0.060863075666698276]
     [0.132480561412757, 0.29716600631094453, 0.060863075666698276]
     [0.132480561412757, 0.29716600631094453, 0.060863075666698276]
     [0.132480561412757, 0.29716600631094453, 0.060863075666698276]
     [0.132480561412757, 0.29716600631094453, 0.060863075666698276]
     [0.132480561412757, 0.29716600631094453, 0.060863075666698276]
     [0.132480561412757, 0.29716600631094453, 0.060863075666698276]

Gen: 29
     [0.132480561412757, 0.29716600631094453, 0.060863075666698276]
     [0.132480561412757, 0.29716600631094453, 0.060863075666698276]
     [0.132480561412757, 0.29716600631094453, 0.060863075666698276]
     [0.132480561412757, 0.29716600631094453, 0.060863075666698276]
     [0.132480561412757, 0.29716600631094453, 0.060863075666698276]
     [0.132480561412757, 0.29716600631094453, 0.060863075666698276]
     [0.132480561412757, 0.29716600631094453, 0.060863075666698276]
     [0.132480561412757, 0.29716600631094453, 0.060863075666698276]
     [0.132480561412757, 0.29716600631094453, 0.060863075666698276]
     [0.132480561412757, 0.29716600631094453, 0.060863075666698276]

Gen: 30
     [0.132480561412757, 0.29716600631094453, 0.060863075666698276]
     [0.132480561412757, 0.29716600631094453, 0.060863075666698276]
     [0.132480561412757, 0.29716600631094453, 0.060863075666698276]
     [0.132480561412757, 0.29716600631094453, 0.060863075666698276]
     [0.132480561412757, 0.29716600631094453, 0.060863075666698276]
     [0.132480561412757, 0.29716600631094453, 0.060863075666698276]
     [0.132480561412757, 0.29716600631094453, 0.060863075666698276]
     [0.132480561412757, 0.29716600631094453, 0.060863075666698276]
     [0.132480561412757, 0.29716600631094453, 0.060863075666698276]
     [0.132480561412757, 0.29716600631094453, 0.060863075666698276]

Gen: 31
     [0.132480561412757, 0.29716600631094453, 0.060863075666698276]
     [0.132480561412757, 0.29716600631094453, 0.060863075666698276]
     [0.132480561412757, 0.29716600631094453, 0.060863075666698276]
     [0.132480561412757, 0.29716600631094453, 0.060863075666698276]
     [0.132480561412757, 0.29716600631094453, 0.060863075666698276]
     [0.132480561412757, 0.29716600631094453, 0.060863075666698276]
     [0.132480561412757, 0.29716600631094453, 0.060863075666698276]
     [0.132480561412757, 0.29716600631094453, 0.060863075666698276]
     [0.132480561412757, 0.29716600631094453, 0.060863075666698276]
     [0.132480561412757, 0.29716600631094453, 0.060863075666698276]

Gen: 32
     [0.132480561412757, 0.29716600631094453, 0.060863075666698276]
     [0.132480561412757, 0.29716600631094453, 0.060863075666698276]
     [0.132480561412757, 0.29716600631094453, 0.060863075666698276]
     [0.132480561412757, 0.29716600631094453, 0.060863075666698276]
     [0.132480561412757, 0.29716600631094453, 0.060863075666698276]
     [0.132480561412757, 0.29716600631094453, 0.060863075666698276]
     [0.132480561412757, 0.29716600631094453, 0.060863075666698276]
     [0.132480561412757, 0.29716600631094453, 0.060863075666698276]
     [0.132480561412757, 0.29716600631094453, 0.060863075666698276]
     [0.132480561412757, 0.29716600631094453, 0.060863075666698276]

Gen: 33
     [0.132480561412757, 0.29716600631094453, 0.060863075666698276]
     [0.132480561412757, 0.29716600631094453, 0.060863075666698276]
     [0.132480561412757, 0.29716600631094453, 0.060863075666698276]
     [0.132480561412757, 0.29716600631094453, 0.060863075666698276]
     [0.132480561412757, 0.29716600631094453, 0.060863075666698276]
     [0.132480561412757, 0.29716600631094453, 0.060863075666698276]
     [0.132480561412757, 0.29716600631094453, 0.060863075666698276]
     [0.132480561412757, 0.29716600631094453, 0.060863075666698276]
     [0.132480561412757, 0.29716600631094453, 0.060863075666698276]
     [0.132480561412757, 0.29716600631094453, 0.060863075666698276]

Gen: 34
     [0.132480561412757, 0.29716600631094453, 0.060863075666698276]
     [0.132480561412757, 0.29716600631094453, 0.060863075666698276]
     [0.132480561412757, 0.29716600631094453, 0.060863075666698276]
     [0.132480561412757, 0.29716600631094453, 0.060863075666698276]
     [0.132480561412757, 0.29716600631094453, 0.060863075666698276]
     [0.132480561412757, 0.29716600631094453, 0.060863075666698276]
     [0.132480561412757, 0.29716600631094453, 0.060863075666698276]
     [0.132480561412757, 0.29716600631094453, 0.060863075666698276]
     [0.132480561412757, 0.29716600631094453, 0.060863075666698276]
     [0.132480561412757, 0.29716600631094453, 0.060863075666698276]

Gen: 35
     [0.132480561412757, 0.29716600631094453, 0.060863075666698276]
     [0.132480561412757, 0.29716600631094453, 0.060863075666698276]
     [0.132480561412757, 0.29716600631094453, 0.060863075666698276]
     [0.132480561412757, 0.29716600631094453, 0.060863075666698276]
     [0.132480561412757, 0.29716600631094453, 0.060863075666698276]
     [0.132480561412757, 0.29716600631094453, 0.060863075666698276]
     [0.132480561412757, 0.29716600631094453, 0.060863075666698276]
     [0.132480561412757, 0.29716600631094453, 0.060863075666698276]
     [0.132480561412757, 0.29716600631094453, 0.060863075666698276]
     [0.132480561412757, 0.29716600631094453, 0.060863075666698276]

Gen: 36
     [0.132480561412757, 0.29716600631094453, 0.060863075666698276]
     [0.132480561412757, 0.29716600631094453, 0.060863075666698276]
     [0.132480561412757, 0.29716600631094453, 0.060863075666698276]
     [0.132480561412757, 0.29716600631094453, 0.060863075666698276]
     [0.132480561412757, 0.29716600631094453, 0.060863075666698276]
     [0.132480561412757, 0.29716600631094453, 0.060863075666698276]
     [0.132480561412757, 0.29716600631094453, 0.060863075666698276]
     [0.132480561412757, 0.29716600631094453, 0.060863075666698276]
     [0.132480561412757, 0.29716600631094453, 0.060863075666698276]
     [0.132480561412757, 0.29716600631094453, 0.060863075666698276]

Gen: 37
     [0.132480561412757, 0.29716600631094453, 0.060863075666698276]
     [0.132480561412757, 0.29716600631094453, 0.060863075666698276]
     [0.132480561412757, 0.29716600631094453, 0.060863075666698276]
     [0.132480561412757, 0.29716600631094453, 0.060863075666698276]
     [0.132480561412757, 0.29716600631094453, 0.060863075666698276]
     [0.132480561412757, 0.29716600631094453, 0.060863075666698276]
     [0.132480561412757, 0.29716600631094453, 0.060863075666698276]
     [0.132480561412757, 0.29716600631094453, 0.060863075666698276]
     [0.132480561412757, 0.29716600631094453, 0.060863075666698276]
     [0.132480561412757, 0.29716600631094453, 0.060863075666698276]

Gen: 38
     [0.132480561412757, 0.29716600631094453, 0.060863075666698276]
     [0.132480561412757, 0.29716600631094453, 0.060863075666698276]
     [0.132480561412757, 0.29716600631094453, 0.060863075666698276]
     [0.132480561412757, 0.29716600631094453, 0.060863075666698276]
     [0.132480561412757, 0.29716600631094453, 0.060863075666698276]
     [0.132480561412757, 0.29716600631094453, 0.060863075666698276]
     [0.132480561412757, 0.29716600631094453, 0.060863075666698276]
     [0.132480561412757, 0.29716600631094453, 0.060863075666698276]
     [0.132480561412757, 0.29716600631094453, 0.060863075666698276]
     [0.132480561412757, 0.29716600631094453, 0.060863075666698276]

Gen: 39
     [0.132480561412757, 0.29716600631094453, 0.060863075666698276]
     [0.132480561412757, 0.29716600631094453, 0.060863075666698276]
     [0.132480561412757, 0.29716600631094453, 0.060863075666698276]
     [0.132480561412757, 0.29716600631094453, 0.060863075666698276]
     [0.132480561412757, 0.29716600631094453, 0.060863075666698276]
     [0.132480561412757, 0.29716600631094453, 0.060863075666698276]
     [0.132480561412757, 0.29716600631094453, 0.060863075666698276]
     [0.132480561412757, 0.29716600631094453, 0.060863075666698276]
     [0.132480561412757, 0.29716600631094453, 0.060863075666698276]
     [0.132480561412757, 0.29716600631094453, 0.060863075666698276]

Gen: 40
     [0.132480561412757, 0.29716600631094453, 0.060863075666698276]
     [0.132480561412757, 0.29716600631094453, 0.060863075666698276]
     [0.132480561412757, 0.29716600631094453, 0.060863075666698276]
     [0.132480561412757, 0.29716600631094453, 0.060863075666698276]
     [0.132480561412757, 0.29716600631094453, 0.060863075666698276]
     [0.132480561412757, 0.29716600631094453, 0.060863075666698276]
     [0.132480561412757, 0.29716600631094453, 0.060863075666698276]
     [0.132480561412757, 0.29716600631094453, 0.060863075666698276]
     [0.132480561412757, 0.29716600631094453, 0.060863075666698276]
     [0.132480561412757, 0.29716600631094453, 0.060863075666698276]

Gen: 41
     [0.132480561412757, 0.29716600631094453, 0.060863075666698276]
     [0.132480561412757, 0.29716600631094453, 0.060863075666698276]
     [0.132480561412757, 0.29716600631094453, 0.060863075666698276]
     [0.132480561412757, 0.29716600631094453, 0.060863075666698276]
     [0.132480561412757, 0.29716600631094453, 0.060863075666698276]
     [0.132480561412757, 0.29716600631094453, 0.060863075666698276]
     [0.132480561412757, 0.29716600631094453, 0.060863075666698276]
     [0.132480561412757, 0.29716600631094453, 0.060863075666698276]
     [0.132480561412757, 0.29716600631094453, 0.060863075666698276]
     [0.132480561412757, 0.29716600631094453, 0.060863075666698276]

Gen: 42
     [0.132480561412757, 0.29716600631094453, 0.060863075666698276]
     [0.132480561412757, 0.29716600631094453, 0.060863075666698276]
     [0.132480561412757, 0.29716600631094453, 0.060863075666698276]
     [0.132480561412757, 0.29716600631094453, 0.060863075666698276]
     [0.132480561412757, 0.29716600631094453, 0.060863075666698276]
     [0.132480561412757, 0.29716600631094453, 0.060863075666698276]
     [0.132480561412757, 0.29716600631094453, 0.060863075666698276]
     [0.132480561412757, 0.29716600631094453, 0.060863075666698276]
     [0.132480561412757, 0.29716600631094453, 0.060863075666698276]
     [0.132480561412757, 0.29716600631094453, 0.060863075666698276]

Gen: 43
     [0.132480561412757, 0.29716600631094453, 0.060863075666698276]
     [0.132480561412757, 0.29716600631094453, 0.060863075666698276]
     [0.132480561412757, 0.29716600631094453, 0.060863075666698276]
     [0.132480561412757, 0.29716600631094453, 0.060863075666698276]
     [0.132480561412757, 0.29716600631094453, 0.060863075666698276]
     [0.132480561412757, 0.29716600631094453, 0.060863075666698276]
     [0.132480561412757, 0.29716600631094453, 0.060863075666698276]
     [0.132480561412757, 0.29716600631094453, 0.060863075666698276]
     [0.132480561412757, 0.29716600631094453, 0.060863075666698276]
     [0.132480561412757, 0.29716600631094453, 0.060863075666698276]

Gen: 44
     [0.132480561412757, 0.29716600631094453, 0.060863075666698276]
     [0.132480561412757, 0.29716600631094453, 0.060863075666698276]
     [0.132480561412757, 0.29716600631094453, 0.060863075666698276]
     [0.132480561412757, 0.29716600631094453, 0.060863075666698276]
     [0.132480561412757, 0.29716600631094453, 0.060863075666698276]
     [0.132480561412757, 0.29716600631094453, 0.060863075666698276]
     [0.132480561412757, 0.29716600631094453, 0.060863075666698276]
     [0.132480561412757, 0.29716600631094453, 0.060863075666698276]
     [0.132480561412757, 0.29716600631094453, 0.060863075666698276]
     [0.132480561412757, 0.29716600631094453, 0.060863075666698276]

Gen: 45
     [0.132480561412757, 0.29716600631094453, 0.060863075666698276]
     [0.132480561412757, 0.29716600631094453, 0.060863075666698276]
     [0.132480561412757, 0.29716600631094453, 0.060863075666698276]
     [0.132480561412757, 0.29716600631094453, 0.060863075666698276]
     [0.132480561412757, 0.29716600631094453, 0.060863075666698276]
     [0.132480561412757, 0.29716600631094453, 0.060863075666698276]
     [0.132480561412757, 0.29716600631094453, 0.060863075666698276]
     [0.132480561412757, 0.29716600631094453, 0.060863075666698276]
     [0.132480561412757, 0.29716600631094453, 0.060863075666698276]
     [0.132480561412757, 0.29716600631094453, 0.060863075666698276]

Gen: 46
     [0.132480561412757, 0.29716600631094453, 0.060863075666698276]
     [0.132480561412757, 0.29716600631094453, 0.060863075666698276]
     [0.132480561412757, 0.29716600631094453, 0.060863075666698276]
     [0.132480561412757, 0.29716600631094453, 0.060863075666698276]
     [0.132480561412757, 0.29716600631094453, 0.060863075666698276]
     [0.132480561412757, 0.29716600631094453, 0.060863075666698276]
     [0.132480561412757, 0.29716600631094453, 0.060863075666698276]
     [0.132480561412757, 0.29716600631094453, 0.060863075666698276]
     [0.132480561412757, 0.29716600631094453, 0.060863075666698276]
     [0.132480561412757, 0.29716600631094453, 0.060863075666698276]

Gen: 47
     [0.132480561412757, 0.29716600631094453, 0.060863075666698276]
     [0.132480561412757, 0.29716600631094453, 0.060863075666698276]
     [0.132480561412757, 0.29716600631094453, 0.060863075666698276]
     [0.132480561412757, 0.29716600631094453, 0.060863075666698276]
     [0.132480561412757, 0.29716600631094453, 0.060863075666698276]
     [0.132480561412757, 0.29716600631094453, 0.060863075666698276]
     [0.132480561412757, 0.29716600631094453, 0.060863075666698276]
     [0.132480561412757, 0.29716600631094453, 0.060863075666698276]
     [0.132480561412757, 0.29716600631094453, 0.060863075666698276]
     [0.132480561412757, 0.29716600631094453, 0.060863075666698276]

Gen: 48
     [0.132480561412757, 0.29716600631094453, 0.060863075666698276]
     [0.132480561412757, 0.29716600631094453, 0.060863075666698276]
     [0.132480561412757, 0.29716600631094453, 0.060863075666698276]
     [0.132480561412757, 0.29716600631094453, 0.060863075666698276]
     [0.132480561412757, 0.29716600631094453, 0.060863075666698276]
     [0.132480561412757, 0.29716600631094453, 0.060863075666698276]
     [0.132480561412757, 0.29716600631094453, 0.060863075666698276]
     [0.132480561412757, 0.29716600631094453, 0.060863075666698276]
     [0.132480561412757, 0.29716600631094453, 0.060863075666698276]
     [0.132480561412757, 0.29716600631094453, 0.060863075666698276]

Gen: 49
     [0.132480561412757, 0.29716600631094453, 0.060863075666698276]
     [0.132480561412757, 0.29716600631094453, 0.060863075666698276]
     [0.132480561412757, 0.29716600631094453, 0.060863075666698276]
     [0.132480561412757, 0.29716600631094453, 0.060863075666698276]
     [0.132480561412757, 0.29716600631094453, 0.060863075666698276]
     [0.132480561412757, 0.29716600631094453, 0.060863075666698276]
     [0.132480561412757, 0.29716600631094453, 0.060863075666698276]
     [0.132480561412757, 0.29716600631094453, 0.060863075666698276]
     [0.132480561412757, 0.29716600631094453, 0.060863075666698276]
     [0.132480561412757, 0.29716600631094453, 0.060863075666698276]

Gen: 50
     [0.132480561412757, 0.29716600631094453, 0.060863075666698276]
     [0.132480561412757, 0.29716600631094453, 0.060863075666698276]
     [0.132480561412757, 0.29716600631094453, 0.060863075666698276]
     [0.132480561412757, 0.29716600631094453, 0.060863075666698276]
     [0.132480561412757, 0.29716600631094453, 0.060863075666698276]
     [0.132480561412757, 0.29716600631094453, 0.060863075666698276]
     [0.132480561412757, 0.29716600631094453, 0.060863075666698276]
     [0.132480561412757, 0.29716600631094453, 0.060863075666698276]
     [0.132480561412757, 0.29716600631094453, 0.060863075666698276]
     [0.132480561412757, 0.29716600631094453, 0.060863075666698276]

Gen: 51
     [0.132480561412757, 0.29716600631094453, 0.060863075666698276]
     [0.132480561412757, 0.29716600631094453, 0.060863075666698276]
     [0.132480561412757, 0.29716600631094453, 0.060863075666698276]
     [0.132480561412757, 0.29716600631094453, 0.060863075666698276]
     [0.132480561412757, 0.29716600631094453, 0.060863075666698276]
     [0.132480561412757, 0.29716600631094453, 0.060863075666698276]
     [0.132480561412757, 0.29716600631094453, 0.060863075666698276]
     [0.132480561412757, 0.29716600631094453, 0.060863075666698276]
     [0.132480561412757, 0.29716600631094453, 0.060863075666698276]
     [0.132480561412757, 0.29716600631094453, 0.060863075666698276]

Gen: 52
     [0.132480561412757, 0.29716600631094453, 0.060863075666698276]
     [0.132480561412757, 0.29716600631094453, 0.060863075666698276]
     [0.132480561412757, 0.29716600631094453, 0.060863075666698276]
     [0.132480561412757, 0.29716600631094453, 0.060863075666698276]
     [0.132480561412757, 0.29716600631094453, 0.060863075666698276]
     [0.132480561412757, 0.29716600631094453, 0.060863075666698276]
     [0.132480561412757, 0.29716600631094453, 0.060863075666698276]
     [0.132480561412757, 0.29716600631094453, 0.060863075666698276]
     [0.132480561412757, 0.29716600631094453, 0.060863075666698276]
     [0.132480561412757, 0.29716600631094453, 0.060863075666698276]

Gen: 53
     [0.132480561412757, 0.29716600631094453, 0.060863075666698276]
     [0.132480561412757, 0.29716600631094453, 0.060863075666698276]
     [0.132480561412757, 0.29716600631094453, 0.060863075666698276]
     [0.132480561412757, 0.29716600631094453, 0.060863075666698276]
     [0.132480561412757, 0.29716600631094453, 0.060863075666698276]
     [0.132480561412757, 0.29716600631094453, 0.060863075666698276]
     [0.132480561412757, 0.29716600631094453, 0.060863075666698276]
     [0.132480561412757, 0.29716600631094453, 0.060863075666698276]
     [0.132480561412757, 0.29716600631094453, 0.060863075666698276]
     [0.132480561412757, 0.29716600631094453, 0.060863075666698276]

Gen: 54
     [0.132480561412757, 0.29716600631094453, 0.060863075666698276]
     [0.132480561412757, 0.29716600631094453, 0.060863075666698276]
     [0.132480561412757, 0.29716600631094453, 0.060863075666698276]
     [0.132480561412757, 0.29716600631094453, 0.060863075666698276]
     [0.132480561412757, 0.29716600631094453, 0.060863075666698276]
     [0.132480561412757, 0.29716600631094453, 0.060863075666698276]
     [0.132480561412757, 0.29716600631094453, 0.060863075666698276]
     [0.132480561412757, 0.29716600631094453, 0.060863075666698276]
     [0.132480561412757, 0.29716600631094453, 0.060863075666698276]
     [0.132480561412757, 0.29716600631094453, 0.060863075666698276]

Gen: 55
     [0.132480561412757, 0.29716600631094453, 0.060863075666698276]
     [0.132480561412757, 0.29716600631094453, 0.060863075666698276]
     [0.132480561412757, 0.29716600631094453, 0.060863075666698276]
     [0.132480561412757, 0.29716600631094453, 0.060863075666698276]
     [0.132480561412757, 0.29716600631094453, 0.060863075666698276]
     [0.132480561412757, 0.29716600631094453, 0.060863075666698276]
     [0.132480561412757, 0.29716600631094453, 0.060863075666698276]
     [0.132480561412757, 0.29716600631094453, 0.060863075666698276]
     [0.132480561412757, 0.29716600631094453, 0.060863075666698276]
     [0.132480561412757, 0.29716600631094453, 0.060863075666698276]

Gen: 56
     [0.132480561412757, 0.29716600631094453, 0.060863075666698276]
     [0.132480561412757, 0.29716600631094453, 0.060863075666698276]
     [0.132480561412757, 0.29716600631094453, 0.060863075666698276]
     [0.132480561412757, 0.29716600631094453, 0.060863075666698276]
     [0.132480561412757, 0.29716600631094453, 0.060863075666698276]
     [0.132480561412757, 0.29716600631094453, 0.060863075666698276]
     [0.132480561412757, 0.29716600631094453, 0.060863075666698276]
     [0.132480561412757, 0.29716600631094453, 0.060863075666698276]
     [0.132480561412757, 0.29716600631094453, 0.060863075666698276]
     [0.132480561412757, 0.29716600631094453, 0.060863075666698276]

Gen: 57
     [0.132480561412757, 0.29716600631094453, 0.060863075666698276]
     [0.132480561412757, 0.29716600631094453, 0.060863075666698276]
     [0.132480561412757, 0.29716600631094453, 0.060863075666698276]
     [0.132480561412757, 0.29716600631094453, 0.060863075666698276]
     [0.132480561412757, 0.29716600631094453, 0.060863075666698276]
     [0.132480561412757, 0.29716600631094453, 0.060863075666698276]
     [0.132480561412757, 0.29716600631094453, 0.060863075666698276]
     [0.132480561412757, 0.29716600631094453, 0.060863075666698276]
     [0.132480561412757, 0.29716600631094453, 0.060863075666698276]
     [0.132480561412757, 0.29716600631094453, 0.060863075666698276]

Gen: 58
     [0.132480561412757, 0.29716600631094453, 0.060863075666698276]
     [0.132480561412757, 0.29716600631094453, 0.060863075666698276]
     [0.132480561412757, 0.29716600631094453, 0.060863075666698276]
     [0.132480561412757, 0.29716600631094453, 0.060863075666698276]
     [0.132480561412757, 0.29716600631094453, 0.060863075666698276]
     [0.132480561412757, 0.29716600631094453, 0.060863075666698276]
     [0.132480561412757, 0.29716600631094453, 0.060863075666698276]
     [0.132480561412757, 0.29716600631094453, 0.060863075666698276]
     [0.132480561412757, 0.29716600631094453, 0.060863075666698276]
     [0.132480561412757, 0.29716600631094453, 0.060863075666698276]

Gen: 59
     [0.132480561412757, 0.29716600631094453, 0.060863075666698276]
     [0.132480561412757, 0.29716600631094453, 0.060863075666698276]
     [0.132480561412757, 0.29716600631094453, 0.060863075666698276]
     [0.132480561412757, 0.29716600631094453, 0.060863075666698276]
     [0.132480561412757, 0.29716600631094453, 0.060863075666698276]
     [0.132480561412757, 0.29716600631094453, 0.060863075666698276]
     [0.132480561412757, 0.29716600631094453, 0.060863075666698276]
     [0.132480561412757, 0.29716600631094453, 0.060863075666698276]
     [0.132480561412757, 0.29716600631094453, 0.060863075666698276]
     [0.132480561412757, 0.29716600631094453, 0.060863075666698276]

Gen: 60
     [0.132480561412757, 0.29716600631094453, 0.060863075666698276]
     [0.132480561412757, 0.29716600631094453, 0.060863075666698276]
     [0.132480561412757, 0.29716600631094453, 0.060863075666698276]
     [0.132480561412757, 0.29716600631094453, 0.060863075666698276]
     [0.132480561412757, 0.29716600631094453, 0.060863075666698276]
     [0.132480561412757, 0.29716600631094453, 0.060863075666698276]
     [0.132480561412757, 0.29716600631094453, 0.060863075666698276]
     [0.132480561412757, 0.29716600631094453, 0.060863075666698276]
     [0.132480561412757, 0.29716600631094453, 0.060863075666698276]
     [0.132480561412757, 0.29716600631094453, 0.060863075666698276]

Gen: 61
     [0.132480561412757, 0.29716600631094453, 0.060863075666698276]
     [0.132480561412757, 0.29716600631094453, 0.060863075666698276]
     [0.132480561412757, 0.29716600631094453, 0.060863075666698276]
     [0.132480561412757, 0.29716600631094453, 0.060863075666698276]
     [0.132480561412757, 0.29716600631094453, 0.060863075666698276]
     [0.132480561412757, 0.29716600631094453, 0.060863075666698276]
     [0.132480561412757, 0.29716600631094453, 0.060863075666698276]
     [0.132480561412757, 0.29716600631094453, 0.060863075666698276]
     [0.132480561412757, 0.29716600631094453, 0.060863075666698276]
     [0.132480561412757, 0.29716600631094453, 0.060863075666698276]

Gen: 62
     [0.132480561412757, 0.29716600631094453, 0.060863075666698276]
     [0.132480561412757, 0.29716600631094453, 0.060863075666698276]
     [0.132480561412757, 0.29716600631094453, 0.060863075666698276]
     [0.132480561412757, 0.29716600631094453, 0.060863075666698276]
     [0.132480561412757, 0.29716600631094453, 0.060863075666698276]
     [0.132480561412757, 0.29716600631094453, 0.060863075666698276]
     [0.132480561412757, 0.29716600631094453, 0.060863075666698276]
     [0.132480561412757, 0.29716600631094453, 0.060863075666698276]
     [0.132480561412757, 0.29716600631094453, 0.060863075666698276]
     [0.132480561412757, 0.29716600631094453, 0.060863075666698276]

Gen: 63
     [0.132480561412757, 0.29716600631094453, 0.060863075666698276]
     [0.132480561412757, 0.29716600631094453, 0.060863075666698276]
     [0.132480561412757, 0.29716600631094453, 0.060863075666698276]
     [0.132480561412757, 0.29716600631094453, 0.060863075666698276]
     [0.132480561412757, 0.29716600631094453, 0.060863075666698276]
     [0.132480561412757, 0.29716600631094453, 0.060863075666698276]
     [0.132480561412757, 0.29716600631094453, 0.060863075666698276]
     [0.132480561412757, 0.29716600631094453, 0.060863075666698276]
     [0.132480561412757, 0.29716600631094453, 0.060863075666698276]
     [0.132480561412757, 0.29716600631094453, 0.060863075666698276]

Gen: 64
     [0.132480561412757, 0.29716600631094453, 0.060863075666698276]
     [0.132480561412757, 0.29716600631094453, 0.060863075666698276]
     [0.132480561412757, 0.29716600631094453, 0.060863075666698276]
     [0.132480561412757, 0.29716600631094453, 0.060863075666698276]
     [0.132480561412757, 0.29716600631094453, 0.060863075666698276]
     [0.132480561412757, 0.29716600631094453, 0.060863075666698276]
     [0.132480561412757, 0.29716600631094453, 0.060863075666698276]
     [0.132480561412757, 0.29716600631094453, 0.060863075666698276]
     [0.132480561412757, 0.29716600631094453, 0.060863075666698276]
     [0.132480561412757, 0.29716600631094453, 0.060863075666698276]

Gen: 65
     [0.132480561412757, 0.29716600631094453, 0.060863075666698276]
     [0.132480561412757, 0.29716600631094453, 0.060863075666698276]
     [0.132480561412757, 0.29716600631094453, 0.060863075666698276]
     [0.132480561412757, 0.29716600631094453, 0.060863075666698276]
     [0.132480561412757, 0.29716600631094453, 0.060863075666698276]
     [0.132480561412757, 0.29716600631094453, 0.060863075666698276]
     [0.132480561412757, 0.29716600631094453, 0.060863075666698276]
     [0.132480561412757, 0.29716600631094453, 0.060863075666698276]
     [0.132480561412757, 0.29716600631094453, 0.060863075666698276]
     [0.132480561412757, 0.29716600631094453, 0.060863075666698276]

Gen: 66
     [0.132480561412757, 0.29716600631094453, 0.060863075666698276]
     [0.132480561412757, 0.29716600631094453, 0.060863075666698276]
     [0.132480561412757, 0.29716600631094453, 0.060863075666698276]
     [0.132480561412757, 0.29716600631094453, 0.060863075666698276]
     [0.132480561412757, 0.29716600631094453, 0.060863075666698276]
     [0.132480561412757, 0.29716600631094453, 0.060863075666698276]
     [0.132480561412757, 0.29716600631094453, 0.060863075666698276]
     [0.132480561412757, 0.29716600631094453, 0.060863075666698276]
     [0.132480561412757, 0.29716600631094453, 0.060863075666698276]
     [0.132480561412757, 0.29716600631094453, 0.060863075666698276]

Gen: 67
     [0.132480561412757, 0.29716600631094453, 0.060863075666698276]
     [0.132480561412757, 0.29716600631094453, 0.060863075666698276]
     [0.132480561412757, 0.29716600631094453, 0.060863075666698276]
     [0.132480561412757, 0.29716600631094453, 0.060863075666698276]
     [0.132480561412757, 0.29716600631094453, 0.060863075666698276]
     [0.132480561412757, 0.29716600631094453, 0.060863075666698276]
     [0.132480561412757, 0.29716600631094453, 0.060863075666698276]
     [0.132480561412757, 0.29716600631094453, 0.060863075666698276]
     [0.132480561412757, 0.29716600631094453, 0.060863075666698276]
     [0.132480561412757, 0.29716600631094453, 0.060863075666698276]

Gen: 68
     [0.132480561412757, 0.29716600631094453, 0.060863075666698276]
     [0.132480561412757, 0.29716600631094453, 0.060863075666698276]
     [0.132480561412757, 0.29716600631094453, 0.060863075666698276]
     [0.132480561412757, 0.29716600631094453, 0.060863075666698276]
     [0.132480561412757, 0.29716600631094453, 0.060863075666698276]
     [0.132480561412757, 0.29716600631094453, 0.060863075666698276]
     [0.132480561412757, 0.29716600631094453, 0.060863075666698276]
     [0.132480561412757, 0.29716600631094453, 0.060863075666698276]
     [0.132480561412757, 0.29716600631094453, 0.060863075666698276]
     [0.132480561412757, 0.29716600631094453, 0.060863075666698276]

Gen: 69
     [0.132480561412757, 0.29716600631094453, 0.060863075666698276]
     [0.132480561412757, 0.29716600631094453, 0.060863075666698276]
     [0.132480561412757, 0.29716600631094453, 0.060863075666698276]
     [0.132480561412757, 0.29716600631094453, 0.060863075666698276]
     [0.132480561412757, 0.29716600631094453, 0.060863075666698276]
     [0.132480561412757, 0.29716600631094453, 0.060863075666698276]
     [0.132480561412757, 0.29716600631094453, 0.060863075666698276]
     [0.132480561412757, 0.29716600631094453, 0.060863075666698276]
     [0.132480561412757, 0.29716600631094453, 0.060863075666698276]
     [0.132480561412757, 0.29716600631094453, 0.060863075666698276]

Gen: 70
     [0.132480561412757, 0.29716600631094453, 0.060863075666698276]
     [0.132480561412757, 0.29716600631094453, 0.060863075666698276]
     [0.132480561412757, 0.29716600631094453, 0.060863075666698276]
     [0.132480561412757, 0.29716600631094453, 0.060863075666698276]
     [0.132480561412757, 0.29716600631094453, 0.060863075666698276]
     [0.132480561412757, 0.29716600631094453, 0.060863075666698276]
     [0.132480561412757, 0.29716600631094453, 0.060863075666698276]
     [0.132480561412757, 0.29716600631094453, 0.060863075666698276]
     [0.132480561412757, 0.29716600631094453, 0.060863075666698276]
     [0.132480561412757, 0.29716600631094453, 0.060863075666698276]

Gen: 71
     [0.132480561412757, 0.29716600631094453, 0.060863075666698276]
     [0.132480561412757, 0.29716600631094453, 0.060863075666698276]
     [0.132480561412757, 0.29716600631094453, 0.060863075666698276]
     [0.132480561412757, 0.29716600631094453, 0.060863075666698276]
     [0.132480561412757, 0.29716600631094453, 0.060863075666698276]
     [0.132480561412757, 0.29716600631094453, 0.060863075666698276]
     [0.132480561412757, 0.29716600631094453, 0.060863075666698276]
     [0.132480561412757, 0.29716600631094453, 0.060863075666698276]
     [0.132480561412757, 0.29716600631094453, 0.060863075666698276]
     [0.132480561412757, 0.29716600631094453, 0.060863075666698276]

Gen: 72
     [0.132480561412757, 0.29716600631094453, 0.060863075666698276]
     [0.132480561412757, 0.29716600631094453, 0.060863075666698276]
     [0.132480561412757, 0.29716600631094453, 0.060863075666698276]
     [0.132480561412757, 0.29716600631094453, 0.060863075666698276]
     [0.132480561412757, 0.29716600631094453, 0.060863075666698276]
     [0.132480561412757, 0.29716600631094453, 0.060863075666698276]
     [0.132480561412757, 0.29716600631094453, 0.060863075666698276]
     [0.132480561412757, 0.29716600631094453, 0.060863075666698276]
     [0.132480561412757, 0.29716600631094453, 0.060863075666698276]
     [0.132480561412757, 0.29716600631094453, 0.060863075666698276]

Gen: 73
     [0.132480561412757, 0.29716600631094453, 0.060863075666698276]
     [0.132480561412757, 0.29716600631094453, 0.060863075666698276]
     [0.132480561412757, 0.29716600631094453, 0.060863075666698276]
     [0.132480561412757, 0.29716600631094453, 0.060863075666698276]
     [0.132480561412757, 0.29716600631094453, 0.060863075666698276]
     [0.132480561412757, 0.29716600631094453, 0.060863075666698276]
     [0.132480561412757, 0.29716600631094453, 0.060863075666698276]
     [0.132480561412757, 0.29716600631094453, 0.060863075666698276]
     [0.132480561412757, 0.29716600631094453, 0.060863075666698276]
     [0.132480561412757, 0.29716600631094453, 0.060863075666698276]

Gen: 74
     [0.132480561412757, 0.29716600631094453, 0.060863075666698276]
     [0.132480561412757, 0.29716600631094453, 0.060863075666698276]
     [0.132480561412757, 0.29716600631094453, 0.060863075666698276]
     [0.132480561412757, 0.29716600631094453, 0.060863075666698276]
     [0.132480561412757, 0.29716600631094453, 0.060863075666698276]
     [0.132480561412757, 0.29716600631094453, 0.060863075666698276]
     [0.132480561412757, 0.29716600631094453, 0.060863075666698276]
     [0.132480561412757, 0.29716600631094453, 0.060863075666698276]
     [0.132480561412757, 0.29716600631094453, 0.060863075666698276]
     [0.132480561412757, 0.29716600631094453, 0.060863075666698276]

Gen: 75
     [0.132480561412757, 0.29716600631094453, 0.060863075666698276]
     [0.132480561412757, 0.29716600631094453, 0.060863075666698276]
     [0.132480561412757, 0.29716600631094453, 0.060863075666698276]
     [0.132480561412757, 0.29716600631094453, 0.060863075666698276]
     [0.132480561412757, 0.29716600631094453, 0.060863075666698276]
     [0.132480561412757, 0.29716600631094453, 0.060863075666698276]
     [0.132480561412757, 0.29716600631094453, 0.060863075666698276]
     [0.132480561412757, 0.29716600631094453, 0.060863075666698276]
     [0.132480561412757, 0.29716600631094453, 0.060863075666698276]
     [0.132480561412757, 0.29716600631094453, 0.060863075666698276]

Gen: 76
     [0.132480561412757, 0.29716600631094453, 0.060863075666698276]
     [0.132480561412757, 0.29716600631094453, 0.060863075666698276]
     [0.132480561412757, 0.29716600631094453, 0.060863075666698276]
     [0.132480561412757, 0.29716600631094453, 0.060863075666698276]
     [0.132480561412757, 0.29716600631094453, 0.060863075666698276]
     [0.132480561412757, 0.29716600631094453, 0.060863075666698276]
     [0.132480561412757, 0.29716600631094453, 0.060863075666698276]
     [0.132480561412757, 0.29716600631094453, 0.060863075666698276]
     [0.132480561412757, 0.29716600631094453, 0.060863075666698276]
     [0.132480561412757, 0.29716600631094453, 0.060863075666698276]

Gen: 77
     [0.132480561412757, 0.29716600631094453, 0.060863075666698276]
     [0.132480561412757, 0.29716600631094453, 0.060863075666698276]
     [0.132480561412757, 0.29716600631094453, 0.060863075666698276]
     [0.132480561412757, 0.29716600631094453, 0.060863075666698276]
     [0.132480561412757, 0.29716600631094453, 0.060863075666698276]
     [0.132480561412757, 0.29716600631094453, 0.060863075666698276]
     [0.132480561412757, 0.29716600631094453, 0.060863075666698276]
     [0.132480561412757, 0.29716600631094453, 0.060863075666698276]
     [0.132480561412757, 0.29716600631094453, 0.060863075666698276]
     [0.132480561412757, 0.29716600631094453, 0.060863075666698276]

Gen: 78
     [0.132480561412757, 0.29716600631094453, 0.060863075666698276]
     [0.132480561412757, 0.29716600631094453, 0.060863075666698276]
     [0.132480561412757, 0.29716600631094453, 0.060863075666698276]
     [0.132480561412757, 0.29716600631094453, 0.060863075666698276]
     [0.132480561412757, 0.29716600631094453, 0.060863075666698276]
     [0.132480561412757, 0.29716600631094453, 0.060863075666698276]
     [0.132480561412757, 0.29716600631094453, 0.060863075666698276]
     [0.132480561412757, 0.29716600631094453, 0.060863075666698276]
     [0.132480561412757, 0.29716600631094453, 0.060863075666698276]
     [0.132480561412757, 0.29716600631094453, 0.060863075666698276]

Gen: 79
     [0.132480561412757, 0.29716600631094453, 0.060863075666698276]
     [0.132480561412757, 0.29716600631094453, 0.060863075666698276]
     [0.132480561412757, 0.29716600631094453, 0.060863075666698276]
     [0.132480561412757, 0.29716600631094453, 0.060863075666698276]
     [0.132480561412757, 0.29716600631094453, 0.060863075666698276]
     [0.132480561412757, 0.29716600631094453, 0.060863075666698276]
     [0.132480561412757, 0.29716600631094453, 0.060863075666698276]
     [0.132480561412757, 0.29716600631094453, 0.060863075666698276]
     [0.132480561412757, 0.29716600631094453, 0.060863075666698276]
     [0.132480561412757, 0.29716600631094453, 0.060863075666698276]

Gen: 80
     [0.132480561412757, 0.29716600631094453, 0.060863075666698276]
     [0.132480561412757, 0.29716600631094453, 0.060863075666698276]
     [0.132480561412757, 0.29716600631094453, 0.060863075666698276]
     [0.132480561412757, 0.29716600631094453, 0.060863075666698276]
     [0.132480561412757, 0.29716600631094453, 0.060863075666698276]
     [0.132480561412757, 0.29716600631094453, 0.060863075666698276]
     [0.132480561412757, 0.29716600631094453, 0.060863075666698276]
     [0.132480561412757, 0.29716600631094453, 0.060863075666698276]
     [0.132480561412757, 0.29716600631094453, 0.060863075666698276]
     [0.132480561412757, 0.29716600631094453, 0.060863075666698276]

Gen: 81
     [0.132480561412757, 0.29716600631094453, 0.060863075666698276]
     [0.132480561412757, 0.29716600631094453, 0.060863075666698276]
     [0.132480561412757, 0.29716600631094453, 0.060863075666698276]
     [0.132480561412757, 0.29716600631094453, 0.060863075666698276]
     [0.132480561412757, 0.29716600631094453, 0.060863075666698276]
     [0.132480561412757, 0.29716600631094453, 0.060863075666698276]
     [0.132480561412757, 0.29716600631094453, 0.060863075666698276]
     [0.132480561412757, 0.29716600631094453, 0.060863075666698276]
     [0.132480561412757, 0.29716600631094453, 0.060863075666698276]
     [0.132480561412757, 0.29716600631094453, 0.060863075666698276]

Gen: 82
     [0.132480561412757, 0.29716600631094453, 0.060863075666698276]
     [0.132480561412757, 0.29716600631094453, 0.060863075666698276]
     [0.132480561412757, 0.29716600631094453, 0.060863075666698276]
     [0.132480561412757, 0.29716600631094453, 0.060863075666698276]
     [0.132480561412757, 0.29716600631094453, 0.060863075666698276]
     [0.132480561412757, 0.29716600631094453, 0.060863075666698276]
     [0.132480561412757, 0.29716600631094453, 0.060863075666698276]
     [0.132480561412757, 0.29716600631094453, 0.060863075666698276]
     [0.132480561412757, 0.29716600631094453, 0.060863075666698276]
     [0.132480561412757, 0.29716600631094453, 0.060863075666698276]

Gen: 83
     [0.132480561412757, 0.29716600631094453, 0.060863075666698276]
     [0.132480561412757, 0.29716600631094453, 0.060863075666698276]
     [0.132480561412757, 0.29716600631094453, 0.060863075666698276]
     [0.132480561412757, 0.29716600631094453, 0.060863075666698276]
     [0.132480561412757, 0.29716600631094453, 0.060863075666698276]
     [0.132480561412757, 0.29716600631094453, 0.060863075666698276]
     [0.132480561412757, 0.29716600631094453, 0.060863075666698276]
     [0.132480561412757, 0.29716600631094453, 0.060863075666698276]
     [0.132480561412757, 0.29716600631094453, 0.060863075666698276]
     [0.132480561412757, 0.29716600631094453, 0.060863075666698276]

Gen: 84
     [0.132480561412757, 0.29716600631094453, 0.060863075666698276]
     [0.132480561412757, 0.29716600631094453, 0.060863075666698276]
     [0.132480561412757, 0.29716600631094453, 0.060863075666698276]
     [0.132480561412757, 0.29716600631094453, 0.060863075666698276]
     [0.132480561412757, 0.29716600631094453, 0.060863075666698276]
     [0.132480561412757, 0.29716600631094453, 0.060863075666698276]
     [0.132480561412757, 0.29716600631094453, 0.060863075666698276]
     [0.132480561412757, 0.29716600631094453, 0.060863075666698276]
     [0.132480561412757, 0.29716600631094453, 0.060863075666698276]
     [0.132480561412757, 0.29716600631094453, 0.060863075666698276]

Gen: 85
     [0.132480561412757, 0.29716600631094453, 0.060863075666698276]
     [0.132480561412757, 0.29716600631094453, 0.060863075666698276]
     [0.132480561412757, 0.29716600631094453, 0.060863075666698276]
     [0.132480561412757, 0.29716600631094453, 0.060863075666698276]
     [0.132480561412757, 0.29716600631094453, 0.060863075666698276]
     [0.132480561412757, 0.29716600631094453, 0.060863075666698276]
     [0.132480561412757, 0.29716600631094453, 0.060863075666698276]
     [0.132480561412757, 0.29716600631094453, 0.060863075666698276]
     [0.132480561412757, 0.29716600631094453, 0.060863075666698276]
     [0.132480561412757, 0.29716600631094453, 0.060863075666698276]

Gen: 86
     [0.132480561412757, 0.29716600631094453, 0.060863075666698276]
     [0.132480561412757, 0.29716600631094453, 0.060863075666698276]
     [0.132480561412757, 0.29716600631094453, 0.060863075666698276]
     [0.132480561412757, 0.29716600631094453, 0.060863075666698276]
     [0.132480561412757, 0.29716600631094453, 0.060863075666698276]
     [0.132480561412757, 0.29716600631094453, 0.060863075666698276]
     [0.132480561412757, 0.29716600631094453, 0.060863075666698276]
     [0.132480561412757, 0.29716600631094453, 0.060863075666698276]
     [0.132480561412757, 0.29716600631094453, 0.060863075666698276]
     [0.132480561412757, 0.29716600631094453, 0.060863075666698276]

Gen: 87
     [0.132480561412757, 0.29716600631094453, 0.060863075666698276]
     [0.132480561412757, 0.29716600631094453, 0.060863075666698276]
     [0.132480561412757, 0.29716600631094453, 0.060863075666698276]
     [0.132480561412757, 0.29716600631094453, 0.060863075666698276]
     [0.132480561412757, 0.29716600631094453, 0.060863075666698276]
     [0.132480561412757, 0.29716600631094453, 0.060863075666698276]
     [0.132480561412757, 0.29716600631094453, 0.060863075666698276]
     [0.132480561412757, 0.29716600631094453, 0.060863075666698276]
     [0.132480561412757, 0.29716600631094453, 0.060863075666698276]
     [0.132480561412757, 0.29716600631094453, 0.060863075666698276]

Gen: 88
     [0.132480561412757, 0.29716600631094453, 0.060863075666698276]
     [0.132480561412757, 0.29716600631094453, 0.060863075666698276]
     [0.132480561412757, 0.29716600631094453, 0.060863075666698276]
     [0.132480561412757, 0.29716600631094453, 0.060863075666698276]
     [0.132480561412757, 0.29716600631094453, 0.060863075666698276]
     [0.132480561412757, 0.29716600631094453, 0.060863075666698276]
     [0.132480561412757, 0.29716600631094453, 0.060863075666698276]
     [0.132480561412757, 0.29716600631094453, 0.060863075666698276]
     [0.132480561412757, 0.29716600631094453, 0.060863075666698276]
     [0.132480561412757, 0.29716600631094453, 0.060863075666698276]

Gen: 89
     [0.132480561412757, 0.29716600631094453, 0.060863075666698276]
     [0.132480561412757, 0.29716600631094453, 0.060863075666698276]
     [0.132480561412757, 0.29716600631094453, 0.060863075666698276]
     [0.132480561412757, 0.29716600631094453, 0.060863075666698276]
     [0.132480561412757, 0.29716600631094453, 0.060863075666698276]
     [0.132480561412757, 0.29716600631094453, 0.060863075666698276]
     [0.132480561412757, 0.29716600631094453, 0.060863075666698276]
     [0.132480561412757, 0.29716600631094453, 0.060863075666698276]
     [0.132480561412757, 0.29716600631094453, 0.060863075666698276]
     [0.132480561412757, 0.29716600631094453, 0.060863075666698276]

Gen: 90
     [0.132480561412757, 0.29716600631094453, 0.060863075666698276]
     [0.132480561412757, 0.29716600631094453, 0.060863075666698276]
     [0.132480561412757, 0.29716600631094453, 0.060863075666698276]
     [0.132480561412757, 0.29716600631094453, 0.060863075666698276]
     [0.132480561412757, 0.29716600631094453, 0.060863075666698276]
     [0.132480561412757, 0.29716600631094453, 0.060863075666698276]
     [0.132480561412757, 0.29716600631094453, 0.060863075666698276]
     [0.132480561412757, 0.29716600631094453, 0.060863075666698276]
     [0.132480561412757, 0.29716600631094453, 0.060863075666698276]
     [0.132480561412757, 0.29716600631094453, 0.060863075666698276]

Gen: 91
     [0.132480561412757, 0.29716600631094453, 0.060863075666698276]
     [0.132480561412757, 0.29716600631094453, 0.060863075666698276]
     [0.132480561412757, 0.29716600631094453, 0.060863075666698276]
     [0.132480561412757, 0.29716600631094453, 0.060863075666698276]
     [0.132480561412757, 0.29716600631094453, 0.060863075666698276]
     [0.132480561412757, 0.29716600631094453, 0.060863075666698276]
     [0.132480561412757, 0.29716600631094453, 0.060863075666698276]
     [0.132480561412757, 0.29716600631094453, 0.060863075666698276]
     [0.132480561412757, 0.29716600631094453, 0.060863075666698276]
     [0.132480561412757, 0.29716600631094453, 0.060863075666698276]

Gen: 92
     [0.132480561412757, 0.29716600631094453, 0.060863075666698276]
     [0.132480561412757, 0.29716600631094453, 0.060863075666698276]
     [0.132480561412757, 0.29716600631094453, 0.060863075666698276]
     [0.132480561412757, 0.29716600631094453, 0.060863075666698276]
     [0.132480561412757, 0.29716600631094453, 0.060863075666698276]
     [0.132480561412757, 0.29716600631094453, 0.060863075666698276]
     [0.132480561412757, 0.29716600631094453, 0.060863075666698276]
     [0.132480561412757, 0.29716600631094453, 0.060863075666698276]
     [0.132480561412757, 0.29716600631094453, 0.060863075666698276]
     [0.132480561412757, 0.29716600631094453, 0.060863075666698276]

Gen: 93
     [0.132480561412757, 0.29716600631094453, 0.060863075666698276]
     [0.132480561412757, 0.29716600631094453, 0.060863075666698276]
     [0.132480561412757, 0.29716600631094453, 0.060863075666698276]
     [0.132480561412757, 0.29716600631094453, 0.060863075666698276]
     [0.132480561412757, 0.29716600631094453, 0.060863075666698276]
     [0.132480561412757, 0.29716600631094453, 0.060863075666698276]
     [0.132480561412757, 0.29716600631094453, 0.060863075666698276]
     [0.132480561412757, 0.29716600631094453, 0.060863075666698276]
     [0.132480561412757, 0.29716600631094453, 0.060863075666698276]
     [0.132480561412757, 0.29716600631094453, 0.060863075666698276]

Gen: 94
     [0.132480561412757, 0.29716600631094453, 0.060863075666698276]
     [0.132480561412757, 0.29716600631094453, 0.060863075666698276]
     [0.132480561412757, 0.29716600631094453, 0.060863075666698276]
     [0.132480561412757, 0.29716600631094453, 0.060863075666698276]
     [0.132480561412757, 0.29716600631094453, 0.060863075666698276]
     [0.132480561412757, 0.29716600631094453, 0.060863075666698276]
     [0.132480561412757, 0.29716600631094453, 0.060863075666698276]
     [0.132480561412757, 0.29716600631094453, 0.060863075666698276]
     [0.132480561412757, 0.29716600631094453, 0.060863075666698276]
     [0.132480561412757, 0.29716600631094453, 0.060863075666698276]

