Gen: 2
     [0.10791436039360394, 0.6166635032859618, 0.09696066946630494]
     [0.12353936039360394, 0.5989465942252485, 0.0977130849954274]
     [0.11540013837638377, 0.614534152648936, 0.08991365573013363]
     [0.14320994772447723, 0.5890175330375572, 0.08265254001413073]
     [0.10510679325543255, 0.6054829296068709, 0.10366817863445757]
     [0.14186462177121772, 0.5829557047616788, 0.08524317397009301]
     [0.12440901752767528, 0.5585779022040855, 0.09294472804460661]
     [0.15932022601476015, 0.5208842439915538, 0.08723432238252683]
     [0.130158684399344, 0.521702768748962, 0.0882436602874472]
     [0.12513293101681017, 0.49045647583572566, 0.07097786491388512]

Gen: 3
     [0.12440901752767528, 0.5585779022040855, 0.09294472804460661]
     [0.15932022601476015, 0.5208842439915538, 0.08723432238252683]
     [0.15932022601476015, 0.5208842439915538, 0.08723432238252683]
     [0.11540013837638377, 0.5609978884433794, 0.08508106818536337]
     [0.10950953259532595, 0.5519466654013144, 0.09291414204748782]
     [0.130158684399344, 0.521702768748962, 0.0882436602874472]
     [0.130158684399344, 0.521702768748962, 0.0882436602874472]
     [0.12513293101681017, 0.49045647583572566, 0.07097786491388512]
     [0.12259282749077491, 0.49045647583572566, 0.07052825075623878]
     [0.12122828259532595, 0.48314313506844764, 0.07254998516579139]

Gen: 4
     [0.129703836100861, 0.5169932857244537, 0.09827892594212517]
     [0.130158684399344, 0.521702768748962, 0.0882436602874472]
     [0.130158684399344, 0.521702768748962, 0.0882436602874472]
     [0.130158684399344, 0.521702768748962, 0.0882436602874472]
     [0.130158684399344, 0.521702768748962, 0.0882436602874472]
     [0.12513293101681017, 0.49045647583572566, 0.07097786491388512]
     [0.12259282749077491, 0.49045647583572566, 0.07052825075623878]
     [0.12513293101681017, 0.48276352938385253, 0.07185874163090654]
     [0.12122828259532595, 0.48314313506844764, 0.07254998516579139]
     [0.1416371976219762, 0.4040605945574035, 0.05793905434214108]

Gen: 5
     [0.12259282749077491, 0.49045647583572566, 0.07052825075623878]
     [0.12072378536285362, 0.48314313506844764, 0.0770705955399499]
     [0.12513293101681017, 0.48276352938385253, 0.07185874163090654]
     [0.12122828259532595, 0.48314313506844764, 0.07254998516579139]
     [0.14159075184501846, 0.4621877150110323, 0.07003887480233799]
     [0.12812628126281264, 0.4454198201618069, 0.06520322865785586]
     [0.1480595274702747, 0.4123229495361693, 0.0675889364331222]
     [0.1416371976219762, 0.4040605945574035, 0.05793905434214108]
     [0.1416371976219762, 0.4040605945574035, 0.05793905434214108]
     [0.1416371976219762, 0.4040605945574035, 0.05793905434214108]

Gen: 6
     [0.1480595274702747, 0.4123229495361693, 0.0675889364331222]
     [0.1480595274702747, 0.4123229495361693, 0.0675889364331222]
     [0.1480595274702747, 0.4123229495361693, 0.0675889364331222]
     [0.10652098708487084, 0.4549870696813685, 0.06388497218203562]
     [0.14159075184501846, 0.41175354100927664, 0.05803998813263312]
     [0.1416371976219762, 0.4040605945574035, 0.05793905434214108]
     [0.1416371976219762, 0.4040605945574035, 0.05793905434214108]
     [0.1416371976219762, 0.4040605945574035, 0.05793905434214108]
     [0.1416371976219762, 0.4040605945574035, 0.05793905434214108]
     [0.1416371976219762, 0.4040605945574035, 0.05793905434214108]

Gen: 7
     [0.14159075184501846, 0.4040605945574035, 0.05848960229027946]
     [0.1416371976219762, 0.4040605945574035, 0.05793905434214108]
     [0.1416371976219762, 0.4040605945574035, 0.05793905434214108]
     [0.1416371976219762, 0.4040605945574035, 0.05793905434214108]
     [0.1416371976219762, 0.4040605945574035, 0.05793905434214108]
     [0.1416371976219762, 0.4040605945574035, 0.05793905434214108]
     [0.1416371976219762, 0.4040605945574035, 0.05793905434214108]
     [0.1416371976219762, 0.4040605945574035, 0.05793905434214108]
     [0.1416371976219762, 0.4040605945574035, 0.05793905434214108]
     [0.1416371976219762, 0.4040605945574035, 0.05793905434214108]

Gen: 8
     [0.1416371976219762, 0.4040605945574035, 0.05793905434214108]
     [0.1416371976219762, 0.4040605945574035, 0.05793905434214108]
     [0.1416371976219762, 0.4040605945574035, 0.05793905434214108]
     [0.1416371976219762, 0.4040605945574035, 0.05793905434214108]
     [0.1416371976219762, 0.4040605945574035, 0.05793905434214108]
     [0.1416371976219762, 0.4040605945574035, 0.05793905434214108]
     [0.1416371976219762, 0.4040605945574035, 0.05793905434214108]
     [0.1416371976219762, 0.4040605945574035, 0.05793905434214108]
     [0.1416371976219762, 0.4040605945574035, 0.05793905434214108]
     [0.1416371976219762, 0.4040605945574035, 0.05793905434214108]

Gen: 9
     [0.1416371976219762, 0.4040605945574035, 0.05793905434214108]
     [0.1416371976219762, 0.4040605945574035, 0.05793905434214108]
     [0.1416371976219762, 0.4040605945574035, 0.05793905434214108]
     [0.1416371976219762, 0.4040605945574035, 0.05793905434214108]
     [0.1416371976219762, 0.4040605945574035, 0.05793905434214108]
     [0.1416371976219762, 0.4040605945574035, 0.05793905434214108]
     [0.1416371976219762, 0.4040605945574035, 0.05793905434214108]
     [0.1416371976219762, 0.4040605945574035, 0.05793905434214108]
     [0.1416371976219762, 0.4040605945574035, 0.05793905434214108]
     [0.1416371976219762, 0.4040605945574035, 0.05793905434214108]

Gen: 10
     [0.1416371976219762, 0.4040605945574035, 0.05793905434214108]
     [0.1416371976219762, 0.4040605945574035, 0.05793905434214108]
     [0.1416371976219762, 0.4040605945574035, 0.05793905434214108]
     [0.1416371976219762, 0.4040605945574035, 0.05793905434214108]
     [0.1416371976219762, 0.4040605945574035, 0.05793905434214108]
     [0.1416371976219762, 0.4040605945574035, 0.05793905434214108]
     [0.1416371976219762, 0.4040605945574035, 0.05793905434214108]
     [0.1416371976219762, 0.4040605945574035, 0.05793905434214108]
     [0.1416371976219762, 0.4040605945574035, 0.05793905434214108]
     [0.1416371976219762, 0.4040605945574035, 0.05793905434214108]

Gen: 11
     [0.1416371976219762, 0.4040605945574035, 0.05793905434214108]
     [0.1416371976219762, 0.4040605945574035, 0.05793905434214108]
     [0.1416371976219762, 0.4040605945574035, 0.05793905434214108]
     [0.1416371976219762, 0.4040605945574035, 0.05793905434214108]
     [0.1416371976219762, 0.4040605945574035, 0.05793905434214108]
     [0.1416371976219762, 0.4040605945574035, 0.05793905434214108]
     [0.1416371976219762, 0.4040605945574035, 0.05793905434214108]
     [0.1416371976219762, 0.4040605945574035, 0.05793905434214108]
     [0.1416371976219762, 0.4040605945574035, 0.05793905434214108]
     [0.1416371976219762, 0.4040605945574035, 0.05793905434214108]

Gen: 12
     [0.1416371976219762, 0.4040605945574035, 0.05793905434214108]
     [0.1416371976219762, 0.4040605945574035, 0.05793905434214108]
     [0.1416371976219762, 0.4040605945574035, 0.05793905434214108]
     [0.1416371976219762, 0.4040605945574035, 0.05793905434214108]
     [0.1416371976219762, 0.4040605945574035, 0.05793905434214108]
     [0.1416371976219762, 0.4040605945574035, 0.05793905434214108]
     [0.1416371976219762, 0.4040605945574035, 0.05793905434214108]
     [0.1416371976219762, 0.4040605945574035, 0.05793905434214108]
     [0.1416371976219762, 0.4040605945574035, 0.05793905434214108]
     [0.1416371976219762, 0.4040605945574035, 0.05793905434214108]

Gen: 13
     [0.1416371976219762, 0.4040605945574035, 0.05793905434214108]
     [0.1416371976219762, 0.4040605945574035, 0.05793905434214108]
     [0.1416371976219762, 0.4040605945574035, 0.05793905434214108]
     [0.1416371976219762, 0.4040605945574035, 0.05793905434214108]
     [0.1416371976219762, 0.4040605945574035, 0.05793905434214108]
     [0.1416371976219762, 0.4040605945574035, 0.05793905434214108]
     [0.1416371976219762, 0.4040605945574035, 0.05793905434214108]
     [0.1416371976219762, 0.4040605945574035, 0.05793905434214108]
     [0.1416371976219762, 0.4040605945574035, 0.05793905434214108]
     [0.1416371976219762, 0.4040605945574035, 0.05793905434214108]

Gen: 14
     [0.1416371976219762, 0.4040605945574035, 0.05793905434214108]
     [0.1416371976219762, 0.4040605945574035, 0.05793905434214108]
     [0.1416371976219762, 0.4040605945574035, 0.05793905434214108]
     [0.1416371976219762, 0.4040605945574035, 0.05793905434214108]
     [0.1416371976219762, 0.4040605945574035, 0.05793905434214108]
     [0.1416371976219762, 0.4040605945574035, 0.05793905434214108]
     [0.1416371976219762, 0.4040605945574035, 0.05793905434214108]
     [0.1416371976219762, 0.4040605945574035, 0.05793905434214108]
     [0.1416371976219762, 0.4040605945574035, 0.05793905434214108]
     [0.1416371976219762, 0.4040605945574035, 0.05793905434214108]

Gen: 15
     [0.1416371976219762, 0.4040605945574035, 0.05793905434214108]
     [0.1416371976219762, 0.4040605945574035, 0.05793905434214108]
     [0.1416371976219762, 0.4040605945574035, 0.05793905434214108]
     [0.1416371976219762, 0.4040605945574035, 0.05793905434214108]
     [0.1416371976219762, 0.4040605945574035, 0.05793905434214108]
     [0.1416371976219762, 0.4040605945574035, 0.05793905434214108]
     [0.1416371976219762, 0.4040605945574035, 0.05793905434214108]
     [0.1416371976219762, 0.4040605945574035, 0.05793905434214108]
     [0.1416371976219762, 0.4040605945574035, 0.05793905434214108]
     [0.1416371976219762, 0.4040605945574035, 0.05793905434214108]

Gen: 16
     [0.1416371976219762, 0.4040605945574035, 0.05793905434214108]
     [0.1416371976219762, 0.4040605945574035, 0.05793905434214108]
     [0.1416371976219762, 0.4040605945574035, 0.05793905434214108]
     [0.1416371976219762, 0.4040605945574035, 0.05793905434214108]
     [0.1416371976219762, 0.4040605945574035, 0.05793905434214108]
     [0.1416371976219762, 0.4040605945574035, 0.05793905434214108]
     [0.1416371976219762, 0.4040605945574035, 0.05793905434214108]
     [0.1416371976219762, 0.4040605945574035, 0.05793905434214108]
     [0.1416371976219762, 0.4040605945574035, 0.05793905434214108]
     [0.1416371976219762, 0.4040605945574035, 0.05793905434214108]

Gen: 17
     [0.1416371976219762, 0.4040605945574035, 0.05793905434214108]
     [0.1416371976219762, 0.4040605945574035, 0.05793905434214108]
     [0.1416371976219762, 0.4040605945574035, 0.05793905434214108]
     [0.1416371976219762, 0.4040605945574035, 0.05793905434214108]
     [0.1416371976219762, 0.4040605945574035, 0.05793905434214108]
     [0.1416371976219762, 0.4040605945574035, 0.05793905434214108]
     [0.1416371976219762, 0.4040605945574035, 0.05793905434214108]
     [0.1416371976219762, 0.4040605945574035, 0.05793905434214108]
     [0.1416371976219762, 0.4040605945574035, 0.05793905434214108]
     [0.1416371976219762, 0.4040605945574035, 0.05793905434214108]

Gen: 18
     [0.1416371976219762, 0.4040605945574035, 0.05793905434214108]
     [0.1416371976219762, 0.4040605945574035, 0.05793905434214108]
     [0.1416371976219762, 0.4040605945574035, 0.05793905434214108]
     [0.1416371976219762, 0.4040605945574035, 0.05793905434214108]
     [0.1416371976219762, 0.4040605945574035, 0.05793905434214108]
     [0.1416371976219762, 0.4040605945574035, 0.05793905434214108]
     [0.1416371976219762, 0.4040605945574035, 0.05793905434214108]
     [0.1416371976219762, 0.4040605945574035, 0.05793905434214108]
     [0.1416371976219762, 0.4040605945574035, 0.05793905434214108]
     [0.1416371976219762, 0.4040605945574035, 0.05793905434214108]

Gen: 19
     [0.1416371976219762, 0.4040605945574035, 0.05793905434214108]
     [0.1416371976219762, 0.4040605945574035, 0.05793905434214108]
     [0.1416371976219762, 0.4040605945574035, 0.05793905434214108]
     [0.1416371976219762, 0.4040605945574035, 0.05793905434214108]
     [0.1416371976219762, 0.4040605945574035, 0.05793905434214108]
     [0.1416371976219762, 0.4040605945574035, 0.05793905434214108]
     [0.1416371976219762, 0.4040605945574035, 0.05793905434214108]
     [0.1416371976219762, 0.4040605945574035, 0.05793905434214108]
     [0.1416371976219762, 0.4040605945574035, 0.05793905434214108]
     [0.1416371976219762, 0.4040605945574035, 0.05793905434214108]

Gen: 20
     [0.1416371976219762, 0.4040605945574035, 0.05793905434214108]
     [0.1416371976219762, 0.4040605945574035, 0.05793905434214108]
     [0.1416371976219762, 0.4040605945574035, 0.05793905434214108]
     [0.1416371976219762, 0.4040605945574035, 0.05793905434214108]
     [0.1416371976219762, 0.4040605945574035, 0.05793905434214108]
     [0.1416371976219762, 0.4040605945574035, 0.05793905434214108]
     [0.1416371976219762, 0.4040605945574035, 0.05793905434214108]
     [0.1416371976219762, 0.4040605945574035, 0.05793905434214108]
     [0.1416371976219762, 0.4040605945574035, 0.05793905434214108]
     [0.1416371976219762, 0.4040605945574035, 0.05793905434214108]

Gen: 21
     [0.1416371976219762, 0.4040605945574035, 0.05793905434214108]
     [0.1416371976219762, 0.4040605945574035, 0.05793905434214108]
     [0.1416371976219762, 0.4040605945574035, 0.05793905434214108]
     [0.1416371976219762, 0.4040605945574035, 0.05793905434214108]
     [0.1416371976219762, 0.4040605945574035, 0.05793905434214108]
     [0.1416371976219762, 0.4040605945574035, 0.05793905434214108]
     [0.1416371976219762, 0.4040605945574035, 0.05793905434214108]
     [0.1416371976219762, 0.4040605945574035, 0.05793905434214108]
     [0.1416371976219762, 0.4040605945574035, 0.05793905434214108]
     [0.1416371976219762, 0.4040605945574035, 0.05793905434214108]

Gen: 22
     [0.1416371976219762, 0.4040605945574035, 0.05793905434214108]
     [0.1416371976219762, 0.4040605945574035, 0.05793905434214108]
     [0.1416371976219762, 0.4040605945574035, 0.05793905434214108]
     [0.1416371976219762, 0.4040605945574035, 0.05793905434214108]
     [0.1416371976219762, 0.4040605945574035, 0.05793905434214108]
     [0.1416371976219762, 0.4040605945574035, 0.05793905434214108]
     [0.1416371976219762, 0.4040605945574035, 0.05793905434214108]
     [0.1416371976219762, 0.4040605945574035, 0.05793905434214108]
     [0.1416371976219762, 0.4040605945574035, 0.05793905434214108]
     [0.1416371976219762, 0.4040605945574035, 0.05793905434214108]

Gen: 23
     [0.1416371976219762, 0.4040605945574035, 0.05793905434214108]
     [0.1416371976219762, 0.4040605945574035, 0.05793905434214108]
     [0.1416371976219762, 0.4040605945574035, 0.05793905434214108]
     [0.1416371976219762, 0.4040605945574035, 0.05793905434214108]
     [0.1416371976219762, 0.4040605945574035, 0.05793905434214108]
     [0.1416371976219762, 0.4040605945574035, 0.05793905434214108]
     [0.1416371976219762, 0.4040605945574035, 0.05793905434214108]
     [0.1416371976219762, 0.4040605945574035, 0.05793905434214108]
     [0.1416371976219762, 0.4040605945574035, 0.05793905434214108]
     [0.1416371976219762, 0.4040605945574035, 0.05793905434214108]

Gen: 24
     [0.1416371976219762, 0.4040605945574035, 0.05793905434214108]
     [0.1416371976219762, 0.4040605945574035, 0.05793905434214108]
     [0.1416371976219762, 0.4040605945574035, 0.05793905434214108]
     [0.1416371976219762, 0.4040605945574035, 0.05793905434214108]
     [0.1416371976219762, 0.4040605945574035, 0.05793905434214108]
     [0.1416371976219762, 0.4040605945574035, 0.05793905434214108]
     [0.1416371976219762, 0.4040605945574035, 0.05793905434214108]
     [0.1416371976219762, 0.4040605945574035, 0.05793905434214108]
     [0.1416371976219762, 0.4040605945574035, 0.05793905434214108]
     [0.1416371976219762, 0.4040605945574035, 0.05793905434214108]

Gen: 25
     [0.1416371976219762, 0.4040605945574035, 0.05793905434214108]
     [0.1416371976219762, 0.4040605945574035, 0.05793905434214108]
     [0.1416371976219762, 0.4040605945574035, 0.05793905434214108]
     [0.1416371976219762, 0.4040605945574035, 0.05793905434214108]
     [0.1416371976219762, 0.4040605945574035, 0.05793905434214108]
     [0.1416371976219762, 0.4040605945574035, 0.05793905434214108]
     [0.1416371976219762, 0.4040605945574035, 0.05793905434214108]
     [0.1416371976219762, 0.4040605945574035, 0.05793905434214108]
     [0.1416371976219762, 0.4040605945574035, 0.05793905434214108]
     [0.1416371976219762, 0.4040605945574035, 0.05793905434214108]

Gen: 26
     [0.1416371976219762, 0.4040605945574035, 0.05793905434214108]
     [0.1416371976219762, 0.4040605945574035, 0.05793905434214108]
     [0.1416371976219762, 0.4040605945574035, 0.05793905434214108]
     [0.1416371976219762, 0.4040605945574035, 0.05793905434214108]
     [0.1416371976219762, 0.4040605945574035, 0.05793905434214108]
     [0.1416371976219762, 0.4040605945574035, 0.05793905434214108]
     [0.1416371976219762, 0.4040605945574035, 0.05793905434214108]
     [0.1416371976219762, 0.4040605945574035, 0.05793905434214108]
     [0.1416371976219762, 0.4040605945574035, 0.05793905434214108]
     [0.1416371976219762, 0.4040605945574035, 0.05793905434214108]

Gen: 27
     [0.1416371976219762, 0.4040605945574035, 0.05793905434214108]
     [0.1416371976219762, 0.4040605945574035, 0.05793905434214108]
     [0.1416371976219762, 0.4040605945574035, 0.05793905434214108]
     [0.1416371976219762, 0.4040605945574035, 0.05793905434214108]
     [0.1416371976219762, 0.4040605945574035, 0.05793905434214108]
     [0.1416371976219762, 0.4040605945574035, 0.05793905434214108]
     [0.1416371976219762, 0.4040605945574035, 0.05793905434214108]
     [0.1416371976219762, 0.4040605945574035, 0.05793905434214108]
     [0.1416371976219762, 0.4040605945574035, 0.05793905434214108]
     [0.1416371976219762, 0.4040605945574035, 0.05793905434214108]

Gen: 28
     [0.1416371976219762, 0.4040605945574035, 0.05793905434214108]
     [0.1416371976219762, 0.4040605945574035, 0.05793905434214108]
     [0.1416371976219762, 0.4040605945574035, 0.05793905434214108]
     [0.1416371976219762, 0.4040605945574035, 0.05793905434214108]
     [0.1416371976219762, 0.4040605945574035, 0.05793905434214108]
     [0.1416371976219762, 0.4040605945574035, 0.05793905434214108]
     [0.1416371976219762, 0.4040605945574035, 0.05793905434214108]
     [0.1416371976219762, 0.4040605945574035, 0.05793905434214108]
     [0.1416371976219762, 0.4040605945574035, 0.05793905434214108]
     [0.1416371976219762, 0.4040605945574035, 0.05793905434214108]

Gen: 29
     [0.1416371976219762, 0.4040605945574035, 0.05793905434214108]
     [0.1416371976219762, 0.4040605945574035, 0.05793905434214108]
     [0.1416371976219762, 0.4040605945574035, 0.05793905434214108]
     [0.1416371976219762, 0.4040605945574035, 0.05793905434214108]
     [0.1416371976219762, 0.4040605945574035, 0.05793905434214108]
     [0.1416371976219762, 0.4040605945574035, 0.05793905434214108]
     [0.1416371976219762, 0.4040605945574035, 0.05793905434214108]
     [0.1416371976219762, 0.4040605945574035, 0.05793905434214108]
     [0.1416371976219762, 0.4040605945574035, 0.05793905434214108]
     [0.1416371976219762, 0.4040605945574035, 0.05793905434214108]

Gen: 30
     [0.1416371976219762, 0.4040605945574035, 0.05793905434214108]
     [0.1416371976219762, 0.4040605945574035, 0.05793905434214108]
     [0.1416371976219762, 0.4040605945574035, 0.05793905434214108]
     [0.1416371976219762, 0.4040605945574035, 0.05793905434214108]
     [0.1416371976219762, 0.4040605945574035, 0.05793905434214108]
     [0.1416371976219762, 0.4040605945574035, 0.05793905434214108]
     [0.1416371976219762, 0.4040605945574035, 0.05793905434214108]
     [0.1416371976219762, 0.4040605945574035, 0.05793905434214108]
     [0.1416371976219762, 0.4040605945574035, 0.05793905434214108]
     [0.1416371976219762, 0.4040605945574035, 0.05793905434214108]

Gen: 31
     [0.1416371976219762, 0.4040605945574035, 0.05793905434214108]
     [0.1416371976219762, 0.4040605945574035, 0.05793905434214108]
     [0.1416371976219762, 0.4040605945574035, 0.05793905434214108]
     [0.1416371976219762, 0.4040605945574035, 0.05793905434214108]
     [0.1416371976219762, 0.4040605945574035, 0.05793905434214108]
     [0.1416371976219762, 0.4040605945574035, 0.05793905434214108]
     [0.1416371976219762, 0.4040605945574035, 0.05793905434214108]
     [0.1416371976219762, 0.4040605945574035, 0.05793905434214108]
     [0.1416371976219762, 0.4040605945574035, 0.05793905434214108]
     [0.1416371976219762, 0.4040605945574035, 0.05793905434214108]

Gen: 32
     [0.1416371976219762, 0.4040605945574035, 0.05793905434214108]
     [0.1416371976219762, 0.4040605945574035, 0.05793905434214108]
     [0.1416371976219762, 0.4040605945574035, 0.05793905434214108]
     [0.1416371976219762, 0.4040605945574035, 0.05793905434214108]
     [0.1416371976219762, 0.4040605945574035, 0.05793905434214108]
     [0.1416371976219762, 0.4040605945574035, 0.05793905434214108]
     [0.1416371976219762, 0.4040605945574035, 0.05793905434214108]
     [0.1416371976219762, 0.4040605945574035, 0.05793905434214108]
     [0.1416371976219762, 0.4040605945574035, 0.05793905434214108]
     [0.1416371976219762, 0.4040605945574035, 0.05793905434214108]

Gen: 33
     [0.1416371976219762, 0.4040605945574035, 0.05793905434214108]
     [0.1416371976219762, 0.4040605945574035, 0.05793905434214108]
     [0.1416371976219762, 0.4040605945574035, 0.05793905434214108]
     [0.1416371976219762, 0.4040605945574035, 0.05793905434214108]
     [0.1416371976219762, 0.4040605945574035, 0.05793905434214108]
     [0.1416371976219762, 0.4040605945574035, 0.05793905434214108]
     [0.1416371976219762, 0.4040605945574035, 0.05793905434214108]
     [0.1416371976219762, 0.4040605945574035, 0.05793905434214108]
     [0.1416371976219762, 0.4040605945574035, 0.05793905434214108]
     [0.1416371976219762, 0.4040605945574035, 0.05793905434214108]

Gen: 34
     [0.1416371976219762, 0.4040605945574035, 0.05793905434214108]
     [0.1416371976219762, 0.4040605945574035, 0.05793905434214108]
     [0.1416371976219762, 0.4040605945574035, 0.05793905434214108]
     [0.1416371976219762, 0.4040605945574035, 0.05793905434214108]
     [0.1416371976219762, 0.4040605945574035, 0.05793905434214108]
     [0.1416371976219762, 0.4040605945574035, 0.05793905434214108]
     [0.1416371976219762, 0.4040605945574035, 0.05793905434214108]
     [0.1416371976219762, 0.4040605945574035, 0.05793905434214108]
     [0.1416371976219762, 0.4040605945574035, 0.05793905434214108]
     [0.1416371976219762, 0.4040605945574035, 0.05793905434214108]

Gen: 35
     [0.1416371976219762, 0.4040605945574035, 0.05793905434214108]
     [0.1416371976219762, 0.4040605945574035, 0.05793905434214108]
     [0.1416371976219762, 0.4040605945574035, 0.05793905434214108]
     [0.1416371976219762, 0.4040605945574035, 0.05793905434214108]
     [0.1416371976219762, 0.4040605945574035, 0.05793905434214108]
     [0.1416371976219762, 0.4040605945574035, 0.05793905434214108]
     [0.1416371976219762, 0.4040605945574035, 0.05793905434214108]
     [0.1416371976219762, 0.4040605945574035, 0.05793905434214108]
     [0.1416371976219762, 0.4040605945574035, 0.05793905434214108]
     [0.1416371976219762, 0.4040605945574035, 0.05793905434214108]

Gen: 36
     [0.1416371976219762, 0.4040605945574035, 0.05793905434214108]
     [0.1416371976219762, 0.4040605945574035, 0.05793905434214108]
     [0.1416371976219762, 0.4040605945574035, 0.05793905434214108]
     [0.1416371976219762, 0.4040605945574035, 0.05793905434214108]
     [0.1416371976219762, 0.4040605945574035, 0.05793905434214108]
     [0.1416371976219762, 0.4040605945574035, 0.05793905434214108]
     [0.1416371976219762, 0.4040605945574035, 0.05793905434214108]
     [0.1416371976219762, 0.4040605945574035, 0.05793905434214108]
     [0.1416371976219762, 0.4040605945574035, 0.05793905434214108]
     [0.1416371976219762, 0.4040605945574035, 0.05793905434214108]

Gen: 37
     [0.1416371976219762, 0.4040605945574035, 0.05793905434214108]
     [0.1416371976219762, 0.4040605945574035, 0.05793905434214108]
     [0.1416371976219762, 0.4040605945574035, 0.05793905434214108]
     [0.1416371976219762, 0.4040605945574035, 0.05793905434214108]
     [0.1416371976219762, 0.4040605945574035, 0.05793905434214108]
     [0.1416371976219762, 0.4040605945574035, 0.05793905434214108]
     [0.1416371976219762, 0.4040605945574035, 0.05793905434214108]
     [0.1416371976219762, 0.4040605945574035, 0.05793905434214108]
     [0.1416371976219762, 0.4040605945574035, 0.05793905434214108]
     [0.1416371976219762, 0.4040605945574035, 0.05793905434214108]

Gen: 38
     [0.1416371976219762, 0.4040605945574035, 0.05793905434214108]
     [0.1416371976219762, 0.4040605945574035, 0.05793905434214108]
     [0.1416371976219762, 0.4040605945574035, 0.05793905434214108]
     [0.1416371976219762, 0.4040605945574035, 0.05793905434214108]
     [0.1416371976219762, 0.4040605945574035, 0.05793905434214108]
     [0.1416371976219762, 0.4040605945574035, 0.05793905434214108]
     [0.1416371976219762, 0.4040605945574035, 0.05793905434214108]
     [0.1416371976219762, 0.4040605945574035, 0.05793905434214108]
     [0.1416371976219762, 0.4040605945574035, 0.05793905434214108]
     [0.1416371976219762, 0.4040605945574035, 0.05793905434214108]

Gen: 39
     [0.1416371976219762, 0.4040605945574035, 0.05793905434214108]
     [0.1416371976219762, 0.4040605945574035, 0.05793905434214108]
     [0.1416371976219762, 0.4040605945574035, 0.05793905434214108]
     [0.1416371976219762, 0.4040605945574035, 0.05793905434214108]
     [0.1416371976219762, 0.4040605945574035, 0.05793905434214108]
     [0.1416371976219762, 0.4040605945574035, 0.05793905434214108]
     [0.1416371976219762, 0.4040605945574035, 0.05793905434214108]
     [0.1416371976219762, 0.4040605945574035, 0.05793905434214108]
     [0.1416371976219762, 0.4040605945574035, 0.05793905434214108]
     [0.1416371976219762, 0.4040605945574035, 0.05793905434214108]

Gen: 40
     [0.1416371976219762, 0.4040605945574035, 0.05793905434214108]
     [0.1416371976219762, 0.4040605945574035, 0.05793905434214108]
     [0.1416371976219762, 0.4040605945574035, 0.05793905434214108]
     [0.1416371976219762, 0.4040605945574035, 0.05793905434214108]
     [0.1416371976219762, 0.4040605945574035, 0.05793905434214108]
     [0.1416371976219762, 0.4040605945574035, 0.05793905434214108]
     [0.1416371976219762, 0.4040605945574035, 0.05793905434214108]
     [0.1416371976219762, 0.4040605945574035, 0.05793905434214108]
     [0.1416371976219762, 0.4040605945574035, 0.05793905434214108]
     [0.1416371976219762, 0.4040605945574035, 0.05793905434214108]

Gen: 41
     [0.1416371976219762, 0.4040605945574035, 0.05793905434214108]
     [0.1416371976219762, 0.4040605945574035, 0.05793905434214108]
     [0.1416371976219762, 0.4040605945574035, 0.05793905434214108]
     [0.1416371976219762, 0.4040605945574035, 0.05793905434214108]
     [0.1416371976219762, 0.4040605945574035, 0.05793905434214108]
     [0.1416371976219762, 0.4040605945574035, 0.05793905434214108]
     [0.1416371976219762, 0.4040605945574035, 0.05793905434214108]
     [0.1416371976219762, 0.4040605945574035, 0.05793905434214108]
     [0.1416371976219762, 0.4040605945574035, 0.05793905434214108]
     [0.1416371976219762, 0.4040605945574035, 0.05793905434214108]

Gen: 42
     [0.1416371976219762, 0.4040605945574035, 0.05793905434214108]
     [0.1416371976219762, 0.4040605945574035, 0.05793905434214108]
     [0.1416371976219762, 0.4040605945574035, 0.05793905434214108]
     [0.1416371976219762, 0.4040605945574035, 0.05793905434214108]
     [0.1416371976219762, 0.4040605945574035, 0.05793905434214108]
     [0.1416371976219762, 0.4040605945574035, 0.05793905434214108]
     [0.1416371976219762, 0.4040605945574035, 0.05793905434214108]
     [0.1416371976219762, 0.4040605945574035, 0.05793905434214108]
     [0.1416371976219762, 0.4040605945574035, 0.05793905434214108]
     [0.1416371976219762, 0.4040605945574035, 0.05793905434214108]

Gen: 43
     [0.1416371976219762, 0.4040605945574035, 0.05793905434214108]
     [0.1416371976219762, 0.4040605945574035, 0.05793905434214108]
     [0.1416371976219762, 0.4040605945574035, 0.05793905434214108]
     [0.1416371976219762, 0.4040605945574035, 0.05793905434214108]
     [0.1416371976219762, 0.4040605945574035, 0.05793905434214108]
     [0.1416371976219762, 0.4040605945574035, 0.05793905434214108]
     [0.1416371976219762, 0.4040605945574035, 0.05793905434214108]
     [0.1416371976219762, 0.4040605945574035, 0.05793905434214108]
     [0.1416371976219762, 0.4040605945574035, 0.05793905434214108]
     [0.1416371976219762, 0.4040605945574035, 0.05793905434214108]

Gen: 44
     [0.1416371976219762, 0.4040605945574035, 0.05793905434214108]
     [0.1416371976219762, 0.4040605945574035, 0.05793905434214108]
     [0.1416371976219762, 0.4040605945574035, 0.05793905434214108]
     [0.1416371976219762, 0.4040605945574035, 0.05793905434214108]
     [0.1416371976219762, 0.4040605945574035, 0.05793905434214108]
     [0.1416371976219762, 0.4040605945574035, 0.05793905434214108]
     [0.1416371976219762, 0.4040605945574035, 0.05793905434214108]
     [0.1416371976219762, 0.4040605945574035, 0.05793905434214108]
     [0.1416371976219762, 0.4040605945574035, 0.05793905434214108]
     [0.1416371976219762, 0.4040605945574035, 0.05793905434214108]

Gen: 45
     [0.1416371976219762, 0.4040605945574035, 0.05793905434214108]
     [0.1416371976219762, 0.4040605945574035, 0.05793905434214108]
     [0.1416371976219762, 0.4040605945574035, 0.05793905434214108]
     [0.1416371976219762, 0.4040605945574035, 0.05793905434214108]
     [0.1416371976219762, 0.4040605945574035, 0.05793905434214108]
     [0.1416371976219762, 0.4040605945574035, 0.05793905434214108]
     [0.1416371976219762, 0.4040605945574035, 0.05793905434214108]
     [0.1416371976219762, 0.4040605945574035, 0.05793905434214108]
     [0.1416371976219762, 0.4040605945574035, 0.05793905434214108]
     [0.1416371976219762, 0.4040605945574035, 0.05793905434214108]

Gen: 46
     [0.1416371976219762, 0.4040605945574035, 0.05793905434214108]
     [0.1416371976219762, 0.4040605945574035, 0.05793905434214108]
     [0.1416371976219762, 0.4040605945574035, 0.05793905434214108]
     [0.1416371976219762, 0.4040605945574035, 0.05793905434214108]
     [0.1416371976219762, 0.4040605945574035, 0.05793905434214108]
     [0.1416371976219762, 0.4040605945574035, 0.05793905434214108]
     [0.1416371976219762, 0.4040605945574035, 0.05793905434214108]
     [0.1416371976219762, 0.4040605945574035, 0.05793905434214108]
     [0.1416371976219762, 0.4040605945574035, 0.05793905434214108]
     [0.1416371976219762, 0.4040605945574035, 0.05793905434214108]

Gen: 47
     [0.1416371976219762, 0.4040605945574035, 0.05793905434214108]
     [0.1416371976219762, 0.4040605945574035, 0.05793905434214108]
     [0.1416371976219762, 0.4040605945574035, 0.05793905434214108]
     [0.1416371976219762, 0.4040605945574035, 0.05793905434214108]
     [0.1416371976219762, 0.4040605945574035, 0.05793905434214108]
     [0.1416371976219762, 0.4040605945574035, 0.05793905434214108]
     [0.1416371976219762, 0.4040605945574035, 0.05793905434214108]
     [0.1416371976219762, 0.4040605945574035, 0.05793905434214108]
     [0.1416371976219762, 0.4040605945574035, 0.05793905434214108]
     [0.1416371976219762, 0.4040605945574035, 0.05793905434214108]

Gen: 48
     [0.1416371976219762, 0.4040605945574035, 0.05793905434214108]
     [0.1416371976219762, 0.4040605945574035, 0.05793905434214108]
     [0.1416371976219762, 0.4040605945574035, 0.05793905434214108]
     [0.1416371976219762, 0.4040605945574035, 0.05793905434214108]
     [0.1416371976219762, 0.4040605945574035, 0.05793905434214108]
     [0.1416371976219762, 0.4040605945574035, 0.05793905434214108]
     [0.1416371976219762, 0.4040605945574035, 0.05793905434214108]
     [0.1416371976219762, 0.4040605945574035, 0.05793905434214108]
     [0.1416371976219762, 0.4040605945574035, 0.05793905434214108]
     [0.1416371976219762, 0.4040605945574035, 0.05793905434214108]

Gen: 49
     [0.1416371976219762, 0.4040605945574035, 0.05793905434214108]
     [0.1416371976219762, 0.4040605945574035, 0.05793905434214108]
     [0.1416371976219762, 0.4040605945574035, 0.05793905434214108]
     [0.1416371976219762, 0.4040605945574035, 0.05793905434214108]
     [0.1416371976219762, 0.4040605945574035, 0.05793905434214108]
     [0.1416371976219762, 0.4040605945574035, 0.05793905434214108]
     [0.1416371976219762, 0.4040605945574035, 0.05793905434214108]
     [0.1416371976219762, 0.4040605945574035, 0.05793905434214108]
     [0.1416371976219762, 0.4040605945574035, 0.05793905434214108]
     [0.1416371976219762, 0.4040605945574035, 0.05793905434214108]

Gen: 50
     [0.1416371976219762, 0.4040605945574035, 0.05793905434214108]
     [0.1416371976219762, 0.4040605945574035, 0.05793905434214108]
     [0.1416371976219762, 0.4040605945574035, 0.05793905434214108]
     [0.1416371976219762, 0.4040605945574035, 0.05793905434214108]
     [0.1416371976219762, 0.4040605945574035, 0.05793905434214108]
     [0.1416371976219762, 0.4040605945574035, 0.05793905434214108]
     [0.1416371976219762, 0.4040605945574035, 0.05793905434214108]
     [0.1416371976219762, 0.4040605945574035, 0.05793905434214108]
     [0.1416371976219762, 0.4040605945574035, 0.05793905434214108]
     [0.1416371976219762, 0.4040605945574035, 0.05793905434214108]

Gen: 51
     [0.1416371976219762, 0.4040605945574035, 0.05793905434214108]
     [0.1416371976219762, 0.4040605945574035, 0.05793905434214108]
     [0.1416371976219762, 0.4040605945574035, 0.05793905434214108]
     [0.1416371976219762, 0.4040605945574035, 0.05793905434214108]
     [0.1416371976219762, 0.4040605945574035, 0.05793905434214108]
     [0.1416371976219762, 0.4040605945574035, 0.05793905434214108]
     [0.1416371976219762, 0.4040605945574035, 0.05793905434214108]
     [0.1416371976219762, 0.4040605945574035, 0.05793905434214108]
     [0.1416371976219762, 0.4040605945574035, 0.05793905434214108]
     [0.1416371976219762, 0.4040605945574035, 0.05793905434214108]

Gen: 52
     [0.1416371976219762, 0.4040605945574035, 0.05793905434214108]
     [0.1416371976219762, 0.4040605945574035, 0.05793905434214108]
     [0.1416371976219762, 0.4040605945574035, 0.05793905434214108]
     [0.1416371976219762, 0.4040605945574035, 0.05793905434214108]
     [0.1416371976219762, 0.4040605945574035, 0.05793905434214108]
     [0.1416371976219762, 0.4040605945574035, 0.05793905434214108]
     [0.1416371976219762, 0.4040605945574035, 0.05793905434214108]
     [0.1416371976219762, 0.4040605945574035, 0.05793905434214108]
     [0.1416371976219762, 0.4040605945574035, 0.05793905434214108]
     [0.1416371976219762, 0.4040605945574035, 0.05793905434214108]

Gen: 53
     [0.1416371976219762, 0.4040605945574035, 0.05793905434214108]
     [0.1416371976219762, 0.4040605945574035, 0.05793905434214108]
     [0.1416371976219762, 0.4040605945574035, 0.05793905434214108]
     [0.1416371976219762, 0.4040605945574035, 0.05793905434214108]
     [0.1416371976219762, 0.4040605945574035, 0.05793905434214108]
     [0.1416371976219762, 0.4040605945574035, 0.05793905434214108]
     [0.1416371976219762, 0.4040605945574035, 0.05793905434214108]
     [0.1416371976219762, 0.4040605945574035, 0.05793905434214108]
     [0.1416371976219762, 0.4040605945574035, 0.05793905434214108]
     [0.1416371976219762, 0.4040605945574035, 0.05793905434214108]

Gen: 54
     [0.1416371976219762, 0.4040605945574035, 0.05793905434214108]
     [0.1416371976219762, 0.4040605945574035, 0.05793905434214108]
     [0.1416371976219762, 0.4040605945574035, 0.05793905434214108]
     [0.1416371976219762, 0.4040605945574035, 0.05793905434214108]
     [0.1416371976219762, 0.4040605945574035, 0.05793905434214108]
     [0.1416371976219762, 0.4040605945574035, 0.05793905434214108]
     [0.1416371976219762, 0.4040605945574035, 0.05793905434214108]
     [0.1416371976219762, 0.4040605945574035, 0.05793905434214108]
     [0.1416371976219762, 0.4040605945574035, 0.05793905434214108]
     [0.1416371976219762, 0.4040605945574035, 0.05793905434214108]

Gen: 55
     [0.1416371976219762, 0.4040605945574035, 0.05793905434214108]
     [0.1416371976219762, 0.4040605945574035, 0.05793905434214108]
     [0.1416371976219762, 0.4040605945574035, 0.05793905434214108]
     [0.1416371976219762, 0.4040605945574035, 0.05793905434214108]
     [0.1416371976219762, 0.4040605945574035, 0.05793905434214108]
     [0.1416371976219762, 0.4040605945574035, 0.05793905434214108]
     [0.1416371976219762, 0.4040605945574035, 0.05793905434214108]
     [0.1416371976219762, 0.4040605945574035, 0.05793905434214108]
     [0.1416371976219762, 0.4040605945574035, 0.05793905434214108]
     [0.1416371976219762, 0.4040605945574035, 0.05793905434214108]

Gen: 56
     [0.1416371976219762, 0.4040605945574035, 0.05793905434214108]
     [0.1416371976219762, 0.4040605945574035, 0.05793905434214108]
     [0.1416371976219762, 0.4040605945574035, 0.05793905434214108]
     [0.1416371976219762, 0.4040605945574035, 0.05793905434214108]
     [0.1416371976219762, 0.4040605945574035, 0.05793905434214108]
     [0.1416371976219762, 0.4040605945574035, 0.05793905434214108]
     [0.1416371976219762, 0.4040605945574035, 0.05793905434214108]
     [0.1416371976219762, 0.4040605945574035, 0.05793905434214108]
     [0.1416371976219762, 0.4040605945574035, 0.05793905434214108]
     [0.1416371976219762, 0.4040605945574035, 0.05793905434214108]

Gen: 57
     [0.1416371976219762, 0.4040605945574035, 0.05793905434214108]
     [0.1416371976219762, 0.4040605945574035, 0.05793905434214108]
     [0.1416371976219762, 0.4040605945574035, 0.05793905434214108]
     [0.1416371976219762, 0.4040605945574035, 0.05793905434214108]
     [0.1416371976219762, 0.4040605945574035, 0.05793905434214108]
     [0.1416371976219762, 0.4040605945574035, 0.05793905434214108]
     [0.1416371976219762, 0.4040605945574035, 0.05793905434214108]
     [0.1416371976219762, 0.4040605945574035, 0.05793905434214108]
     [0.1416371976219762, 0.4040605945574035, 0.05793905434214108]
     [0.1416371976219762, 0.4040605945574035, 0.05793905434214108]

Gen: 58
     [0.1416371976219762, 0.4040605945574035, 0.05793905434214108]
     [0.1416371976219762, 0.4040605945574035, 0.05793905434214108]
     [0.1416371976219762, 0.4040605945574035, 0.05793905434214108]
     [0.1416371976219762, 0.4040605945574035, 0.05793905434214108]
     [0.1416371976219762, 0.4040605945574035, 0.05793905434214108]
     [0.1416371976219762, 0.4040605945574035, 0.05793905434214108]
     [0.1416371976219762, 0.4040605945574035, 0.05793905434214108]
     [0.1416371976219762, 0.4040605945574035, 0.05793905434214108]
     [0.1416371976219762, 0.4040605945574035, 0.05793905434214108]
     [0.1416371976219762, 0.4040605945574035, 0.05793905434214108]

Gen: 59
     [0.1416371976219762, 0.4040605945574035, 0.05793905434214108]
     [0.1416371976219762, 0.4040605945574035, 0.05793905434214108]
     [0.1416371976219762, 0.4040605945574035, 0.05793905434214108]
     [0.1416371976219762, 0.4040605945574035, 0.05793905434214108]
     [0.1416371976219762, 0.4040605945574035, 0.05793905434214108]
     [0.1416371976219762, 0.4040605945574035, 0.05793905434214108]
     [0.1416371976219762, 0.4040605945574035, 0.05793905434214108]
     [0.1416371976219762, 0.4040605945574035, 0.05793905434214108]
     [0.1416371976219762, 0.4040605945574035, 0.05793905434214108]
     [0.1416371976219762, 0.4040605945574035, 0.05793905434214108]

Gen: 60
     [0.1416371976219762, 0.4040605945574035, 0.05793905434214108]
     [0.1416371976219762, 0.4040605945574035, 0.05793905434214108]
     [0.1416371976219762, 0.4040605945574035, 0.05793905434214108]
     [0.1416371976219762, 0.4040605945574035, 0.05793905434214108]
     [0.1416371976219762, 0.4040605945574035, 0.05793905434214108]
     [0.1416371976219762, 0.4040605945574035, 0.05793905434214108]
     [0.1416371976219762, 0.4040605945574035, 0.05793905434214108]
     [0.1416371976219762, 0.4040605945574035, 0.05793905434214108]
     [0.1416371976219762, 0.4040605945574035, 0.05793905434214108]
     [0.1416371976219762, 0.4040605945574035, 0.05793905434214108]

Gen: 61
     [0.1416371976219762, 0.4040605945574035, 0.05793905434214108]
     [0.1416371976219762, 0.4040605945574035, 0.05793905434214108]
     [0.1416371976219762, 0.4040605945574035, 0.05793905434214108]
     [0.1416371976219762, 0.4040605945574035, 0.05793905434214108]
     [0.1416371976219762, 0.4040605945574035, 0.05793905434214108]
     [0.1416371976219762, 0.4040605945574035, 0.05793905434214108]
     [0.1416371976219762, 0.4040605945574035, 0.05793905434214108]
     [0.1416371976219762, 0.4040605945574035, 0.05793905434214108]
     [0.1416371976219762, 0.4040605945574035, 0.05793905434214108]
     [0.1416371976219762, 0.4040605945574035, 0.05793905434214108]

Gen: 62
     [0.1416371976219762, 0.4040605945574035, 0.05793905434214108]
     [0.1416371976219762, 0.4040605945574035, 0.05793905434214108]
     [0.1416371976219762, 0.4040605945574035, 0.05793905434214108]
     [0.1416371976219762, 0.4040605945574035, 0.05793905434214108]
     [0.1416371976219762, 0.4040605945574035, 0.05793905434214108]
     [0.1416371976219762, 0.4040605945574035, 0.05793905434214108]
     [0.1416371976219762, 0.4040605945574035, 0.05793905434214108]
     [0.1416371976219762, 0.4040605945574035, 0.05793905434214108]
     [0.1416371976219762, 0.4040605945574035, 0.05793905434214108]
     [0.1416371976219762, 0.4040605945574035, 0.05793905434214108]

Gen: 63
     [0.1416371976219762, 0.4040605945574035, 0.05793905434214108]
     [0.1416371976219762, 0.4040605945574035, 0.05793905434214108]
     [0.1416371976219762, 0.4040605945574035, 0.05793905434214108]
     [0.1416371976219762, 0.4040605945574035, 0.05793905434214108]
     [0.1416371976219762, 0.4040605945574035, 0.05793905434214108]
     [0.1416371976219762, 0.4040605945574035, 0.05793905434214108]
     [0.1416371976219762, 0.4040605945574035, 0.05793905434214108]
     [0.1416371976219762, 0.4040605945574035, 0.05793905434214108]
     [0.1416371976219762, 0.4040605945574035, 0.05793905434214108]
     [0.1416371976219762, 0.4040605945574035, 0.05793905434214108]

Gen: 64
     [0.1416371976219762, 0.4040605945574035, 0.05793905434214108]
     [0.1416371976219762, 0.4040605945574035, 0.05793905434214108]
     [0.1416371976219762, 0.4040605945574035, 0.05793905434214108]
     [0.1416371976219762, 0.4040605945574035, 0.05793905434214108]
     [0.1416371976219762, 0.4040605945574035, 0.05793905434214108]
     [0.1416371976219762, 0.4040605945574035, 0.05793905434214108]
     [0.1416371976219762, 0.4040605945574035, 0.05793905434214108]
     [0.1416371976219762, 0.4040605945574035, 0.05793905434214108]
     [0.1416371976219762, 0.4040605945574035, 0.05793905434214108]
     [0.1416371976219762, 0.4040605945574035, 0.05793905434214108]

Gen: 65
     [0.1416371976219762, 0.4040605945574035, 0.05793905434214108]
     [0.1416371976219762, 0.4040605945574035, 0.05793905434214108]
     [0.1416371976219762, 0.4040605945574035, 0.05793905434214108]
     [0.1416371976219762, 0.4040605945574035, 0.05793905434214108]
     [0.1416371976219762, 0.4040605945574035, 0.05793905434214108]
     [0.1416371976219762, 0.4040605945574035, 0.05793905434214108]
     [0.1416371976219762, 0.4040605945574035, 0.05793905434214108]
     [0.1416371976219762, 0.4040605945574035, 0.05793905434214108]
     [0.1416371976219762, 0.4040605945574035, 0.05793905434214108]
     [0.1416371976219762, 0.4040605945574035, 0.05793905434214108]

Gen: 66
     [0.1416371976219762, 0.4040605945574035, 0.05793905434214108]
     [0.1416371976219762, 0.4040605945574035, 0.05793905434214108]
     [0.1416371976219762, 0.4040605945574035, 0.05793905434214108]
     [0.1416371976219762, 0.4040605945574035, 0.05793905434214108]
     [0.1416371976219762, 0.4040605945574035, 0.05793905434214108]
     [0.1416371976219762, 0.4040605945574035, 0.05793905434214108]
     [0.1416371976219762, 0.4040605945574035, 0.05793905434214108]
     [0.1416371976219762, 0.4040605945574035, 0.05793905434214108]
     [0.1416371976219762, 0.4040605945574035, 0.05793905434214108]
     [0.1416371976219762, 0.4040605945574035, 0.05793905434214108]

Gen: 67
     [0.1416371976219762, 0.4040605945574035, 0.05793905434214108]
     [0.1416371976219762, 0.4040605945574035, 0.05793905434214108]
     [0.1416371976219762, 0.4040605945574035, 0.05793905434214108]
     [0.1416371976219762, 0.4040605945574035, 0.05793905434214108]
     [0.1416371976219762, 0.4040605945574035, 0.05793905434214108]
     [0.1416371976219762, 0.4040605945574035, 0.05793905434214108]
     [0.1416371976219762, 0.4040605945574035, 0.05793905434214108]
     [0.1416371976219762, 0.4040605945574035, 0.05793905434214108]
     [0.1416371976219762, 0.4040605945574035, 0.05793905434214108]
     [0.1416371976219762, 0.4040605945574035, 0.05793905434214108]

Gen: 68
     [0.1416371976219762, 0.4040605945574035, 0.05793905434214108]
     [0.1416371976219762, 0.4040605945574035, 0.05793905434214108]
     [0.1416371976219762, 0.4040605945574035, 0.05793905434214108]
     [0.1416371976219762, 0.4040605945574035, 0.05793905434214108]
     [0.1416371976219762, 0.4040605945574035, 0.05793905434214108]
     [0.1416371976219762, 0.4040605945574035, 0.05793905434214108]
     [0.1416371976219762, 0.4040605945574035, 0.05793905434214108]
     [0.1416371976219762, 0.4040605945574035, 0.05793905434214108]
     [0.1416371976219762, 0.4040605945574035, 0.05793905434214108]
     [0.1416371976219762, 0.4040605945574035, 0.05793905434214108]

Gen: 69
     [0.1416371976219762, 0.4040605945574035, 0.05793905434214108]
     [0.1416371976219762, 0.4040605945574035, 0.05793905434214108]
     [0.1416371976219762, 0.4040605945574035, 0.05793905434214108]
     [0.1416371976219762, 0.4040605945574035, 0.05793905434214108]
     [0.1416371976219762, 0.4040605945574035, 0.05793905434214108]
     [0.1416371976219762, 0.4040605945574035, 0.05793905434214108]
     [0.1416371976219762, 0.4040605945574035, 0.05793905434214108]
     [0.1416371976219762, 0.4040605945574035, 0.05793905434214108]
     [0.1416371976219762, 0.4040605945574035, 0.05793905434214108]
     [0.1416371976219762, 0.4040605945574035, 0.05793905434214108]

Gen: 70
     [0.1416371976219762, 0.4040605945574035, 0.05793905434214108]
     [0.1416371976219762, 0.4040605945574035, 0.05793905434214108]
     [0.1416371976219762, 0.4040605945574035, 0.05793905434214108]
     [0.1416371976219762, 0.4040605945574035, 0.05793905434214108]
     [0.1416371976219762, 0.4040605945574035, 0.05793905434214108]
     [0.1416371976219762, 0.4040605945574035, 0.05793905434214108]
     [0.1416371976219762, 0.4040605945574035, 0.05793905434214108]
     [0.1416371976219762, 0.4040605945574035, 0.05793905434214108]
     [0.1416371976219762, 0.4040605945574035, 0.05793905434214108]
     [0.1416371976219762, 0.4040605945574035, 0.05793905434214108]

Gen: 71
     [0.1416371976219762, 0.4040605945574035, 0.05793905434214108]
     [0.1416371976219762, 0.4040605945574035, 0.05793905434214108]
     [0.1416371976219762, 0.4040605945574035, 0.05793905434214108]
     [0.1416371976219762, 0.4040605945574035, 0.05793905434214108]
     [0.1416371976219762, 0.4040605945574035, 0.05793905434214108]
     [0.1416371976219762, 0.4040605945574035, 0.05793905434214108]
     [0.1416371976219762, 0.4040605945574035, 0.05793905434214108]
     [0.1416371976219762, 0.4040605945574035, 0.05793905434214108]
     [0.1416371976219762, 0.4040605945574035, 0.05793905434214108]
     [0.1416371976219762, 0.4040605945574035, 0.05793905434214108]

Gen: 72
     [0.1416371976219762, 0.4040605945574035, 0.05793905434214108]
     [0.1416371976219762, 0.4040605945574035, 0.05793905434214108]
     [0.1416371976219762, 0.4040605945574035, 0.05793905434214108]
     [0.1416371976219762, 0.4040605945574035, 0.05793905434214108]
     [0.1416371976219762, 0.4040605945574035, 0.05793905434214108]
     [0.1416371976219762, 0.4040605945574035, 0.05793905434214108]
     [0.1416371976219762, 0.4040605945574035, 0.05793905434214108]
     [0.1416371976219762, 0.4040605945574035, 0.05793905434214108]
     [0.1416371976219762, 0.4040605945574035, 0.05793905434214108]
     [0.1416371976219762, 0.4040605945574035, 0.05793905434214108]

Gen: 73
     [0.1416371976219762, 0.4040605945574035, 0.05793905434214108]
     [0.1416371976219762, 0.4040605945574035, 0.05793905434214108]
     [0.1416371976219762, 0.4040605945574035, 0.05793905434214108]
     [0.1416371976219762, 0.4040605945574035, 0.05793905434214108]
     [0.1416371976219762, 0.4040605945574035, 0.05793905434214108]
     [0.1416371976219762, 0.4040605945574035, 0.05793905434214108]
     [0.1416371976219762, 0.4040605945574035, 0.05793905434214108]
     [0.1416371976219762, 0.4040605945574035, 0.05793905434214108]
     [0.1416371976219762, 0.4040605945574035, 0.05793905434214108]
     [0.1416371976219762, 0.4040605945574035, 0.05793905434214108]

Gen: 74
     [0.1416371976219762, 0.4040605945574035, 0.05793905434214108]
     [0.1416371976219762, 0.4040605945574035, 0.05793905434214108]
     [0.1416371976219762, 0.4040605945574035, 0.05793905434214108]
     [0.1416371976219762, 0.4040605945574035, 0.05793905434214108]
     [0.1416371976219762, 0.4040605945574035, 0.05793905434214108]
     [0.1416371976219762, 0.4040605945574035, 0.05793905434214108]
     [0.1416371976219762, 0.4040605945574035, 0.05793905434214108]
     [0.1416371976219762, 0.4040605945574035, 0.05793905434214108]
     [0.1416371976219762, 0.4040605945574035, 0.05793905434214108]
     [0.1416371976219762, 0.4040605945574035, 0.05793905434214108]

Gen: 75
     [0.1416371976219762, 0.4040605945574035, 0.05793905434214108]
     [0.1416371976219762, 0.4040605945574035, 0.05793905434214108]
     [0.1416371976219762, 0.4040605945574035, 0.05793905434214108]
     [0.1416371976219762, 0.4040605945574035, 0.05793905434214108]
     [0.1416371976219762, 0.4040605945574035, 0.05793905434214108]
     [0.1416371976219762, 0.4040605945574035, 0.05793905434214108]
     [0.1416371976219762, 0.4040605945574035, 0.05793905434214108]
     [0.1416371976219762, 0.4040605945574035, 0.05793905434214108]
     [0.1416371976219762, 0.4040605945574035, 0.05793905434214108]
     [0.1416371976219762, 0.4040605945574035, 0.05793905434214108]

Gen: 76
     [0.1416371976219762, 0.4040605945574035, 0.05793905434214108]
     [0.1416371976219762, 0.4040605945574035, 0.05793905434214108]
     [0.1416371976219762, 0.4040605945574035, 0.05793905434214108]
     [0.1416371976219762, 0.4040605945574035, 0.05793905434214108]
     [0.1416371976219762, 0.4040605945574035, 0.05793905434214108]
     [0.1416371976219762, 0.4040605945574035, 0.05793905434214108]
     [0.1416371976219762, 0.4040605945574035, 0.05793905434214108]
     [0.1416371976219762, 0.4040605945574035, 0.05793905434214108]
     [0.1416371976219762, 0.4040605945574035, 0.05793905434214108]
     [0.1416371976219762, 0.4040605945574035, 0.05793905434214108]

Gen: 77
     [0.1416371976219762, 0.4040605945574035, 0.05793905434214108]
     [0.1416371976219762, 0.4040605945574035, 0.05793905434214108]
     [0.1416371976219762, 0.4040605945574035, 0.05793905434214108]
     [0.1416371976219762, 0.4040605945574035, 0.05793905434214108]
     [0.1416371976219762, 0.4040605945574035, 0.05793905434214108]
     [0.1416371976219762, 0.4040605945574035, 0.05793905434214108]
     [0.1416371976219762, 0.4040605945574035, 0.05793905434214108]
     [0.1416371976219762, 0.4040605945574035, 0.05793905434214108]
     [0.1416371976219762, 0.4040605945574035, 0.05793905434214108]
     [0.1416371976219762, 0.4040605945574035, 0.05793905434214108]

Gen: 78
     [0.1416371976219762, 0.4040605945574035, 0.05793905434214108]
     [0.1416371976219762, 0.4040605945574035, 0.05793905434214108]
     [0.1416371976219762, 0.4040605945574035, 0.05793905434214108]
     [0.1416371976219762, 0.4040605945574035, 0.05793905434214108]
     [0.1416371976219762, 0.4040605945574035, 0.05793905434214108]
     [0.1416371976219762, 0.4040605945574035, 0.05793905434214108]
     [0.1416371976219762, 0.4040605945574035, 0.05793905434214108]
     [0.1416371976219762, 0.4040605945574035, 0.05793905434214108]
     [0.1416371976219762, 0.4040605945574035, 0.05793905434214108]
     [0.1416371976219762, 0.4040605945574035, 0.05793905434214108]

Gen: 79
     [0.1416371976219762, 0.4040605945574035, 0.05793905434214108]
     [0.1416371976219762, 0.4040605945574035, 0.05793905434214108]
     [0.1416371976219762, 0.4040605945574035, 0.05793905434214108]
     [0.1416371976219762, 0.4040605945574035, 0.05793905434214108]
     [0.1416371976219762, 0.4040605945574035, 0.05793905434214108]
     [0.1416371976219762, 0.4040605945574035, 0.05793905434214108]
     [0.1416371976219762, 0.4040605945574035, 0.05793905434214108]
     [0.1416371976219762, 0.4040605945574035, 0.05793905434214108]
     [0.1416371976219762, 0.4040605945574035, 0.05793905434214108]
     [0.1416371976219762, 0.4040605945574035, 0.05793905434214108]

Gen: 80
     [0.1416371976219762, 0.4040605945574035, 0.05793905434214108]
     [0.1416371976219762, 0.4040605945574035, 0.05793905434214108]
     [0.1416371976219762, 0.4040605945574035, 0.05793905434214108]
     [0.1416371976219762, 0.4040605945574035, 0.05793905434214108]
     [0.1416371976219762, 0.4040605945574035, 0.05793905434214108]
     [0.1416371976219762, 0.4040605945574035, 0.05793905434214108]
     [0.1416371976219762, 0.4040605945574035, 0.05793905434214108]
     [0.1416371976219762, 0.4040605945574035, 0.05793905434214108]
     [0.1416371976219762, 0.4040605945574035, 0.05793905434214108]
     [0.1416371976219762, 0.4040605945574035, 0.05793905434214108]

Gen: 81
     [0.1416371976219762, 0.4040605945574035, 0.05793905434214108]
     [0.1416371976219762, 0.4040605945574035, 0.05793905434214108]
     [0.1416371976219762, 0.4040605945574035, 0.05793905434214108]
     [0.1416371976219762, 0.4040605945574035, 0.05793905434214108]
     [0.1416371976219762, 0.4040605945574035, 0.05793905434214108]
     [0.1416371976219762, 0.4040605945574035, 0.05793905434214108]
     [0.1416371976219762, 0.4040605945574035, 0.05793905434214108]
     [0.1416371976219762, 0.4040605945574035, 0.05793905434214108]
     [0.1416371976219762, 0.4040605945574035, 0.05793905434214108]
     [0.1416371976219762, 0.4040605945574035, 0.05793905434214108]

Gen: 82
     [0.1416371976219762, 0.4040605945574035, 0.05793905434214108]
     [0.1416371976219762, 0.4040605945574035, 0.05793905434214108]
     [0.1416371976219762, 0.4040605945574035, 0.05793905434214108]
     [0.1416371976219762, 0.4040605945574035, 0.05793905434214108]
     [0.1416371976219762, 0.4040605945574035, 0.05793905434214108]
     [0.1416371976219762, 0.4040605945574035, 0.05793905434214108]
     [0.1416371976219762, 0.4040605945574035, 0.05793905434214108]
     [0.1416371976219762, 0.4040605945574035, 0.05793905434214108]
     [0.1416371976219762, 0.4040605945574035, 0.05793905434214108]
     [0.1416371976219762, 0.4040605945574035, 0.05793905434214108]

Gen: 83
     [0.1416371976219762, 0.4040605945574035, 0.05793905434214108]
     [0.1416371976219762, 0.4040605945574035, 0.05793905434214108]
     [0.1416371976219762, 0.4040605945574035, 0.05793905434214108]
     [0.1416371976219762, 0.4040605945574035, 0.05793905434214108]
     [0.1416371976219762, 0.4040605945574035, 0.05793905434214108]
     [0.1416371976219762, 0.4040605945574035, 0.05793905434214108]
     [0.1416371976219762, 0.4040605945574035, 0.05793905434214108]
     [0.1416371976219762, 0.4040605945574035, 0.05793905434214108]
     [0.1416371976219762, 0.4040605945574035, 0.05793905434214108]
     [0.1416371976219762, 0.4040605945574035, 0.05793905434214108]

Gen: 84
     [0.1416371976219762, 0.4040605945574035, 0.05793905434214108]
     [0.1416371976219762, 0.4040605945574035, 0.05793905434214108]
     [0.1416371976219762, 0.4040605945574035, 0.05793905434214108]
     [0.1416371976219762, 0.4040605945574035, 0.05793905434214108]
     [0.1416371976219762, 0.4040605945574035, 0.05793905434214108]
     [0.1416371976219762, 0.4040605945574035, 0.05793905434214108]
     [0.1416371976219762, 0.4040605945574035, 0.05793905434214108]
     [0.1416371976219762, 0.4040605945574035, 0.05793905434214108]
     [0.1416371976219762, 0.4040605945574035, 0.05793905434214108]
     [0.1416371976219762, 0.4040605945574035, 0.05793905434214108]

Gen: 85
     [0.1416371976219762, 0.4040605945574035, 0.05793905434214108]
     [0.1416371976219762, 0.4040605945574035, 0.05793905434214108]
     [0.1416371976219762, 0.4040605945574035, 0.05793905434214108]
     [0.1416371976219762, 0.4040605945574035, 0.05793905434214108]
     [0.1416371976219762, 0.4040605945574035, 0.05793905434214108]
     [0.1416371976219762, 0.4040605945574035, 0.05793905434214108]
     [0.1416371976219762, 0.4040605945574035, 0.05793905434214108]
     [0.1416371976219762, 0.4040605945574035, 0.05793905434214108]
     [0.1416371976219762, 0.4040605945574035, 0.05793905434214108]
     [0.1416371976219762, 0.4040605945574035, 0.05793905434214108]

Gen: 86
     [0.1416371976219762, 0.4040605945574035, 0.05793905434214108]
     [0.1416371976219762, 0.4040605945574035, 0.05793905434214108]
     [0.1416371976219762, 0.4040605945574035, 0.05793905434214108]
     [0.1416371976219762, 0.4040605945574035, 0.05793905434214108]
     [0.1416371976219762, 0.4040605945574035, 0.05793905434214108]
     [0.1416371976219762, 0.4040605945574035, 0.05793905434214108]
     [0.1416371976219762, 0.4040605945574035, 0.05793905434214108]
     [0.1416371976219762, 0.4040605945574035, 0.05793905434214108]
     [0.1416371976219762, 0.4040605945574035, 0.05793905434214108]
     [0.1416371976219762, 0.4040605945574035, 0.05793905434214108]

Gen: 87
     [0.1416371976219762, 0.4040605945574035, 0.05793905434214108]
     [0.1416371976219762, 0.4040605945574035, 0.05793905434214108]
     [0.1416371976219762, 0.4040605945574035, 0.05793905434214108]
     [0.1416371976219762, 0.4040605945574035, 0.05793905434214108]
     [0.1416371976219762, 0.4040605945574035, 0.05793905434214108]
     [0.1416371976219762, 0.4040605945574035, 0.05793905434214108]
     [0.1416371976219762, 0.4040605945574035, 0.05793905434214108]
     [0.1416371976219762, 0.4040605945574035, 0.05793905434214108]
     [0.1416371976219762, 0.4040605945574035, 0.05793905434214108]
     [0.1416371976219762, 0.4040605945574035, 0.05793905434214108]

Gen: 88
     [0.1416371976219762, 0.4040605945574035, 0.05793905434214108]
     [0.1416371976219762, 0.4040605945574035, 0.05793905434214108]
     [0.1416371976219762, 0.4040605945574035, 0.05793905434214108]
     [0.1416371976219762, 0.4040605945574035, 0.05793905434214108]
     [0.1416371976219762, 0.4040605945574035, 0.05793905434214108]
     [0.1416371976219762, 0.4040605945574035, 0.05793905434214108]
     [0.1416371976219762, 0.4040605945574035, 0.05793905434214108]
     [0.1416371976219762, 0.4040605945574035, 0.05793905434214108]
     [0.1416371976219762, 0.4040605945574035, 0.05793905434214108]
     [0.1416371976219762, 0.4040605945574035, 0.05793905434214108]

Gen: 89
     [0.1416371976219762, 0.4040605945574035, 0.05793905434214108]
     [0.1416371976219762, 0.4040605945574035, 0.05793905434214108]
     [0.1416371976219762, 0.4040605945574035, 0.05793905434214108]
     [0.1416371976219762, 0.4040605945574035, 0.05793905434214108]
     [0.1416371976219762, 0.4040605945574035, 0.05793905434214108]
     [0.1416371976219762, 0.4040605945574035, 0.05793905434214108]
     [0.1416371976219762, 0.4040605945574035, 0.05793905434214108]
     [0.1416371976219762, 0.4040605945574035, 0.05793905434214108]
     [0.1416371976219762, 0.4040605945574035, 0.05793905434214108]
     [0.1416371976219762, 0.4040605945574035, 0.05793905434214108]

Gen: 90
     [0.1416371976219762, 0.4040605945574035, 0.05793905434214108]
     [0.1416371976219762, 0.4040605945574035, 0.05793905434214108]
     [0.1416371976219762, 0.4040605945574035, 0.05793905434214108]
     [0.1416371976219762, 0.4040605945574035, 0.05793905434214108]
     [0.1416371976219762, 0.4040605945574035, 0.05793905434214108]
     [0.1416371976219762, 0.4040605945574035, 0.05793905434214108]
     [0.1416371976219762, 0.4040605945574035, 0.05793905434214108]
     [0.1416371976219762, 0.4040605945574035, 0.05793905434214108]
     [0.1416371976219762, 0.4040605945574035, 0.05793905434214108]
     [0.1416371976219762, 0.4040605945574035, 0.05793905434214108]

Gen: 91
     [0.1416371976219762, 0.4040605945574035, 0.05793905434214108]
     [0.1416371976219762, 0.4040605945574035, 0.05793905434214108]
     [0.1416371976219762, 0.4040605945574035, 0.05793905434214108]
     [0.1416371976219762, 0.4040605945574035, 0.05793905434214108]
     [0.1416371976219762, 0.4040605945574035, 0.05793905434214108]
     [0.1416371976219762, 0.4040605945574035, 0.05793905434214108]
     [0.1416371976219762, 0.4040605945574035, 0.05793905434214108]
     [0.1416371976219762, 0.4040605945574035, 0.05793905434214108]
     [0.1416371976219762, 0.4040605945574035, 0.05793905434214108]
     [0.1416371976219762, 0.4040605945574035, 0.05793905434214108]

Gen: 92
     [0.1416371976219762, 0.4040605945574035, 0.05793905434214108]
     [0.1416371976219762, 0.4040605945574035, 0.05793905434214108]
     [0.1416371976219762, 0.4040605945574035, 0.05793905434214108]
     [0.1416371976219762, 0.4040605945574035, 0.05793905434214108]
     [0.1416371976219762, 0.4040605945574035, 0.05793905434214108]
     [0.1416371976219762, 0.4040605945574035, 0.05793905434214108]
     [0.1416371976219762, 0.4040605945574035, 0.05793905434214108]
     [0.1416371976219762, 0.4040605945574035, 0.05793905434214108]
     [0.1416371976219762, 0.4040605945574035, 0.05793905434214108]
     [0.1416371976219762, 0.4040605945574035, 0.05793905434214108]

Gen: 93
     [0.1416371976219762, 0.4040605945574035, 0.05793905434214108]
     [0.1416371976219762, 0.4040605945574035, 0.05793905434214108]
     [0.1416371976219762, 0.4040605945574035, 0.05793905434214108]
     [0.1416371976219762, 0.4040605945574035, 0.05793905434214108]
     [0.1416371976219762, 0.4040605945574035, 0.05793905434214108]
     [0.1416371976219762, 0.4040605945574035, 0.05793905434214108]
     [0.1416371976219762, 0.4040605945574035, 0.05793905434214108]
     [0.1416371976219762, 0.4040605945574035, 0.05793905434214108]
     [0.1416371976219762, 0.4040605945574035, 0.05793905434214108]
     [0.1416371976219762, 0.4040605945574035, 0.05793905434214108]

Gen: 94
     [0.1416371976219762, 0.4040605945574035, 0.05793905434214108]
     [0.1416371976219762, 0.4040605945574035, 0.05793905434214108]
     [0.1416371976219762, 0.4040605945574035, 0.05793905434214108]
     [0.1416371976219762, 0.4040605945574035, 0.05793905434214108]
     [0.1416371976219762, 0.4040605945574035, 0.05793905434214108]
     [0.1416371976219762, 0.4040605945574035, 0.05793905434214108]
     [0.1416371976219762, 0.4040605945574035, 0.05793905434214108]
     [0.1416371976219762, 0.4040605945574035, 0.05793905434214108]
     [0.1416371976219762, 0.4040605945574035, 0.05793905434214108]
     [0.1416371976219762, 0.4040605945574035, 0.05793905434214108]

Gen: 95
     [0.1416371976219762, 0.4040605945574035, 0.05793905434214108]
     [0.1416371976219762, 0.4040605945574035, 0.05793905434214108]
     [0.1416371976219762, 0.4040605945574035, 0.05793905434214108]
     [0.1416371976219762, 0.4040605945574035, 0.05793905434214108]
     [0.1416371976219762, 0.4040605945574035, 0.05793905434214108]
     [0.1416371976219762, 0.4040605945574035, 0.05793905434214108]
     [0.1416371976219762, 0.4040605945574035, 0.05793905434214108]
     [0.1416371976219762, 0.4040605945574035, 0.05793905434214108]
     [0.1416371976219762, 0.4040605945574035, 0.05793905434214108]
     [0.1416371976219762, 0.4040605945574035, 0.05793905434214108]

Gen: 96
     [0.1416371976219762, 0.4040605945574035, 0.05793905434214108]
     [0.1416371976219762, 0.4040605945574035, 0.05793905434214108]
     [0.1416371976219762, 0.4040605945574035, 0.05793905434214108]
     [0.1416371976219762, 0.4040605945574035, 0.05793905434214108]
     [0.1416371976219762, 0.4040605945574035, 0.05793905434214108]
     [0.1416371976219762, 0.4040605945574035, 0.05793905434214108]
     [0.1416371976219762, 0.4040605945574035, 0.05793905434214108]
     [0.1416371976219762, 0.4040605945574035, 0.05793905434214108]
     [0.1416371976219762, 0.4040605945574035, 0.05793905434214108]
     [0.1416371976219762, 0.4040605945574035, 0.05793905434214108]

Gen: 97
     [0.1416371976219762, 0.4040605945574035, 0.05793905434214108]
     [0.1416371976219762, 0.4040605945574035, 0.05793905434214108]
     [0.1416371976219762, 0.4040605945574035, 0.05793905434214108]
     [0.1416371976219762, 0.4040605945574035, 0.05793905434214108]
     [0.1416371976219762, 0.4040605945574035, 0.05793905434214108]
     [0.1416371976219762, 0.4040605945574035, 0.05793905434214108]
     [0.1416371976219762, 0.4040605945574035, 0.05793905434214108]
     [0.1416371976219762, 0.4040605945574035, 0.05793905434214108]
     [0.1416371976219762, 0.4040605945574035, 0.05793905434214108]
     [0.1416371976219762, 0.4040605945574035, 0.05793905434214108]

