Gen: 2
     [0.12023916099626587, 0.7811796910154493, 0.18389845944417282]
     [0.11401845617594297, 0.7252887355632218, 0.24332537651107725]
     [0.10989713285927762, 0.7349070046497675, 0.22183236988678304]
     [0.10196254301732266, 0.7349070046497675, 0.22173650455839636]
     [0.11635100773716119, 0.7751987400629968, 0.1653772779998658]
     [0.09810757819706785, 0.7416754162291885, 0.20783603194232741]
     [0.1097158729240206, 0.7125393730313484, 0.21960829426821202]
     [0.10014058282302563, 0.7289260536973151, 0.2013555357433877]
     [0.10312073443462218, 0.6767849107544622, 0.24491674096229615]
     [0.11444309799609909, 0.6585795710214489, 0.14852415326948704]

Gen: 3
     [0.1097158729240206, 0.7125393730313484, 0.21960829426821202]
     [0.10014058282302563, 0.7289260536973151, 0.2013555357433877]
     [0.10014058282302563, 0.7289260536973151, 0.2013555357433877]
     [0.10312073443462218, 0.6767849107544622, 0.24491674096229615]
     [0.10312073443462218, 0.6767849107544622, 0.24491674096229615]
     [0.10312073443462218, 0.6767849107544622, 0.24491674096229615]
     [0.11444309799609909, 0.6585795710214489, 0.14852415326948704]
     [0.11444309799609909, 0.6585795710214489, 0.14852415326948704]
     [0.11444309799609909, 0.6585795710214489, 0.14852415326948704]
     [0.11444309799609909, 0.6585795710214489, 0.14852415326948704]

Gen: 4
     [0.11444309799609909, 0.6585795710214489, 0.14852415326948704]
     [0.11444309799609909, 0.6585795710214489, 0.14852415326948704]
     [0.11444309799609909, 0.6585795710214489, 0.14852415326948704]
     [0.11444309799609909, 0.6585795710214489, 0.14852415326948704]
     [0.11444309799609909, 0.6585795710214489, 0.14852415326948704]
     [0.11444309799609909, 0.6585795710214489, 0.14852415326948704]
     [0.11444309799609909, 0.6585795710214489, 0.14852415326948704]
     [0.11444309799609909, 0.6585795710214489, 0.14852415326948704]
     [0.11444309799609909, 0.6585795710214489, 0.14852415326948704]
     [0.11444309799609909, 0.6585795710214489, 0.14852415326948704]

Gen: 5
     [0.11444309799609909, 0.6585795710214489, 0.14852415326948704]
     [0.11444309799609909, 0.6585795710214489, 0.14852415326948704]
     [0.11444309799609909, 0.6585795710214489, 0.14852415326948704]
     [0.11444309799609909, 0.6585795710214489, 0.14852415326948704]
     [0.11444309799609909, 0.6585795710214489, 0.14852415326948704]
     [0.11444309799609909, 0.6585795710214489, 0.14852415326948704]
     [0.11444309799609909, 0.6585795710214489, 0.14852415326948704]
     [0.11444309799609909, 0.6585795710214489, 0.14852415326948704]
     [0.11444309799609909, 0.6585795710214489, 0.14852415326948704]
     [0.11444309799609909, 0.6585795710214489, 0.14852415326948704]

Gen: 6
     [0.11444309799609909, 0.6585795710214489, 0.14852415326948704]
     [0.11444309799609909, 0.6585795710214489, 0.14852415326948704]
     [0.11444309799609909, 0.6585795710214489, 0.14852415326948704]
     [0.11444309799609909, 0.6585795710214489, 0.14852415326948704]
     [0.11444309799609909, 0.6585795710214489, 0.14852415326948704]
     [0.11444309799609909, 0.6585795710214489, 0.14852415326948704]
     [0.11444309799609909, 0.6585795710214489, 0.14852415326948704]
     [0.11444309799609909, 0.6585795710214489, 0.14852415326948704]
     [0.11444309799609909, 0.6585795710214489, 0.14852415326948704]
     [0.11444309799609909, 0.6585795710214489, 0.14852415326948704]

Gen: 7
     [0.11444309799609909, 0.6585795710214489, 0.14852415326948704]
     [0.11444309799609909, 0.6585795710214489, 0.14852415326948704]
     [0.11444309799609909, 0.6585795710214489, 0.14852415326948704]
     [0.11444309799609909, 0.6585795710214489, 0.14852415326948704]
     [0.11444309799609909, 0.6585795710214489, 0.14852415326948704]
     [0.11444309799609909, 0.6585795710214489, 0.14852415326948704]
     [0.11444309799609909, 0.6585795710214489, 0.14852415326948704]
     [0.11444309799609909, 0.6585795710214489, 0.14852415326948704]
     [0.11444309799609909, 0.6585795710214489, 0.14852415326948704]
     [0.11444309799609909, 0.6585795710214489, 0.14852415326948704]

Gen: 8
     [0.11444309799609909, 0.6585795710214489, 0.14852415326948704]
     [0.11444309799609909, 0.6585795710214489, 0.14852415326948704]
     [0.11444309799609909, 0.6585795710214489, 0.14852415326948704]
     [0.11444309799609909, 0.6585795710214489, 0.14852415326948704]
     [0.11444309799609909, 0.6585795710214489, 0.14852415326948704]
     [0.11444309799609909, 0.6585795710214489, 0.14852415326948704]
     [0.11444309799609909, 0.6585795710214489, 0.14852415326948704]
     [0.11444309799609909, 0.6585795710214489, 0.14852415326948704]
     [0.11444309799609909, 0.6585795710214489, 0.14852415326948704]
     [0.11444309799609909, 0.6585795710214489, 0.14852415326948704]

Gen: 9
     [0.11444309799609909, 0.6585795710214489, 0.14852415326948704]
     [0.11444309799609909, 0.6585795710214489, 0.14852415326948704]
     [0.11444309799609909, 0.6585795710214489, 0.14852415326948704]
     [0.11444309799609909, 0.6585795710214489, 0.14852415326948704]
     [0.11444309799609909, 0.6585795710214489, 0.14852415326948704]
     [0.11444309799609909, 0.6585795710214489, 0.14852415326948704]
     [0.11444309799609909, 0.6585795710214489, 0.14852415326948704]
     [0.11444309799609909, 0.6585795710214489, 0.14852415326948704]
     [0.11444309799609909, 0.6585795710214489, 0.14852415326948704]
     [0.11444309799609909, 0.6585795710214489, 0.14852415326948704]

Gen: 10
     [0.11444309799609909, 0.6585795710214489, 0.14852415326948704]
     [0.11444309799609909, 0.6585795710214489, 0.14852415326948704]
     [0.11444309799609909, 0.6585795710214489, 0.14852415326948704]
     [0.11444309799609909, 0.6585795710214489, 0.14852415326948704]
     [0.11444309799609909, 0.6585795710214489, 0.14852415326948704]
     [0.11444309799609909, 0.6585795710214489, 0.14852415326948704]
     [0.11444309799609909, 0.6585795710214489, 0.14852415326948704]
     [0.11444309799609909, 0.6585795710214489, 0.14852415326948704]
     [0.11444309799609909, 0.6585795710214489, 0.14852415326948704]
     [0.11444309799609909, 0.6585795710214489, 0.14852415326948704]

Gen: 11
     [0.11444309799609909, 0.6585795710214489, 0.14852415326948704]
     [0.11444309799609909, 0.6585795710214489, 0.14852415326948704]
     [0.11444309799609909, 0.6585795710214489, 0.14852415326948704]
     [0.11444309799609909, 0.6585795710214489, 0.14852415326948704]
     [0.11444309799609909, 0.6585795710214489, 0.14852415326948704]
     [0.11444309799609909, 0.6585795710214489, 0.14852415326948704]
     [0.11444309799609909, 0.6585795710214489, 0.14852415326948704]
     [0.11444309799609909, 0.6585795710214489, 0.14852415326948704]
     [0.11444309799609909, 0.6585795710214489, 0.14852415326948704]
     [0.11444309799609909, 0.6585795710214489, 0.14852415326948704]

Gen: 12
     [0.11444309799609909, 0.6585795710214489, 0.14852415326948704]
     [0.11444309799609909, 0.6585795710214489, 0.14852415326948704]
     [0.11444309799609909, 0.6585795710214489, 0.14852415326948704]
     [0.11444309799609909, 0.6585795710214489, 0.14852415326948704]
     [0.11444309799609909, 0.6585795710214489, 0.14852415326948704]
     [0.11444309799609909, 0.6585795710214489, 0.14852415326948704]
     [0.11444309799609909, 0.6585795710214489, 0.14852415326948704]
     [0.11444309799609909, 0.6585795710214489, 0.14852415326948704]
     [0.11444309799609909, 0.6585795710214489, 0.14852415326948704]
     [0.11444309799609909, 0.6585795710214489, 0.14852415326948704]

Gen: 13
     [0.11444309799609909, 0.6585795710214489, 0.14852415326948704]
     [0.11444309799609909, 0.6585795710214489, 0.14852415326948704]
     [0.11444309799609909, 0.6585795710214489, 0.14852415326948704]
     [0.11444309799609909, 0.6585795710214489, 0.14852415326948704]
     [0.11444309799609909, 0.6585795710214489, 0.14852415326948704]
     [0.11444309799609909, 0.6585795710214489, 0.14852415326948704]
     [0.11444309799609909, 0.6585795710214489, 0.14852415326948704]
     [0.11444309799609909, 0.6585795710214489, 0.14852415326948704]
     [0.11444309799609909, 0.6585795710214489, 0.14852415326948704]
     [0.11444309799609909, 0.6585795710214489, 0.14852415326948704]

Gen: 14
     [0.11444309799609909, 0.6585795710214489, 0.14852415326948704]
     [0.11444309799609909, 0.6585795710214489, 0.14852415326948704]
     [0.11444309799609909, 0.6585795710214489, 0.14852415326948704]
     [0.11444309799609909, 0.6585795710214489, 0.14852415326948704]
     [0.11444309799609909, 0.6585795710214489, 0.14852415326948704]
     [0.11444309799609909, 0.6585795710214489, 0.14852415326948704]
     [0.11444309799609909, 0.6585795710214489, 0.14852415326948704]
     [0.11444309799609909, 0.6585795710214489, 0.14852415326948704]
     [0.11444309799609909, 0.6585795710214489, 0.14852415326948704]
     [0.11444309799609909, 0.6585795710214489, 0.14852415326948704]

Gen: 15
     [0.11444309799609909, 0.6585795710214489, 0.14852415326948704]
     [0.11444309799609909, 0.6585795710214489, 0.14852415326948704]
     [0.11444309799609909, 0.6585795710214489, 0.14852415326948704]
     [0.11444309799609909, 0.6585795710214489, 0.14852415326948704]
     [0.11444309799609909, 0.6585795710214489, 0.14852415326948704]
     [0.11444309799609909, 0.6585795710214489, 0.14852415326948704]
     [0.11444309799609909, 0.6585795710214489, 0.14852415326948704]
     [0.11444309799609909, 0.6585795710214489, 0.14852415326948704]
     [0.11444309799609909, 0.6585795710214489, 0.14852415326948704]
     [0.11444309799609909, 0.6585795710214489, 0.14852415326948704]

Gen: 16
     [0.11444309799609909, 0.6585795710214489, 0.14852415326948704]
     [0.11444309799609909, 0.6585795710214489, 0.14852415326948704]
     [0.11444309799609909, 0.6585795710214489, 0.14852415326948704]
     [0.11444309799609909, 0.6585795710214489, 0.14852415326948704]
     [0.11444309799609909, 0.6585795710214489, 0.14852415326948704]
     [0.11444309799609909, 0.6585795710214489, 0.14852415326948704]
     [0.11444309799609909, 0.6585795710214489, 0.14852415326948704]
     [0.11444309799609909, 0.6585795710214489, 0.14852415326948704]
     [0.11444309799609909, 0.6585795710214489, 0.14852415326948704]
     [0.11444309799609909, 0.6585795710214489, 0.14852415326948704]

Gen: 17
     [0.11444309799609909, 0.6585795710214489, 0.14852415326948704]
     [0.11444309799609909, 0.6585795710214489, 0.14852415326948704]
     [0.11444309799609909, 0.6585795710214489, 0.14852415326948704]
     [0.11444309799609909, 0.6585795710214489, 0.14852415326948704]
     [0.11444309799609909, 0.6585795710214489, 0.14852415326948704]
     [0.11444309799609909, 0.6585795710214489, 0.14852415326948704]
     [0.11444309799609909, 0.6585795710214489, 0.14852415326948704]
     [0.11444309799609909, 0.6585795710214489, 0.14852415326948704]
     [0.11444309799609909, 0.6585795710214489, 0.14852415326948704]
     [0.11444309799609909, 0.6585795710214489, 0.14852415326948704]

Gen: 18
     [0.11444309799609909, 0.6585795710214489, 0.14852415326948704]
     [0.11444309799609909, 0.6585795710214489, 0.14852415326948704]
     [0.11444309799609909, 0.6585795710214489, 0.14852415326948704]
     [0.11444309799609909, 0.6585795710214489, 0.14852415326948704]
     [0.11444309799609909, 0.6585795710214489, 0.14852415326948704]
     [0.11444309799609909, 0.6585795710214489, 0.14852415326948704]
     [0.11444309799609909, 0.6585795710214489, 0.14852415326948704]
     [0.11444309799609909, 0.6585795710214489, 0.14852415326948704]
     [0.11444309799609909, 0.6585795710214489, 0.14852415326948704]
     [0.11444309799609909, 0.6585795710214489, 0.14852415326948704]

Gen: 19
     [0.11444309799609909, 0.6585795710214489, 0.14852415326948704]
     [0.11444309799609909, 0.6585795710214489, 0.14852415326948704]
     [0.11444309799609909, 0.6585795710214489, 0.14852415326948704]
     [0.11444309799609909, 0.6585795710214489, 0.14852415326948704]
     [0.11444309799609909, 0.6585795710214489, 0.14852415326948704]
     [0.11444309799609909, 0.6585795710214489, 0.14852415326948704]
     [0.11444309799609909, 0.6585795710214489, 0.14852415326948704]
     [0.11444309799609909, 0.6585795710214489, 0.14852415326948704]
     [0.11444309799609909, 0.6585795710214489, 0.14852415326948704]
     [0.11444309799609909, 0.6585795710214489, 0.14852415326948704]

Gen: 20
     [0.11444309799609909, 0.6585795710214489, 0.14852415326948704]
     [0.11444309799609909, 0.6585795710214489, 0.14852415326948704]
     [0.11444309799609909, 0.6585795710214489, 0.14852415326948704]
     [0.11444309799609909, 0.6585795710214489, 0.14852415326948704]
     [0.11444309799609909, 0.6585795710214489, 0.14852415326948704]
     [0.11444309799609909, 0.6585795710214489, 0.14852415326948704]
     [0.11444309799609909, 0.6585795710214489, 0.14852415326948704]
     [0.11444309799609909, 0.6585795710214489, 0.14852415326948704]
     [0.11444309799609909, 0.6585795710214489, 0.14852415326948704]
     [0.10619279249226454, 0.5085120743962802, 0.19161561837930075]

Gen: 21
     [0.11444309799609909, 0.6585795710214489, 0.14852415326948704]
     [0.11444309799609909, 0.6585795710214489, 0.14852415326948704]
     [0.11444309799609909, 0.6585795710214489, 0.14852415326948704]
     [0.11444309799609909, 0.6585795710214489, 0.14852415326948704]
     [0.11444309799609909, 0.6585795710214489, 0.14852415326948704]
     [0.11444309799609909, 0.6585795710214489, 0.14852415326948704]
     [0.11444309799609909, 0.6585795710214489, 0.14852415326948704]
     [0.11444309799609909, 0.6585795710214489, 0.14852415326948704]
     [0.11444309799609909, 0.6585795710214489, 0.14852415326948704]
     [0.10619279249226454, 0.5085120743962802, 0.19161561837930075]

Gen: 22
     [0.11444309799609909, 0.6585795710214489, 0.14852415326948704]
     [0.11444309799609909, 0.6585795710214489, 0.14852415326948704]
     [0.11444309799609909, 0.6585795710214489, 0.14852415326948704]
     [0.11444309799609909, 0.6585795710214489, 0.14852415326948704]
     [0.11444309799609909, 0.6585795710214489, 0.14852415326948704]
     [0.11444309799609909, 0.6585795710214489, 0.14852415326948704]
     [0.10686422013976588, 0.5711714414279286, 0.19651433665986023]
     [0.10619279249226454, 0.5085120743962802, 0.19161561837930075]
     [0.10619279249226454, 0.5085120743962802, 0.19161561837930075]
     [0.10619279249226454, 0.5085120743962802, 0.19161561837930075]

Gen: 23
     [0.10686422013976588, 0.5711714414279286, 0.19651433665986023]
     [0.10806496083764215, 0.5085120743962802, 0.20519973541169365]
     [0.10619279249226454, 0.5085120743962802, 0.19161561837930075]
     [0.10619279249226454, 0.5085120743962802, 0.19161561837930075]
     [0.10619279249226454, 0.5085120743962802, 0.19161561837930075]
     [0.10619279249226454, 0.5085120743962802, 0.19161561837930075]
     [0.10619279249226454, 0.5085120743962802, 0.19161561837930075]
     [0.10619279249226454, 0.5085120743962802, 0.19161561837930075]
     [0.10619279249226454, 0.5085120743962802, 0.19161561837930075]
     [0.10619279249226454, 0.5085120743962802, 0.19161561837930075]

Gen: 24
     [0.10619279249226454, 0.5085120743962802, 0.19161561837930075]
     [0.10619279249226454, 0.5085120743962802, 0.19161561837930075]
     [0.10619279249226454, 0.5085120743962802, 0.19161561837930075]
     [0.10619279249226454, 0.5085120743962802, 0.19161561837930075]
     [0.10619279249226454, 0.5085120743962802, 0.19161561837930075]
     [0.10619279249226454, 0.5085120743962802, 0.19161561837930075]
     [0.10619279249226454, 0.5085120743962802, 0.19161561837930075]
     [0.10619279249226454, 0.5085120743962802, 0.19161561837930075]
     [0.10619279249226454, 0.5085120743962802, 0.19161561837930075]
     [0.10619279249226454, 0.5085120743962802, 0.19161561837930075]

Gen: 25
     [0.10619279249226454, 0.5085120743962802, 0.19161561837930075]
     [0.10619279249226454, 0.5085120743962802, 0.19161561837930075]
     [0.10619279249226454, 0.5085120743962802, 0.19161561837930075]
     [0.10619279249226454, 0.5085120743962802, 0.19161561837930075]
     [0.10619279249226454, 0.5085120743962802, 0.19161561837930075]
     [0.10619279249226454, 0.5085120743962802, 0.19161561837930075]
     [0.10619279249226454, 0.5085120743962802, 0.19161561837930075]
     [0.10619279249226454, 0.5085120743962802, 0.19161561837930075]
     [0.10619279249226454, 0.5085120743962802, 0.19161561837930075]
     [0.10619279249226454, 0.5085120743962802, 0.19161561837930075]

Gen: 26
     [0.10619279249226454, 0.5085120743962802, 0.19161561837930075]
     [0.10619279249226454, 0.5085120743962802, 0.19161561837930075]
     [0.10619279249226454, 0.5085120743962802, 0.19161561837930075]
     [0.10619279249226454, 0.5085120743962802, 0.19161561837930075]
     [0.10619279249226454, 0.5085120743962802, 0.19161561837930075]
     [0.10619279249226454, 0.5085120743962802, 0.19161561837930075]
     [0.10619279249226454, 0.5085120743962802, 0.19161561837930075]
     [0.10619279249226454, 0.5085120743962802, 0.19161561837930075]
     [0.10619279249226454, 0.5085120743962802, 0.19161561837930075]
     [0.10619279249226454, 0.5085120743962802, 0.19161561837930075]

Gen: 27
     [0.10619279249226454, 0.5085120743962802, 0.19161561837930075]
     [0.10619279249226454, 0.5085120743962802, 0.19161561837930075]
     [0.10619279249226454, 0.5085120743962802, 0.19161561837930075]
     [0.10619279249226454, 0.5085120743962802, 0.19161561837930075]
     [0.10619279249226454, 0.5085120743962802, 0.19161561837930075]
     [0.10619279249226454, 0.5085120743962802, 0.19161561837930075]
     [0.10619279249226454, 0.5085120743962802, 0.19161561837930075]
     [0.10619279249226454, 0.5085120743962802, 0.19161561837930075]
     [0.10619279249226454, 0.5085120743962802, 0.19161561837930075]
     [0.10619279249226454, 0.5085120743962802, 0.19161561837930075]

Gen: 28
     [0.10619279249226454, 0.5085120743962802, 0.19161561837930075]
     [0.10619279249226454, 0.5085120743962802, 0.19161561837930075]
     [0.10619279249226454, 0.5085120743962802, 0.19161561837930075]
     [0.10619279249226454, 0.5085120743962802, 0.19161561837930075]
     [0.10619279249226454, 0.5085120743962802, 0.19161561837930075]
     [0.10619279249226454, 0.5085120743962802, 0.19161561837930075]
     [0.10619279249226454, 0.5085120743962802, 0.19161561837930075]
     [0.10619279249226454, 0.5085120743962802, 0.19161561837930075]
     [0.10619279249226454, 0.5085120743962802, 0.19161561837930075]
     [0.10619279249226454, 0.5085120743962802, 0.19161561837930075]

Gen: 29
     [0.10619279249226454, 0.5085120743962802, 0.19161561837930075]
     [0.10619279249226454, 0.5085120743962802, 0.19161561837930075]
     [0.10619279249226454, 0.5085120743962802, 0.19161561837930075]
     [0.10619279249226454, 0.5085120743962802, 0.19161561837930075]
     [0.10619279249226454, 0.5085120743962802, 0.19161561837930075]
     [0.10619279249226454, 0.5085120743962802, 0.19161561837930075]
     [0.10619279249226454, 0.5085120743962802, 0.19161561837930075]
     [0.10619279249226454, 0.5085120743962802, 0.19161561837930075]
     [0.10619279249226454, 0.5085120743962802, 0.19161561837930075]
     [0.10619279249226454, 0.5085120743962802, 0.19161561837930075]

Gen: 30
     [0.10619279249226454, 0.5085120743962802, 0.19161561837930075]
     [0.10619279249226454, 0.5085120743962802, 0.19161561837930075]
     [0.10619279249226454, 0.5085120743962802, 0.19161561837930075]
     [0.10619279249226454, 0.5085120743962802, 0.19161561837930075]
     [0.10619279249226454, 0.5085120743962802, 0.19161561837930075]
     [0.10619279249226454, 0.5085120743962802, 0.19161561837930075]
     [0.10619279249226454, 0.5085120743962802, 0.19161561837930075]
     [0.10619279249226454, 0.5085120743962802, 0.19161561837930075]
     [0.10619279249226454, 0.5085120743962802, 0.19161561837930075]
     [0.10619279249226454, 0.5085120743962802, 0.19161561837930075]

Gen: 31
     [0.10619279249226454, 0.5085120743962802, 0.19161561837930075]
     [0.10619279249226454, 0.5085120743962802, 0.19161561837930075]
     [0.10619279249226454, 0.5085120743962802, 0.19161561837930075]
     [0.10619279249226454, 0.5085120743962802, 0.19161561837930075]
     [0.10619279249226454, 0.5085120743962802, 0.19161561837930075]
     [0.10619279249226454, 0.5085120743962802, 0.19161561837930075]
     [0.10619279249226454, 0.5085120743962802, 0.19161561837930075]
     [0.10619279249226454, 0.5085120743962802, 0.19161561837930075]
     [0.10619279249226454, 0.5085120743962802, 0.19161561837930075]
     [0.10619279249226454, 0.5085120743962802, 0.19161561837930075]

Gen: 32
     [0.10619279249226454, 0.5085120743962802, 0.19161561837930075]
     [0.10619279249226454, 0.5085120743962802, 0.19161561837930075]
     [0.10619279249226454, 0.5085120743962802, 0.19161561837930075]
     [0.10619279249226454, 0.5085120743962802, 0.19161561837930075]
     [0.10619279249226454, 0.5085120743962802, 0.19161561837930075]
     [0.10619279249226454, 0.5085120743962802, 0.19161561837930075]
     [0.10619279249226454, 0.5085120743962802, 0.19161561837930075]
     [0.10619279249226454, 0.5085120743962802, 0.19161561837930075]
     [0.10619279249226454, 0.5085120743962802, 0.19161561837930075]
     [0.10619279249226454, 0.5085120743962802, 0.19161561837930075]

Gen: 33
     [0.10619279249226454, 0.5085120743962802, 0.19161561837930075]
     [0.10619279249226454, 0.5085120743962802, 0.19161561837930075]
     [0.10619279249226454, 0.5085120743962802, 0.19161561837930075]
     [0.10619279249226454, 0.5085120743962802, 0.19161561837930075]
     [0.10619279249226454, 0.5085120743962802, 0.19161561837930075]
     [0.10619279249226454, 0.5085120743962802, 0.19161561837930075]
     [0.10619279249226454, 0.5085120743962802, 0.19161561837930075]
     [0.10619279249226454, 0.5085120743962802, 0.19161561837930075]
     [0.10619279249226454, 0.5085120743962802, 0.19161561837930075]
     [0.10619279249226454, 0.5085120743962802, 0.19161561837930075]

Gen: 34
     [0.10619279249226454, 0.5085120743962802, 0.19161561837930075]
     [0.10619279249226454, 0.5085120743962802, 0.19161561837930075]
     [0.10619279249226454, 0.5085120743962802, 0.19161561837930075]
     [0.10619279249226454, 0.5085120743962802, 0.19161561837930075]
     [0.10619279249226454, 0.5085120743962802, 0.19161561837930075]
     [0.10619279249226454, 0.5085120743962802, 0.19161561837930075]
     [0.10619279249226454, 0.5085120743962802, 0.19161561837930075]
     [0.10619279249226454, 0.5085120743962802, 0.19161561837930075]
     [0.10619279249226454, 0.5085120743962802, 0.19161561837930075]
     [0.10619279249226454, 0.5085120743962802, 0.19161561837930075]

Gen: 35
     [0.10619279249226454, 0.5085120743962802, 0.19161561837930075]
     [0.10619279249226454, 0.5085120743962802, 0.19161561837930075]
     [0.10619279249226454, 0.5085120743962802, 0.19161561837930075]
     [0.10619279249226454, 0.5085120743962802, 0.19161561837930075]
     [0.10619279249226454, 0.5085120743962802, 0.19161561837930075]
     [0.10619279249226454, 0.5085120743962802, 0.19161561837930075]
     [0.10619279249226454, 0.5085120743962802, 0.19161561837930075]
     [0.10619279249226454, 0.5085120743962802, 0.19161561837930075]
     [0.10619279249226454, 0.5085120743962802, 0.19161561837930075]
     [0.10619279249226454, 0.5085120743962802, 0.19161561837930075]

Gen: 36
     [0.10619279249226454, 0.5085120743962802, 0.19161561837930075]
     [0.10619279249226454, 0.5085120743962802, 0.19161561837930075]
     [0.10619279249226454, 0.5085120743962802, 0.19161561837930075]
     [0.10619279249226454, 0.5085120743962802, 0.19161561837930075]
     [0.10619279249226454, 0.5085120743962802, 0.19161561837930075]
     [0.10619279249226454, 0.5085120743962802, 0.19161561837930075]
     [0.10619279249226454, 0.5085120743962802, 0.19161561837930075]
     [0.10619279249226454, 0.5085120743962802, 0.19161561837930075]
     [0.10619279249226454, 0.5085120743962802, 0.19161561837930075]
     [0.10619279249226454, 0.5085120743962802, 0.19161561837930075]

Gen: 37
     [0.10619279249226454, 0.5085120743962802, 0.19161561837930075]
     [0.10619279249226454, 0.5085120743962802, 0.19161561837930075]
     [0.10619279249226454, 0.5085120743962802, 0.19161561837930075]
     [0.10619279249226454, 0.5085120743962802, 0.19161561837930075]
     [0.10619279249226454, 0.5085120743962802, 0.19161561837930075]
     [0.10619279249226454, 0.5085120743962802, 0.19161561837930075]
     [0.10619279249226454, 0.5085120743962802, 0.19161561837930075]
     [0.10619279249226454, 0.5085120743962802, 0.19161561837930075]
     [0.10619279249226454, 0.5085120743962802, 0.19161561837930075]
     [0.10619279249226454, 0.5085120743962802, 0.19161561837930075]

Gen: 38
     [0.10619279249226454, 0.5085120743962802, 0.19161561837930075]
     [0.10619279249226454, 0.5085120743962802, 0.19161561837930075]
     [0.10619279249226454, 0.5085120743962802, 0.19161561837930075]
     [0.10619279249226454, 0.5085120743962802, 0.19161561837930075]
     [0.10619279249226454, 0.5085120743962802, 0.19161561837930075]
     [0.10619279249226454, 0.5085120743962802, 0.19161561837930075]
     [0.10619279249226454, 0.5085120743962802, 0.19161561837930075]
     [0.10619279249226454, 0.5085120743962802, 0.19161561837930075]
     [0.10619279249226454, 0.5085120743962802, 0.19161561837930075]
     [0.10619279249226454, 0.5085120743962802, 0.19161561837930075]

Gen: 39
     [0.10619279249226454, 0.5085120743962802, 0.19161561837930075]
     [0.10619279249226454, 0.5085120743962802, 0.19161561837930075]
     [0.10619279249226454, 0.5085120743962802, 0.19161561837930075]
     [0.10619279249226454, 0.5085120743962802, 0.19161561837930075]
     [0.10619279249226454, 0.5085120743962802, 0.19161561837930075]
     [0.10619279249226454, 0.5085120743962802, 0.19161561837930075]
     [0.10619279249226454, 0.5085120743962802, 0.19161561837930075]
     [0.10619279249226454, 0.5085120743962802, 0.19161561837930075]
     [0.10619279249226454, 0.5085120743962802, 0.19161561837930075]
     [0.10619279249226454, 0.5085120743962802, 0.19161561837930075]

Gen: 40
     [0.10619279249226454, 0.5085120743962802, 0.19161561837930075]
     [0.10619279249226454, 0.5085120743962802, 0.19161561837930075]
     [0.10619279249226454, 0.5085120743962802, 0.19161561837930075]
     [0.10619279249226454, 0.5085120743962802, 0.19161561837930075]
     [0.10619279249226454, 0.5085120743962802, 0.19161561837930075]
     [0.10619279249226454, 0.5085120743962802, 0.19161561837930075]
     [0.10619279249226454, 0.5085120743962802, 0.19161561837930075]
     [0.10619279249226454, 0.5085120743962802, 0.19161561837930075]
     [0.10619279249226454, 0.5085120743962802, 0.19161561837930075]
     [0.10619279249226454, 0.5085120743962802, 0.19161561837930075]

Gen: 41
     [0.10619279249226454, 0.5085120743962802, 0.19161561837930075]
     [0.10619279249226454, 0.5085120743962802, 0.19161561837930075]
     [0.10619279249226454, 0.5085120743962802, 0.19161561837930075]
     [0.10619279249226454, 0.5085120743962802, 0.19161561837930075]
     [0.10619279249226454, 0.5085120743962802, 0.19161561837930075]
     [0.10619279249226454, 0.5085120743962802, 0.19161561837930075]
     [0.10619279249226454, 0.5085120743962802, 0.19161561837930075]
     [0.10619279249226454, 0.5085120743962802, 0.19161561837930075]
     [0.10619279249226454, 0.5085120743962802, 0.19161561837930075]
     [0.10619279249226454, 0.5085120743962802, 0.19161561837930075]

Gen: 42
     [0.10619279249226454, 0.5085120743962802, 0.19161561837930075]
     [0.10619279249226454, 0.5085120743962802, 0.19161561837930075]
     [0.10619279249226454, 0.5085120743962802, 0.19161561837930075]
     [0.10619279249226454, 0.5085120743962802, 0.19161561837930075]
     [0.10619279249226454, 0.5085120743962802, 0.19161561837930075]
     [0.10619279249226454, 0.5085120743962802, 0.19161561837930075]
     [0.10619279249226454, 0.5085120743962802, 0.19161561837930075]
     [0.10619279249226454, 0.5085120743962802, 0.19161561837930075]
     [0.10619279249226454, 0.5085120743962802, 0.19161561837930075]
     [0.10619279249226454, 0.5085120743962802, 0.19161561837930075]

Gen: 43
     [0.10619279249226454, 0.5085120743962802, 0.19161561837930075]
     [0.10619279249226454, 0.5085120743962802, 0.19161561837930075]
     [0.10619279249226454, 0.5085120743962802, 0.19161561837930075]
     [0.10619279249226454, 0.5085120743962802, 0.19161561837930075]
     [0.10619279249226454, 0.5085120743962802, 0.19161561837930075]
     [0.10619279249226454, 0.5085120743962802, 0.19161561837930075]
     [0.10619279249226454, 0.5085120743962802, 0.19161561837930075]
     [0.10619279249226454, 0.5085120743962802, 0.19161561837930075]
     [0.10619279249226454, 0.5085120743962802, 0.19161561837930075]
     [0.10619279249226454, 0.5085120743962802, 0.19161561837930075]

Gen: 44
     [0.10619279249226454, 0.5085120743962802, 0.19161561837930075]
     [0.10619279249226454, 0.5085120743962802, 0.19161561837930075]
     [0.10619279249226454, 0.5085120743962802, 0.19161561837930075]
     [0.10619279249226454, 0.5085120743962802, 0.19161561837930075]
     [0.10619279249226454, 0.5085120743962802, 0.19161561837930075]
     [0.10619279249226454, 0.5085120743962802, 0.19161561837930075]
     [0.10619279249226454, 0.5085120743962802, 0.19161561837930075]
     [0.10619279249226454, 0.5085120743962802, 0.19161561837930075]
     [0.10619279249226454, 0.5085120743962802, 0.19161561837930075]
     [0.10619279249226454, 0.5085120743962802, 0.19161561837930075]

Gen: 45
     [0.10619279249226454, 0.5085120743962802, 0.19161561837930075]
     [0.10619279249226454, 0.5085120743962802, 0.19161561837930075]
     [0.10619279249226454, 0.5085120743962802, 0.19161561837930075]
     [0.10619279249226454, 0.5085120743962802, 0.19161561837930075]
     [0.10619279249226454, 0.5085120743962802, 0.19161561837930075]
     [0.10619279249226454, 0.5085120743962802, 0.19161561837930075]
     [0.10619279249226454, 0.5085120743962802, 0.19161561837930075]
     [0.10619279249226454, 0.5085120743962802, 0.19161561837930075]
     [0.10619279249226454, 0.5085120743962802, 0.19161561837930075]
     [0.10619279249226454, 0.5085120743962802, 0.19161561837930075]

Gen: 46
     [0.10619279249226454, 0.5085120743962802, 0.19161561837930075]
     [0.10619279249226454, 0.5085120743962802, 0.19161561837930075]
     [0.10619279249226454, 0.5085120743962802, 0.19161561837930075]
     [0.10619279249226454, 0.5085120743962802, 0.19161561837930075]
     [0.10619279249226454, 0.5085120743962802, 0.19161561837930075]
     [0.10619279249226454, 0.5085120743962802, 0.19161561837930075]
     [0.10619279249226454, 0.5085120743962802, 0.19161561837930075]
     [0.10619279249226454, 0.5085120743962802, 0.19161561837930075]
     [0.10619279249226454, 0.5085120743962802, 0.19161561837930075]
     [0.10619279249226454, 0.5085120743962802, 0.19161561837930075]

Gen: 47
     [0.10619279249226454, 0.5085120743962802, 0.19161561837930075]
     [0.10619279249226454, 0.5085120743962802, 0.19161561837930075]
     [0.10619279249226454, 0.5085120743962802, 0.19161561837930075]
     [0.10619279249226454, 0.5085120743962802, 0.19161561837930075]
     [0.10619279249226454, 0.5085120743962802, 0.19161561837930075]
     [0.10619279249226454, 0.5085120743962802, 0.19161561837930075]
     [0.10619279249226454, 0.5085120743962802, 0.19161561837930075]
     [0.10619279249226454, 0.5085120743962802, 0.19161561837930075]
     [0.10619279249226454, 0.5085120743962802, 0.19161561837930075]
     [0.10619279249226454, 0.5085120743962802, 0.19161561837930075]

Gen: 48
     [0.10619279249226454, 0.5085120743962802, 0.19161561837930075]
     [0.10619279249226454, 0.5085120743962802, 0.19161561837930075]
     [0.10619279249226454, 0.5085120743962802, 0.19161561837930075]
     [0.10619279249226454, 0.5085120743962802, 0.19161561837930075]
     [0.10619279249226454, 0.5085120743962802, 0.19161561837930075]
     [0.10619279249226454, 0.5085120743962802, 0.19161561837930075]
     [0.10619279249226454, 0.5085120743962802, 0.19161561837930075]
     [0.10619279249226454, 0.5085120743962802, 0.19161561837930075]
     [0.10619279249226454, 0.5085120743962802, 0.19161561837930075]
     [0.10619279249226454, 0.5085120743962802, 0.19161561837930075]

Gen: 49
     [0.10619279249226454, 0.5085120743962802, 0.19161561837930075]
     [0.10619279249226454, 0.5085120743962802, 0.19161561837930075]
     [0.10619279249226454, 0.5085120743962802, 0.19161561837930075]
     [0.10619279249226454, 0.5085120743962802, 0.19161561837930075]
     [0.10619279249226454, 0.5085120743962802, 0.19161561837930075]
     [0.10619279249226454, 0.5085120743962802, 0.19161561837930075]
     [0.10619279249226454, 0.5085120743962802, 0.19161561837930075]
     [0.10619279249226454, 0.5085120743962802, 0.19161561837930075]
     [0.10619279249226454, 0.5085120743962802, 0.19161561837930075]
     [0.10619279249226454, 0.5085120743962802, 0.19161561837930075]

Gen: 50
     [0.10619279249226454, 0.5085120743962802, 0.19161561837930075]
     [0.10619279249226454, 0.5085120743962802, 0.19161561837930075]
     [0.10619279249226454, 0.5085120743962802, 0.19161561837930075]
     [0.10619279249226454, 0.5085120743962802, 0.19161561837930075]
     [0.10619279249226454, 0.5085120743962802, 0.19161561837930075]
     [0.10619279249226454, 0.5085120743962802, 0.19161561837930075]
     [0.10619279249226454, 0.5085120743962802, 0.19161561837930075]
     [0.10619279249226454, 0.5085120743962802, 0.19161561837930075]
     [0.10619279249226454, 0.5085120743962802, 0.19161561837930075]
     [0.10619279249226454, 0.5085120743962802, 0.19161561837930075]

Gen: 51
     [0.10619279249226454, 0.5085120743962802, 0.19161561837930075]
     [0.10619279249226454, 0.5085120743962802, 0.19161561837930075]
     [0.10619279249226454, 0.5085120743962802, 0.19161561837930075]
     [0.10619279249226454, 0.5085120743962802, 0.19161561837930075]
     [0.10619279249226454, 0.5085120743962802, 0.19161561837930075]
     [0.10619279249226454, 0.5085120743962802, 0.19161561837930075]
     [0.10619279249226454, 0.5085120743962802, 0.19161561837930075]
     [0.10619279249226454, 0.5085120743962802, 0.19161561837930075]
     [0.10619279249226454, 0.5085120743962802, 0.19161561837930075]
     [0.10619279249226454, 0.5085120743962802, 0.19161561837930075]

Gen: 52
     [0.10619279249226454, 0.5085120743962802, 0.19161561837930075]
     [0.10619279249226454, 0.5085120743962802, 0.19161561837930075]
     [0.10619279249226454, 0.5085120743962802, 0.19161561837930075]
     [0.10619279249226454, 0.5085120743962802, 0.19161561837930075]
     [0.10619279249226454, 0.5085120743962802, 0.19161561837930075]
     [0.10619279249226454, 0.5085120743962802, 0.19161561837930075]
     [0.10619279249226454, 0.5085120743962802, 0.19161561837930075]
     [0.10619279249226454, 0.5085120743962802, 0.19161561837930075]
     [0.10619279249226454, 0.5085120743962802, 0.19161561837930075]
     [0.10619279249226454, 0.5085120743962802, 0.19161561837930075]

Gen: 53
     [0.10619279249226454, 0.5085120743962802, 0.19161561837930075]
     [0.10619279249226454, 0.5085120743962802, 0.19161561837930075]
     [0.10619279249226454, 0.5085120743962802, 0.19161561837930075]
     [0.10619279249226454, 0.5085120743962802, 0.19161561837930075]
     [0.10619279249226454, 0.5085120743962802, 0.19161561837930075]
     [0.10619279249226454, 0.5085120743962802, 0.19161561837930075]
     [0.10619279249226454, 0.5085120743962802, 0.19161561837930075]
     [0.10619279249226454, 0.5085120743962802, 0.19161561837930075]
     [0.10619279249226454, 0.5085120743962802, 0.19161561837930075]
     [0.10619279249226454, 0.5085120743962802, 0.19161561837930075]

Gen: 54
     [0.10619279249226454, 0.5085120743962802, 0.19161561837930075]
     [0.10619279249226454, 0.5085120743962802, 0.19161561837930075]
     [0.10619279249226454, 0.5085120743962802, 0.19161561837930075]
     [0.10619279249226454, 0.5085120743962802, 0.19161561837930075]
     [0.10619279249226454, 0.5085120743962802, 0.19161561837930075]
     [0.10619279249226454, 0.5085120743962802, 0.19161561837930075]
     [0.10619279249226454, 0.5085120743962802, 0.19161561837930075]
     [0.10619279249226454, 0.5085120743962802, 0.19161561837930075]
     [0.10619279249226454, 0.5085120743962802, 0.19161561837930075]
     [0.10619279249226454, 0.5085120743962802, 0.19161561837930075]

Gen: 55
     [0.10619279249226454, 0.5085120743962802, 0.19161561837930075]
     [0.10619279249226454, 0.5085120743962802, 0.19161561837930075]
     [0.10619279249226454, 0.5085120743962802, 0.19161561837930075]
     [0.10619279249226454, 0.5085120743962802, 0.19161561837930075]
     [0.10619279249226454, 0.5085120743962802, 0.19161561837930075]
     [0.10619279249226454, 0.5085120743962802, 0.19161561837930075]
     [0.10619279249226454, 0.5085120743962802, 0.19161561837930075]
     [0.10619279249226454, 0.5085120743962802, 0.19161561837930075]
     [0.10619279249226454, 0.5085120743962802, 0.19161561837930075]
     [0.10619279249226454, 0.5085120743962802, 0.19161561837930075]

Gen: 56
     [0.10619279249226454, 0.5085120743962802, 0.19161561837930075]
     [0.10619279249226454, 0.5085120743962802, 0.19161561837930075]
     [0.10619279249226454, 0.5085120743962802, 0.19161561837930075]
     [0.10619279249226454, 0.5085120743962802, 0.19161561837930075]
     [0.10619279249226454, 0.5085120743962802, 0.19161561837930075]
     [0.10619279249226454, 0.5085120743962802, 0.19161561837930075]
     [0.10619279249226454, 0.5085120743962802, 0.19161561837930075]
     [0.10619279249226454, 0.5085120743962802, 0.19161561837930075]
     [0.10619279249226454, 0.5085120743962802, 0.19161561837930075]
     [0.10619279249226454, 0.5085120743962802, 0.19161561837930075]

Gen: 57
     [0.10619279249226454, 0.5085120743962802, 0.19161561837930075]
     [0.10619279249226454, 0.5085120743962802, 0.19161561837930075]
     [0.10619279249226454, 0.5085120743962802, 0.19161561837930075]
     [0.10619279249226454, 0.5085120743962802, 0.19161561837930075]
     [0.10619279249226454, 0.5085120743962802, 0.19161561837930075]
     [0.10619279249226454, 0.5085120743962802, 0.19161561837930075]
     [0.10619279249226454, 0.5085120743962802, 0.19161561837930075]
     [0.10619279249226454, 0.5085120743962802, 0.19161561837930075]
     [0.10619279249226454, 0.5085120743962802, 0.19161561837930075]
     [0.10619279249226454, 0.5085120743962802, 0.19161561837930075]

Gen: 58
     [0.10619279249226454, 0.5085120743962802, 0.19161561837930075]
     [0.10619279249226454, 0.5085120743962802, 0.19161561837930075]
     [0.10619279249226454, 0.5085120743962802, 0.19161561837930075]
     [0.10619279249226454, 0.5085120743962802, 0.19161561837930075]
     [0.10619279249226454, 0.5085120743962802, 0.19161561837930075]
     [0.10619279249226454, 0.5085120743962802, 0.19161561837930075]
     [0.10619279249226454, 0.5085120743962802, 0.19161561837930075]
     [0.10619279249226454, 0.5085120743962802, 0.19161561837930075]
     [0.10619279249226454, 0.5085120743962802, 0.19161561837930075]
     [0.10619279249226454, 0.5085120743962802, 0.19161561837930075]

Gen: 59
     [0.10619279249226454, 0.5085120743962802, 0.19161561837930075]
     [0.10619279249226454, 0.5085120743962802, 0.19161561837930075]
     [0.10619279249226454, 0.5085120743962802, 0.19161561837930075]
     [0.10619279249226454, 0.5085120743962802, 0.19161561837930075]
     [0.10619279249226454, 0.5085120743962802, 0.19161561837930075]
     [0.10619279249226454, 0.5085120743962802, 0.19161561837930075]
     [0.10619279249226454, 0.5085120743962802, 0.19161561837930075]
     [0.10619279249226454, 0.5085120743962802, 0.19161561837930075]
     [0.10619279249226454, 0.5085120743962802, 0.19161561837930075]
     [0.10619279249226454, 0.5085120743962802, 0.19161561837930075]

Gen: 60
     [0.10619279249226454, 0.5085120743962802, 0.19161561837930075]
     [0.10619279249226454, 0.5085120743962802, 0.19161561837930075]
     [0.10619279249226454, 0.5085120743962802, 0.19161561837930075]
     [0.10619279249226454, 0.5085120743962802, 0.19161561837930075]
     [0.10619279249226454, 0.5085120743962802, 0.19161561837930075]
     [0.10619279249226454, 0.5085120743962802, 0.19161561837930075]
     [0.10619279249226454, 0.5085120743962802, 0.19161561837930075]
     [0.10619279249226454, 0.5085120743962802, 0.19161561837930075]
     [0.10619279249226454, 0.5085120743962802, 0.19161561837930075]
     [0.10619279249226454, 0.5085120743962802, 0.19161561837930075]

Gen: 61
     [0.10619279249226454, 0.5085120743962802, 0.19161561837930075]
     [0.10619279249226454, 0.5085120743962802, 0.19161561837930075]
     [0.10619279249226454, 0.5085120743962802, 0.19161561837930075]
     [0.10619279249226454, 0.5085120743962802, 0.19161561837930075]
     [0.10619279249226454, 0.5085120743962802, 0.19161561837930075]
     [0.10619279249226454, 0.5085120743962802, 0.19161561837930075]
     [0.10619279249226454, 0.5085120743962802, 0.19161561837930075]
     [0.10619279249226454, 0.5085120743962802, 0.19161561837930075]
     [0.10619279249226454, 0.5085120743962802, 0.19161561837930075]
     [0.10619279249226454, 0.5085120743962802, 0.19161561837930075]

Gen: 62
     [0.10619279249226454, 0.5085120743962802, 0.19161561837930075]
     [0.10619279249226454, 0.5085120743962802, 0.19161561837930075]
     [0.10619279249226454, 0.5085120743962802, 0.19161561837930075]
     [0.10619279249226454, 0.5085120743962802, 0.19161561837930075]
     [0.10619279249226454, 0.5085120743962802, 0.19161561837930075]
     [0.10619279249226454, 0.5085120743962802, 0.19161561837930075]
     [0.10619279249226454, 0.5085120743962802, 0.19161561837930075]
     [0.10619279249226454, 0.5085120743962802, 0.19161561837930075]
     [0.10619279249226454, 0.5085120743962802, 0.19161561837930075]
     [0.10619279249226454, 0.5085120743962802, 0.19161561837930075]

Gen: 63
     [0.10619279249226454, 0.5085120743962802, 0.19161561837930075]
     [0.10619279249226454, 0.5085120743962802, 0.19161561837930075]
     [0.10619279249226454, 0.5085120743962802, 0.19161561837930075]
     [0.10619279249226454, 0.5085120743962802, 0.19161561837930075]
     [0.10619279249226454, 0.5085120743962802, 0.19161561837930075]
     [0.10619279249226454, 0.5085120743962802, 0.19161561837930075]
     [0.10619279249226454, 0.5085120743962802, 0.19161561837930075]
     [0.10619279249226454, 0.5085120743962802, 0.19161561837930075]
     [0.10619279249226454, 0.5085120743962802, 0.19161561837930075]
     [0.10619279249226454, 0.5085120743962802, 0.19161561837930075]

Gen: 64
     [0.10619279249226454, 0.5085120743962802, 0.19161561837930075]
     [0.10619279249226454, 0.5085120743962802, 0.19161561837930075]
     [0.10619279249226454, 0.5085120743962802, 0.19161561837930075]
     [0.10619279249226454, 0.5085120743962802, 0.19161561837930075]
     [0.10619279249226454, 0.5085120743962802, 0.19161561837930075]
     [0.10619279249226454, 0.5085120743962802, 0.19161561837930075]
     [0.10619279249226454, 0.5085120743962802, 0.19161561837930075]
     [0.10619279249226454, 0.5085120743962802, 0.19161561837930075]
     [0.10619279249226454, 0.5085120743962802, 0.19161561837930075]
     [0.10619279249226454, 0.5085120743962802, 0.19161561837930075]

Gen: 65
     [0.10619279249226454, 0.5085120743962802, 0.19161561837930075]
     [0.10619279249226454, 0.5085120743962802, 0.19161561837930075]
     [0.10619279249226454, 0.5085120743962802, 0.19161561837930075]
     [0.10619279249226454, 0.5085120743962802, 0.19161561837930075]
     [0.10619279249226454, 0.5085120743962802, 0.19161561837930075]
     [0.10619279249226454, 0.5085120743962802, 0.19161561837930075]
     [0.10619279249226454, 0.5085120743962802, 0.19161561837930075]
     [0.10619279249226454, 0.5085120743962802, 0.19161561837930075]
     [0.10619279249226454, 0.5085120743962802, 0.19161561837930075]
     [0.10619279249226454, 0.5085120743962802, 0.19161561837930075]

Gen: 66
     [0.10619279249226454, 0.5085120743962802, 0.19161561837930075]
     [0.10619279249226454, 0.5085120743962802, 0.19161561837930075]
     [0.10619279249226454, 0.5085120743962802, 0.19161561837930075]
     [0.10619279249226454, 0.5085120743962802, 0.19161561837930075]
     [0.10619279249226454, 0.5085120743962802, 0.19161561837930075]
     [0.10619279249226454, 0.5085120743962802, 0.19161561837930075]
     [0.10619279249226454, 0.5085120743962802, 0.19161561837930075]
     [0.10619279249226454, 0.5085120743962802, 0.19161561837930075]
     [0.10619279249226454, 0.5085120743962802, 0.19161561837930075]
     [0.10619279249226454, 0.5085120743962802, 0.19161561837930075]

Gen: 67
     [0.10619279249226454, 0.5085120743962802, 0.19161561837930075]
     [0.10619279249226454, 0.5085120743962802, 0.19161561837930075]
     [0.10619279249226454, 0.5085120743962802, 0.19161561837930075]
     [0.10619279249226454, 0.5085120743962802, 0.19161561837930075]
     [0.10619279249226454, 0.5085120743962802, 0.19161561837930075]
     [0.10619279249226454, 0.5085120743962802, 0.19161561837930075]
     [0.10619279249226454, 0.5085120743962802, 0.19161561837930075]
     [0.10619279249226454, 0.5085120743962802, 0.19161561837930075]
     [0.10619279249226454, 0.5085120743962802, 0.19161561837930075]
     [0.10619279249226454, 0.5085120743962802, 0.19161561837930075]

Gen: 68
     [0.10619279249226454, 0.5085120743962802, 0.19161561837930075]
     [0.10619279249226454, 0.5085120743962802, 0.19161561837930075]
     [0.10619279249226454, 0.5085120743962802, 0.19161561837930075]
     [0.10619279249226454, 0.5085120743962802, 0.19161561837930075]
     [0.10619279249226454, 0.5085120743962802, 0.19161561837930075]
     [0.10619279249226454, 0.5085120743962802, 0.19161561837930075]
     [0.10619279249226454, 0.5085120743962802, 0.19161561837930075]
     [0.10619279249226454, 0.5085120743962802, 0.19161561837930075]
     [0.10619279249226454, 0.5085120743962802, 0.19161561837930075]
     [0.10619279249226454, 0.5085120743962802, 0.19161561837930075]

Gen: 69
     [0.10619279249226454, 0.5085120743962802, 0.19161561837930075]
     [0.10619279249226454, 0.5085120743962802, 0.19161561837930075]
     [0.10619279249226454, 0.5085120743962802, 0.19161561837930075]
     [0.10619279249226454, 0.5085120743962802, 0.19161561837930075]
     [0.10619279249226454, 0.5085120743962802, 0.19161561837930075]
     [0.10619279249226454, 0.5085120743962802, 0.19161561837930075]
     [0.10619279249226454, 0.5085120743962802, 0.19161561837930075]
     [0.10619279249226454, 0.5085120743962802, 0.19161561837930075]
     [0.10619279249226454, 0.5085120743962802, 0.19161561837930075]
     [0.10619279249226454, 0.5085120743962802, 0.19161561837930075]

Gen: 70
     [0.10619279249226454, 0.5085120743962802, 0.19161561837930075]
     [0.10619279249226454, 0.5085120743962802, 0.19161561837930075]
     [0.10619279249226454, 0.5085120743962802, 0.19161561837930075]
     [0.10619279249226454, 0.5085120743962802, 0.19161561837930075]
     [0.10619279249226454, 0.5085120743962802, 0.19161561837930075]
     [0.10619279249226454, 0.5085120743962802, 0.19161561837930075]
     [0.10619279249226454, 0.5085120743962802, 0.19161561837930075]
     [0.10619279249226454, 0.5085120743962802, 0.19161561837930075]
     [0.10619279249226454, 0.5085120743962802, 0.19161561837930075]
     [0.10619279249226454, 0.5085120743962802, 0.19161561837930075]

Gen: 71
     [0.10619279249226454, 0.5085120743962802, 0.19161561837930075]
     [0.10619279249226454, 0.5085120743962802, 0.19161561837930075]
     [0.10619279249226454, 0.5085120743962802, 0.19161561837930075]
     [0.10619279249226454, 0.5085120743962802, 0.19161561837930075]
     [0.10619279249226454, 0.5085120743962802, 0.19161561837930075]
     [0.10619279249226454, 0.5085120743962802, 0.19161561837930075]
     [0.10619279249226454, 0.5085120743962802, 0.19161561837930075]
     [0.10619279249226454, 0.5085120743962802, 0.19161561837930075]
     [0.10619279249226454, 0.5085120743962802, 0.19161561837930075]
     [0.10619279249226454, 0.5085120743962802, 0.19161561837930075]

Gen: 72
     [0.10619279249226454, 0.5085120743962802, 0.19161561837930075]
     [0.10619279249226454, 0.5085120743962802, 0.19161561837930075]
     [0.10619279249226454, 0.5085120743962802, 0.19161561837930075]
     [0.10619279249226454, 0.5085120743962802, 0.19161561837930075]
     [0.10619279249226454, 0.5085120743962802, 0.19161561837930075]
     [0.10619279249226454, 0.5085120743962802, 0.19161561837930075]
     [0.10619279249226454, 0.5085120743962802, 0.19161561837930075]
     [0.10619279249226454, 0.5085120743962802, 0.19161561837930075]
     [0.10619279249226454, 0.5085120743962802, 0.19161561837930075]
     [0.10619279249226454, 0.5085120743962802, 0.19161561837930075]

Gen: 73
     [0.10619279249226454, 0.5085120743962802, 0.19161561837930075]
     [0.10619279249226454, 0.5085120743962802, 0.19161561837930075]
     [0.10619279249226454, 0.5085120743962802, 0.19161561837930075]
     [0.10619279249226454, 0.5085120743962802, 0.19161561837930075]
     [0.10619279249226454, 0.5085120743962802, 0.19161561837930075]
     [0.10619279249226454, 0.5085120743962802, 0.19161561837930075]
     [0.10619279249226454, 0.5085120743962802, 0.19161561837930075]
     [0.10619279249226454, 0.5085120743962802, 0.19161561837930075]
     [0.10619279249226454, 0.5085120743962802, 0.19161561837930075]
     [0.10619279249226454, 0.5085120743962802, 0.19161561837930075]

Gen: 74
     [0.10619279249226454, 0.5085120743962802, 0.19161561837930075]
     [0.10619279249226454, 0.5085120743962802, 0.19161561837930075]
     [0.10619279249226454, 0.5085120743962802, 0.19161561837930075]
     [0.10619279249226454, 0.5085120743962802, 0.19161561837930075]
     [0.10619279249226454, 0.5085120743962802, 0.19161561837930075]
     [0.10619279249226454, 0.5085120743962802, 0.19161561837930075]
     [0.10619279249226454, 0.5085120743962802, 0.19161561837930075]
     [0.10619279249226454, 0.5085120743962802, 0.19161561837930075]
     [0.10619279249226454, 0.5085120743962802, 0.19161561837930075]
     [0.10619279249226454, 0.5085120743962802, 0.19161561837930075]

Gen: 75
     [0.10619279249226454, 0.5085120743962802, 0.19161561837930075]
     [0.10619279249226454, 0.5085120743962802, 0.19161561837930075]
     [0.10619279249226454, 0.5085120743962802, 0.19161561837930075]
     [0.10619279249226454, 0.5085120743962802, 0.19161561837930075]
     [0.10619279249226454, 0.5085120743962802, 0.19161561837930075]
     [0.10619279249226454, 0.5085120743962802, 0.19161561837930075]
     [0.10619279249226454, 0.5085120743962802, 0.19161561837930075]
     [0.10619279249226454, 0.5085120743962802, 0.19161561837930075]
     [0.10619279249226454, 0.5085120743962802, 0.19161561837930075]
     [0.10619279249226454, 0.5085120743962802, 0.19161561837930075]

Gen: 76
     [0.10619279249226454, 0.5085120743962802, 0.19161561837930075]
     [0.10619279249226454, 0.5085120743962802, 0.19161561837930075]
     [0.10619279249226454, 0.5085120743962802, 0.19161561837930075]
     [0.10619279249226454, 0.5085120743962802, 0.19161561837930075]
     [0.10619279249226454, 0.5085120743962802, 0.19161561837930075]
     [0.10619279249226454, 0.5085120743962802, 0.19161561837930075]
     [0.10619279249226454, 0.5085120743962802, 0.19161561837930075]
     [0.10619279249226454, 0.5085120743962802, 0.19161561837930075]
     [0.10619279249226454, 0.5085120743962802, 0.19161561837930075]
     [0.10619279249226454, 0.5085120743962802, 0.19161561837930075]

Gen: 77
     [0.10619279249226454, 0.5085120743962802, 0.19161561837930075]
     [0.10619279249226454, 0.5085120743962802, 0.19161561837930075]
     [0.10619279249226454, 0.5085120743962802, 0.19161561837930075]
     [0.10619279249226454, 0.5085120743962802, 0.19161561837930075]
     [0.10619279249226454, 0.5085120743962802, 0.19161561837930075]
     [0.10619279249226454, 0.5085120743962802, 0.19161561837930075]
     [0.10619279249226454, 0.5085120743962802, 0.19161561837930075]
     [0.10619279249226454, 0.5085120743962802, 0.19161561837930075]
     [0.10619279249226454, 0.5085120743962802, 0.19161561837930075]
     [0.10619279249226454, 0.5085120743962802, 0.19161561837930075]

Gen: 78
     [0.10619279249226454, 0.5085120743962802, 0.19161561837930075]
     [0.10619279249226454, 0.5085120743962802, 0.19161561837930075]
     [0.10619279249226454, 0.5085120743962802, 0.19161561837930075]
     [0.10619279249226454, 0.5085120743962802, 0.19161561837930075]
     [0.10619279249226454, 0.5085120743962802, 0.19161561837930075]
     [0.10619279249226454, 0.5085120743962802, 0.19161561837930075]
     [0.10619279249226454, 0.5085120743962802, 0.19161561837930075]
     [0.10619279249226454, 0.5085120743962802, 0.19161561837930075]
     [0.10619279249226454, 0.5085120743962802, 0.19161561837930075]
     [0.10619279249226454, 0.5085120743962802, 0.19161561837930075]

Gen: 79
     [0.10619279249226454, 0.5085120743962802, 0.19161561837930075]
     [0.10619279249226454, 0.5085120743962802, 0.19161561837930075]
     [0.10619279249226454, 0.5085120743962802, 0.19161561837930075]
     [0.10619279249226454, 0.5085120743962802, 0.19161561837930075]
     [0.10619279249226454, 0.5085120743962802, 0.19161561837930075]
     [0.10619279249226454, 0.5085120743962802, 0.19161561837930075]
     [0.10619279249226454, 0.5085120743962802, 0.19161561837930075]
     [0.10619279249226454, 0.5085120743962802, 0.19161561837930075]
     [0.10619279249226454, 0.5085120743962802, 0.19161561837930075]
     [0.10619279249226454, 0.5085120743962802, 0.19161561837930075]

Gen: 80
     [0.10619279249226454, 0.5085120743962802, 0.19161561837930075]
     [0.10619279249226454, 0.5085120743962802, 0.19161561837930075]
     [0.10619279249226454, 0.5085120743962802, 0.19161561837930075]
     [0.10619279249226454, 0.5085120743962802, 0.19161561837930075]
     [0.10619279249226454, 0.5085120743962802, 0.19161561837930075]
     [0.10619279249226454, 0.5085120743962802, 0.19161561837930075]
     [0.10619279249226454, 0.5085120743962802, 0.19161561837930075]
     [0.10619279249226454, 0.5085120743962802, 0.19161561837930075]
     [0.10619279249226454, 0.5085120743962802, 0.19161561837930075]
     [0.10619279249226454, 0.5085120743962802, 0.19161561837930075]

Gen: 81
     [0.10619279249226454, 0.5085120743962802, 0.19161561837930075]
     [0.10619279249226454, 0.5085120743962802, 0.19161561837930075]
     [0.10619279249226454, 0.5085120743962802, 0.19161561837930075]
     [0.10619279249226454, 0.5085120743962802, 0.19161561837930075]
     [0.10619279249226454, 0.5085120743962802, 0.19161561837930075]
     [0.10619279249226454, 0.5085120743962802, 0.19161561837930075]
     [0.10619279249226454, 0.5085120743962802, 0.19161561837930075]
     [0.10619279249226454, 0.5085120743962802, 0.19161561837930075]
     [0.10619279249226454, 0.5085120743962802, 0.19161561837930075]
     [0.10619279249226454, 0.5085120743962802, 0.19161561837930075]

Gen: 82
     [0.10619279249226454, 0.5085120743962802, 0.19161561837930075]
     [0.10619279249226454, 0.5085120743962802, 0.19161561837930075]
     [0.10619279249226454, 0.5085120743962802, 0.19161561837930075]
     [0.10619279249226454, 0.5085120743962802, 0.19161561837930075]
     [0.10619279249226454, 0.5085120743962802, 0.19161561837930075]
     [0.10619279249226454, 0.5085120743962802, 0.19161561837930075]
     [0.10619279249226454, 0.5085120743962802, 0.19161561837930075]
     [0.10619279249226454, 0.5085120743962802, 0.19161561837930075]
     [0.10619279249226454, 0.5085120743962802, 0.19161561837930075]
     [0.10619279249226454, 0.5085120743962802, 0.19161561837930075]

Gen: 83
     [0.10619279249226454, 0.5085120743962802, 0.19161561837930075]
     [0.10619279249226454, 0.5085120743962802, 0.19161561837930075]
     [0.10619279249226454, 0.5085120743962802, 0.19161561837930075]
     [0.10619279249226454, 0.5085120743962802, 0.19161561837930075]
     [0.10619279249226454, 0.5085120743962802, 0.19161561837930075]
     [0.10619279249226454, 0.5085120743962802, 0.19161561837930075]
     [0.10619279249226454, 0.5085120743962802, 0.19161561837930075]
     [0.10619279249226454, 0.5085120743962802, 0.19161561837930075]
     [0.10619279249226454, 0.5085120743962802, 0.19161561837930075]
     [0.10619279249226454, 0.5085120743962802, 0.19161561837930075]

Gen: 84
     [0.10619279249226454, 0.5085120743962802, 0.19161561837930075]
     [0.10619279249226454, 0.5085120743962802, 0.19161561837930075]
     [0.10619279249226454, 0.5085120743962802, 0.19161561837930075]
     [0.10619279249226454, 0.5085120743962802, 0.19161561837930075]
     [0.10619279249226454, 0.5085120743962802, 0.19161561837930075]
     [0.10619279249226454, 0.5085120743962802, 0.19161561837930075]
     [0.10619279249226454, 0.5085120743962802, 0.19161561837930075]
     [0.10619279249226454, 0.5085120743962802, 0.19161561837930075]
     [0.10619279249226454, 0.5085120743962802, 0.19161561837930075]
     [0.10619279249226454, 0.5085120743962802, 0.19161561837930075]

Gen: 85
     [0.10619279249226454, 0.5085120743962802, 0.19161561837930075]
     [0.10619279249226454, 0.5085120743962802, 0.19161561837930075]
     [0.10619279249226454, 0.5085120743962802, 0.19161561837930075]
     [0.10619279249226454, 0.5085120743962802, 0.19161561837930075]
     [0.10619279249226454, 0.5085120743962802, 0.19161561837930075]
     [0.10619279249226454, 0.5085120743962802, 0.19161561837930075]
     [0.10619279249226454, 0.5085120743962802, 0.19161561837930075]
     [0.10619279249226454, 0.5085120743962802, 0.19161561837930075]
     [0.10619279249226454, 0.5085120743962802, 0.19161561837930075]
     [0.10619279249226454, 0.5085120743962802, 0.19161561837930075]

Gen: 86
     [0.10619279249226454, 0.5085120743962802, 0.19161561837930075]
     [0.10619279249226454, 0.5085120743962802, 0.19161561837930075]
     [0.10619279249226454, 0.5085120743962802, 0.19161561837930075]
     [0.10619279249226454, 0.5085120743962802, 0.19161561837930075]
     [0.10619279249226454, 0.5085120743962802, 0.19161561837930075]
     [0.10619279249226454, 0.5085120743962802, 0.19161561837930075]
     [0.10619279249226454, 0.5085120743962802, 0.19161561837930075]
     [0.10619279249226454, 0.5085120743962802, 0.19161561837930075]
     [0.10619279249226454, 0.5085120743962802, 0.19161561837930075]
     [0.10619279249226454, 0.5085120743962802, 0.19161561837930075]

Gen: 87
     [0.10619279249226454, 0.5085120743962802, 0.19161561837930075]
     [0.10619279249226454, 0.5085120743962802, 0.19161561837930075]
     [0.10619279249226454, 0.5085120743962802, 0.19161561837930075]
     [0.10619279249226454, 0.5085120743962802, 0.19161561837930075]
     [0.10619279249226454, 0.5085120743962802, 0.19161561837930075]
     [0.10619279249226454, 0.5085120743962802, 0.19161561837930075]
     [0.10619279249226454, 0.5085120743962802, 0.19161561837930075]
     [0.10619279249226454, 0.5085120743962802, 0.19161561837930075]
     [0.10619279249226454, 0.5085120743962802, 0.19161561837930075]
     [0.10619279249226454, 0.5085120743962802, 0.19161561837930075]

Gen: 88
     [0.10619279249226454, 0.5085120743962802, 0.19161561837930075]
     [0.10619279249226454, 0.5085120743962802, 0.19161561837930075]
     [0.10619279249226454, 0.5085120743962802, 0.19161561837930075]
     [0.10619279249226454, 0.5085120743962802, 0.19161561837930075]
     [0.10619279249226454, 0.5085120743962802, 0.19161561837930075]
     [0.10619279249226454, 0.5085120743962802, 0.19161561837930075]
     [0.10619279249226454, 0.5085120743962802, 0.19161561837930075]
     [0.10619279249226454, 0.5085120743962802, 0.19161561837930075]
     [0.10619279249226454, 0.5085120743962802, 0.19161561837930075]
     [0.10619279249226454, 0.5085120743962802, 0.19161561837930075]

Gen: 89
     [0.10619279249226454, 0.5085120743962802, 0.19161561837930075]
     [0.10619279249226454, 0.5085120743962802, 0.19161561837930075]
     [0.10619279249226454, 0.5085120743962802, 0.19161561837930075]
     [0.10619279249226454, 0.5085120743962802, 0.19161561837930075]
     [0.10619279249226454, 0.5085120743962802, 0.19161561837930075]
     [0.10619279249226454, 0.5085120743962802, 0.19161561837930075]
     [0.10619279249226454, 0.5085120743962802, 0.19161561837930075]
     [0.10619279249226454, 0.5085120743962802, 0.19161561837930075]
     [0.10619279249226454, 0.5085120743962802, 0.19161561837930075]
     [0.10619279249226454, 0.5085120743962802, 0.19161561837930075]

Gen: 90
     [0.10619279249226454, 0.5085120743962802, 0.19161561837930075]
     [0.10619279249226454, 0.5085120743962802, 0.19161561837930075]
     [0.10619279249226454, 0.5085120743962802, 0.19161561837930075]
     [0.10619279249226454, 0.5085120743962802, 0.19161561837930075]
     [0.10619279249226454, 0.5085120743962802, 0.19161561837930075]
     [0.10619279249226454, 0.5085120743962802, 0.19161561837930075]
     [0.10619279249226454, 0.5085120743962802, 0.19161561837930075]
     [0.10619279249226454, 0.5085120743962802, 0.19161561837930075]
     [0.10619279249226454, 0.5085120743962802, 0.19161561837930075]
     [0.10619279249226454, 0.5085120743962802, 0.19161561837930075]

Gen: 91
     [0.10619279249226454, 0.5085120743962802, 0.19161561837930075]
     [0.10619279249226454, 0.5085120743962802, 0.19161561837930075]
     [0.10619279249226454, 0.5085120743962802, 0.19161561837930075]
     [0.10619279249226454, 0.5085120743962802, 0.19161561837930075]
     [0.10619279249226454, 0.5085120743962802, 0.19161561837930075]
     [0.10619279249226454, 0.5085120743962802, 0.19161561837930075]
     [0.10619279249226454, 0.5085120743962802, 0.19161561837930075]
     [0.10619279249226454, 0.5085120743962802, 0.19161561837930075]
     [0.10619279249226454, 0.5085120743962802, 0.19161561837930075]
     [0.10619279249226454, 0.5085120743962802, 0.19161561837930075]

Gen: 92
     [0.10619279249226454, 0.5085120743962802, 0.19161561837930075]
     [0.10619279249226454, 0.5085120743962802, 0.19161561837930075]
     [0.10619279249226454, 0.5085120743962802, 0.19161561837930075]
     [0.10619279249226454, 0.5085120743962802, 0.19161561837930075]
     [0.10619279249226454, 0.5085120743962802, 0.19161561837930075]
     [0.10619279249226454, 0.5085120743962802, 0.19161561837930075]
     [0.10619279249226454, 0.5085120743962802, 0.19161561837930075]
     [0.10619279249226454, 0.5085120743962802, 0.19161561837930075]
     [0.10619279249226454, 0.5085120743962802, 0.19161561837930075]
     [0.10619279249226454, 0.5085120743962802, 0.19161561837930075]

Gen: 93
     [0.10619279249226454, 0.5085120743962802, 0.19161561837930075]
     [0.10619279249226454, 0.5085120743962802, 0.19161561837930075]
     [0.10619279249226454, 0.5085120743962802, 0.19161561837930075]
     [0.10619279249226454, 0.5085120743962802, 0.19161561837930075]
     [0.10619279249226454, 0.5085120743962802, 0.19161561837930075]
     [0.10619279249226454, 0.5085120743962802, 0.19161561837930075]
     [0.10619279249226454, 0.5085120743962802, 0.19161561837930075]
     [0.10619279249226454, 0.5085120743962802, 0.19161561837930075]
     [0.10619279249226454, 0.5085120743962802, 0.19161561837930075]
     [0.10619279249226454, 0.5085120743962802, 0.19161561837930075]

Gen: 94
     [0.10619279249226454, 0.5085120743962802, 0.19161561837930075]
     [0.10619279249226454, 0.5085120743962802, 0.19161561837930075]
     [0.10619279249226454, 0.5085120743962802, 0.19161561837930075]
     [0.10619279249226454, 0.5085120743962802, 0.19161561837930075]
     [0.10619279249226454, 0.5085120743962802, 0.19161561837930075]
     [0.10619279249226454, 0.5085120743962802, 0.19161561837930075]
     [0.10619279249226454, 0.5085120743962802, 0.19161561837930075]
     [0.10619279249226454, 0.5085120743962802, 0.19161561837930075]
     [0.10619279249226454, 0.5085120743962802, 0.19161561837930075]
     [0.10619279249226454, 0.5085120743962802, 0.19161561837930075]

Gen: 95
     [0.10619279249226454, 0.5085120743962802, 0.19161561837930075]
     [0.10619279249226454, 0.5085120743962802, 0.19161561837930075]
     [0.10619279249226454, 0.5085120743962802, 0.19161561837930075]
     [0.10619279249226454, 0.5085120743962802, 0.19161561837930075]
     [0.10619279249226454, 0.5085120743962802, 0.19161561837930075]
     [0.10619279249226454, 0.5085120743962802, 0.19161561837930075]
     [0.10619279249226454, 0.5085120743962802, 0.19161561837930075]
     [0.10619279249226454, 0.5085120743962802, 0.19161561837930075]
     [0.10619279249226454, 0.5085120743962802, 0.19161561837930075]
     [0.10619279249226454, 0.5085120743962802, 0.19161561837930075]

Gen: 96
     [0.10619279249226454, 0.5085120743962802, 0.19161561837930075]
     [0.10619279249226454, 0.5085120743962802, 0.19161561837930075]
     [0.10619279249226454, 0.5085120743962802, 0.19161561837930075]
     [0.10619279249226454, 0.5085120743962802, 0.19161561837930075]
     [0.10619279249226454, 0.5085120743962802, 0.19161561837930075]
     [0.10619279249226454, 0.5085120743962802, 0.19161561837930075]
     [0.10619279249226454, 0.5085120743962802, 0.19161561837930075]
     [0.10619279249226454, 0.5085120743962802, 0.19161561837930075]
     [0.10619279249226454, 0.5085120743962802, 0.19161561837930075]
     [0.10619279249226454, 0.5085120743962802, 0.19161561837930075]

Gen: 97
     [0.10619279249226454, 0.5085120743962802, 0.19161561837930075]
     [0.10619279249226454, 0.5085120743962802, 0.19161561837930075]
     [0.10619279249226454, 0.5085120743962802, 0.19161561837930075]
     [0.10619279249226454, 0.5085120743962802, 0.19161561837930075]
     [0.10619279249226454, 0.5085120743962802, 0.19161561837930075]
     [0.10619279249226454, 0.5085120743962802, 0.19161561837930075]
     [0.10619279249226454, 0.5085120743962802, 0.19161561837930075]
     [0.10619279249226454, 0.5085120743962802, 0.19161561837930075]
     [0.10619279249226454, 0.5085120743962802, 0.19161561837930075]
     [0.10619279249226454, 0.5085120743962802, 0.19161561837930075]

Gen: 98
     [0.10619279249226454, 0.5085120743962802, 0.19161561837930075]
     [0.10619279249226454, 0.5085120743962802, 0.19161561837930075]
     [0.10619279249226454, 0.5085120743962802, 0.19161561837930075]
     [0.10619279249226454, 0.5085120743962802, 0.19161561837930075]
     [0.10619279249226454, 0.5085120743962802, 0.19161561837930075]
     [0.10619279249226454, 0.5085120743962802, 0.19161561837930075]
     [0.10619279249226454, 0.5085120743962802, 0.19161561837930075]
     [0.10619279249226454, 0.5085120743962802, 0.19161561837930075]
     [0.10619279249226454, 0.5085120743962802, 0.19161561837930075]
     [0.10619279249226454, 0.5085120743962802, 0.19161561837930075]

Gen: 99
     [0.10619279249226454, 0.5085120743962802, 0.19161561837930075]
     [0.10619279249226454, 0.5085120743962802, 0.19161561837930075]
     [0.10619279249226454, 0.5085120743962802, 0.19161561837930075]
     [0.10619279249226454, 0.5085120743962802, 0.19161561837930075]
     [0.10619279249226454, 0.5085120743962802, 0.19161561837930075]
     [0.10619279249226454, 0.5085120743962802, 0.19161561837930075]
     [0.10619279249226454, 0.5085120743962802, 0.19161561837930075]
     [0.10619279249226454, 0.5085120743962802, 0.19161561837930075]
     [0.10619279249226454, 0.5085120743962802, 0.19161561837930075]
     [0.10619279249226454, 0.5085120743962802, 0.19161561837930075]

