Gen: 2
     [0.26552246340232205, 0.5171831399618152, 0.22716723201305822]
     [0.21685106875977525, 0.8579086503157586, 0.223979188451631]
     [0.266101736993239, 1.0, 0.22002601443546124]
     [0.2269449110815038, 0.7584814216478191, 0.20309112703715984]
     [0.253792173186253, 1.0, 0.19908694432400725]
     [0.25480797080461104, 0.7557154746169286, 0.1990359356270244]
     [0.21040458122657046, 0.6278944534194938, 0.19492973551990614]
     [0.2341341101116343, 0.7271013854212561, 0.18921676145782856]
     [0.23280798735528505, 0.7271013854212561, 0.1839628656685965]
     [0.24153433023559884, 0.5171831399618152, 0.18329975260781964]

Gen: 3
     [0.2457444079410134, 0.8579086503157586, 0.2188273100563646]
     [0.2269449110815038, 0.7584814216478191, 0.20309112703715984]
     [0.253792173186253, 1.0, 0.19908694432400725]
     [0.253792173186253, 1.0, 0.19908694432400725]
     [0.253792173186253, 1.0, 0.19908694432400725]
     [0.25480797080461104, 0.7557154746169286, 0.1990359356270244]
     [0.21040458122657046, 0.6278944534194938, 0.19492973551990614]
     [0.2341341101116343, 0.7271013854212561, 0.18921676145782856]
     [0.23280798735528505, 0.7271013854212561, 0.1839628656685965]
     [0.24153433023559884, 0.5171831399618152, 0.18329975260781964]

Gen: 4
     [0.2269449110815038, 0.7584814216478191, 0.20309112703715984]
     [0.253792173186253, 1.0, 0.19908694432400725]
     [0.253792173186253, 1.0, 0.19908694432400725]
     [0.253792173186253, 1.0, 0.19908694432400725]
     [0.253792173186253, 1.0, 0.19908694432400725]
     [0.25480797080461104, 0.7557154746169286, 0.1990359356270244]
     [0.21040458122657046, 0.6278944534194938, 0.19492973551990614]
     [0.2341341101116343, 0.7271013854212561, 0.18921676145782856]
     [0.23280798735528505, 0.7271013854212561, 0.1839628656685965]
     [0.24153433023559884, 0.5171831399618152, 0.18329975260781964]

Gen: 5
     [0.253792173186253, 1.0, 0.19908694432400725]
     [0.253792173186253, 1.0, 0.19908694432400725]
     [0.253792173186253, 1.0, 0.19908694432400725]
     [0.25480797080461104, 0.7557154746169286, 0.1990359356270244]
     [0.24153226140134557, 0.6136241249326871, 0.19763319645999644]
     [0.21040458122657046, 0.6278944534194938, 0.19492973551990614]
     [0.2341341101116343, 0.7271013854212561, 0.18921676145782856]
     [0.2341341101116343, 0.7271013854212561, 0.18921676145782856]
     [0.23280798735528505, 0.7271013854212561, 0.1839628656685965]
     [0.24153433023559884, 0.5171831399618152, 0.18329975260781964]

Gen: 6
     [0.25480797080461104, 0.7557154746169286, 0.1990359356270244]
     [0.25480797080461104, 0.7557154746169286, 0.1990359356270244]
     [0.24153226140134557, 0.6136241249326871, 0.19763319645999644]
     [0.24153226140134557, 0.6136241249326871, 0.19763319645999644]
     [0.21040458122657046, 0.6278944534194938, 0.19492973551990614]
     [0.2341341101116343, 0.7271013854212561, 0.18921676145782856]
     [0.2341341101116343, 0.7271013854212561, 0.18921676145782856]
     [0.2341341101116343, 0.7271013854212561, 0.18921676145782856]
     [0.23280798735528505, 0.7271013854212561, 0.1839628656685965]
     [0.24153433023559884, 0.5171831399618152, 0.18329975260781964]

Gen: 7
     [0.2341341101116343, 0.7271013854212561, 0.18921676145782856]
     [0.2341341101116343, 0.7271013854212561, 0.18921676145782856]
     [0.2341341101116343, 0.7271013854212561, 0.18921676145782856]
     [0.2341341101116343, 0.7271013854212561, 0.18921676145782856]
     [0.2341341101116343, 0.7271013854212561, 0.18921676145782856]
     [0.23645947981231535, 0.5141968962647476, 0.18531459613864165]
     [0.23280798735528505, 0.7271013854212561, 0.1839628656685965]
     [0.24153433023559884, 0.5171831399618152, 0.18329975260781964]
     [0.24153433023559884, 0.5171831399618152, 0.18329975260781964]
     [0.26730786736289835, 0.8579086503157586, 0.17013950878624806]

Gen: 8
     [0.2341341101116343, 0.7271013854212561, 0.18921676145782856]
     [0.2341341101116343, 0.7271013854212561, 0.18921676145782856]
     [0.2341341101116343, 0.7271013854212561, 0.18921676145782856]
     [0.2529274004683841, 0.8579086503157586, 0.18605422224489276]
     [0.23645947981231535, 0.5141968962647476, 0.18531459613864165]
     [0.23280798735528505, 0.7271013854212561, 0.1839628656685965]
     [0.23280798735528505, 0.7271013854212561, 0.1839628656685965]
     [0.24153433023559884, 0.5171831399618152, 0.18329975260781964]
     [0.24153433023559884, 0.5171831399618152, 0.18329975260781964]
     [0.26730786736289835, 0.8579086503157586, 0.17013950878624806]

Gen: 9
     [0.2529274004683841, 0.8579086503157586, 0.18605422224489276]
     [0.2529274004683841, 0.8579086503157586, 0.18605422224489276]
     [0.23645947981231535, 0.5141968962647476, 0.18531459613864165]
     [0.23280798735528505, 0.7271013854212561, 0.1839628656685965]
     [0.23280798735528505, 0.7271013854212561, 0.1839628656685965]
     [0.23280798735528505, 0.7271013854212561, 0.1839628656685965]
     [0.23280798735528505, 0.7271013854212561, 0.1839628656685965]
     [0.24153433023559884, 0.5171831399618152, 0.18329975260781964]
     [0.24153433023559884, 0.5171831399618152, 0.18329975260781964]
     [0.26730786736289835, 0.8579086503157586, 0.17013950878624806]

Gen: 10
     [0.23645947981231535, 0.5141968962647476, 0.18531459613864165]
     [0.23280798735528505, 0.7271013854212561, 0.1839628656685965]
     [0.23280798735528505, 0.7271013854212561, 0.1839628656685965]
     [0.23280798735528505, 0.7271013854212561, 0.1839628656685965]
     [0.23280798735528505, 0.7271013854212561, 0.1839628656685965]
     [0.23280798735528505, 0.7271013854212561, 0.1839628656685965]
     [0.24153433023559884, 0.5171831399618152, 0.18329975260781964]
     [0.24153433023559884, 0.5171831399618152, 0.18329975260781964]
     [0.26730786736289835, 0.8579086503157586, 0.17013950878624806]
     [0.26730786736289835, 0.8579086503157586, 0.17013950878624806]

Gen: 11
     [0.23280798735528505, 0.7271013854212561, 0.1839628656685965]
     [0.23280798735528505, 0.7271013854212561, 0.1839628656685965]
     [0.24153433023559884, 0.5171831399618152, 0.18329975260781964]
     [0.24153433023559884, 0.5171831399618152, 0.18329975260781964]
     [0.24153433023559884, 0.5171831399618152, 0.18329975260781964]
     [0.26730786736289835, 0.8579086503157586, 0.17013950878624806]
     [0.26730786736289835, 0.8579086503157586, 0.17013950878624806]
     [0.26730786736289835, 0.8579086503157586, 0.17013950878624806]
     [0.26730786736289835, 0.8579086503157586, 0.17013950878624806]
     [0.26730786736289835, 0.8579086503157586, 0.17013950878624806]

Gen: 12
     [0.26730786736289835, 0.8579086503157586, 0.17013950878624806]
     [0.26730786736289835, 0.8579086503157586, 0.17013950878624806]
     [0.26730786736289835, 0.8579086503157586, 0.17013950878624806]
     [0.26730786736289835, 0.8579086503157586, 0.17013950878624806]
     [0.26730786736289835, 0.8579086503157586, 0.17013950878624806]
     [0.26730786736289835, 0.8579086503157586, 0.17013950878624806]
     [0.26730786736289835, 0.8579086503157586, 0.17013950878624806]
     [0.26730786736289835, 0.8579086503157586, 0.17013950878624806]
     [0.26730786736289835, 0.8579086503157586, 0.17013950878624806]
     [0.26730786736289835, 0.8579086503157586, 0.17013950878624806]

