Gen: 2
     [0.20468839218477172, 0.6249082097224262, 0.2249738580427963]
     [0.19613169371322647, 0.6249082097224262, 0.24973858042796296]
     [0.26149030544268914, 0.6163900719635776, 0.23662934530337423]
     [0.21987570443806323, 0.6136241249326871, 0.19181820500395316]
     [0.26523489544111684, 0.5171831399618152, 0.2177816317682165]
     [0.24202257511937172, 0.5171831399618152, 0.22471881455788212]
     [0.2037325907597587, 0.5144171929309248, 0.2416281976076921]
     [0.24220256369940665, 0.5141968962647476, 0.21908235354127878]
     [0.23759320098311004, 0.5141968962647476, 0.2409140758499324]
     [0.22303067667430757, 0.5141968962647476, 0.26078196332474685]

Gen: 3
     [0.19613169371322647, 0.6249082097224262, 0.24973858042796296]
     [0.26149030544268914, 0.6163900719635776, 0.23662934530337423]
     [0.21987570443806323, 0.6136241249326871, 0.19181820500395316]
     [0.21987570443806323, 0.6136241249326871, 0.19181820500395316]
     [0.26523489544111684, 0.5171831399618152, 0.2177816317682165]
     [0.24202257511937172, 0.5171831399618152, 0.22471881455788212]
     [0.2037325907597587, 0.5144171929309248, 0.2416281976076921]
     [0.24220256369940665, 0.5141968962647476, 0.21908235354127878]
     [0.23759320098311004, 0.5141968962647476, 0.2409140758499324]
     [0.22303067667430757, 0.5141968962647476, 0.26078196332474685]

Gen: 4
     [0.23190597562085716, 0.6136241249326871, 0.1866918309571782]
     [0.26523489544111684, 0.5171831399618152, 0.2177816317682165]
     [0.24202257511937172, 0.5171831399618152, 0.22471881455788212]
     [0.24202257511937172, 0.5171831399618152, 0.22471881455788212]
     [0.21494981008101555, 0.5144171929309248, 0.22334157973934557]
     [0.2037325907597587, 0.5144171929309248, 0.2416281976076921]
     [0.24220256369940665, 0.5141968962647476, 0.21908235354127878]
     [0.23759320098311004, 0.5141968962647476, 0.2409140758499324]
     [0.24220256369940665, 0.5141968962647476, 0.21908235354127878]
     [0.22303067667430757, 0.5141968962647476, 0.26078196332474685]

Gen: 5
     [0.24202257511937172, 0.5171831399618152, 0.22471881455788212]
     [0.21494981008101555, 0.5144171929309248, 0.22334157973934557]
     [0.2037325907597587, 0.5144171929309248, 0.2416281976076921]
     [0.21494981008101555, 0.5144171929309248, 0.22334157973934557]
     [0.24220256369940665, 0.5141968962647476, 0.21908235354127878]
     [0.22303067667430757, 0.5141968962647476, 0.26078196332474685]
     [0.23759320098311004, 0.5141968962647476, 0.2409140758499324]
     [0.24220256369940665, 0.5141968962647476, 0.21908235354127878]
     [0.22303067667430757, 0.5141968962647476, 0.26078196332474685]
     [0.24220256369940665, 0.5141968962647476, 0.21908235354127878]

Gen: 6
     [0.21494981008101555, 0.5144171929309248, 0.22334157973934557]
     [0.24220256369940665, 0.5141968962647476, 0.21908235354127878]
     [0.24220256369940665, 0.5141968962647476, 0.21908235354127878]
     [0.22997368442829835, 0.5141968962647476, 0.21102297941799078]
     [0.22303067667430757, 0.5141968962647476, 0.26078196332474685]
     [0.22303067667430757, 0.5141968962647476, 0.26078196332474685]
     [0.23759320098311004, 0.5141968962647476, 0.2409140758499324]
     [0.24220256369940665, 0.5141968962647476, 0.21908235354127878]
     [0.22303067667430757, 0.5141968962647476, 0.26078196332474685]
     [0.24220256369940665, 0.5141968962647476, 0.21908235354127878]

Gen: 7
     [0.22303067667430757, 0.5141968962647476, 0.26078196332474685]
     [0.23759320098311004, 0.5141968962647476, 0.2409140758499324]
     [0.24220256369940665, 0.5141968962647476, 0.21908235354127878]
     [0.24220256369940665, 0.5141968962647476, 0.21908235354127878]
     [0.24220256369940665, 0.5141968962647476, 0.21908235354127878]
     [0.24220256369940665, 0.5141968962647476, 0.21908235354127878]
     [0.24220256369940665, 0.5141968962647476, 0.21908235354127878]
     [0.22303067667430757, 0.5141968962647476, 0.26078196332474685]
     [0.24220256369940665, 0.5141968962647476, 0.21908235354127878]
     [0.22303067667430757, 0.5141968962647476, 0.26078196332474685]

Gen: 8
     [0.24220256369940665, 0.5141968962647476, 0.21908235354127878]
     [0.24220256369940665, 0.5141968962647476, 0.21908235354127878]
     [0.22303067667430757, 0.5141968962647476, 0.26078196332474685]
     [0.24220256369940665, 0.5141968962647476, 0.21908235354127878]
     [0.24220256369940665, 0.5141968962647476, 0.21908235354127878]
     [0.24220256369940665, 0.5141968962647476, 0.21908235354127878]
     [0.24220256369940665, 0.5141968962647476, 0.21908235354127878]
     [0.22303067667430757, 0.5141968962647476, 0.26078196332474685]
     [0.24220256369940665, 0.5141968962647476, 0.21908235354127878]
     [0.22303067667430757, 0.5141968962647476, 0.26078196332474685]

Gen: 9
     [0.24220256369940665, 0.5141968962647476, 0.21908235354127878]
     [0.22303067667430757, 0.5141968962647476, 0.26078196332474685]
     [0.24220256369940665, 0.5141968962647476, 0.21908235354127878]
     [0.24220256369940665, 0.5141968962647476, 0.21908235354127878]
     [0.24220256369940665, 0.5141968962647476, 0.21908235354127878]
     [0.24220256369940665, 0.5141968962647476, 0.21908235354127878]
     [0.22303067667430757, 0.5141968962647476, 0.26078196332474685]
     [0.24220256369940665, 0.5141968962647476, 0.21908235354127878]
     [0.24220256369940665, 0.5141968962647476, 0.21908235354127878]
     [0.22303067667430757, 0.5141968962647476, 0.26078196332474685]

Gen: 10
     [0.24220256369940665, 0.5141968962647476, 0.21908235354127878]
     [0.24220256369940665, 0.5141968962647476, 0.21908235354127878]
     [0.24220256369940665, 0.5141968962647476, 0.21908235354127878]
     [0.22303067667430757, 0.5141968962647476, 0.26078196332474685]
     [0.22303067667430757, 0.5141968962647476, 0.26078196332474685]
     [0.24220256369940665, 0.5141968962647476, 0.21908235354127878]
     [0.24220256369940665, 0.5141968962647476, 0.21908235354127878]
     [0.24220256369940665, 0.5141968962647476, 0.21908235354127878]
     [0.24220256369940665, 0.5141968962647476, 0.21908235354127878]
     [0.22303067667430757, 0.5141968962647476, 0.26078196332474685]

Gen: 11
     [0.24220256369940665, 0.5141968962647476, 0.21908235354127878]
     [0.24220256369940665, 0.5141968962647476, 0.21908235354127878]
     [0.24220256369940665, 0.5141968962647476, 0.21908235354127878]
     [0.22303067667430757, 0.5141968962647476, 0.26078196332474685]
     [0.22303067667430757, 0.5141968962647476, 0.26078196332474685]
     [0.24220256369940665, 0.5141968962647476, 0.21908235354127878]
     [0.24220256369940665, 0.5141968962647476, 0.21908235354127878]
     [0.24220256369940665, 0.5141968962647476, 0.21908235354127878]
     [0.24220256369940665, 0.5141968962647476, 0.21908235354127878]
     [0.22303067667430757, 0.5141968962647476, 0.26078196332474685]

Gen: 12
     [0.24220256369940665, 0.5141968962647476, 0.21908235354127878]
     [0.24220256369940665, 0.5141968962647476, 0.21908235354127878]
     [0.24220256369940665, 0.5141968962647476, 0.21908235354127878]
     [0.22303067667430757, 0.5141968962647476, 0.26078196332474685]
     [0.22303067667430757, 0.5141968962647476, 0.26078196332474685]
     [0.24220256369940665, 0.5141968962647476, 0.21908235354127878]
     [0.24220256369940665, 0.5141968962647476, 0.21908235354127878]
     [0.24220256369940665, 0.5141968962647476, 0.21908235354127878]
     [0.24220256369940665, 0.5141968962647476, 0.21908235354127878]
     [0.22303067667430757, 0.5141968962647476, 0.26078196332474685]

Gen: 13
     [0.24220256369940665, 0.5141968962647476, 0.21908235354127878]
     [0.22303067667430757, 0.5141968962647476, 0.26078196332474685]
     [0.24220256369940665, 0.5141968962647476, 0.21908235354127878]
     [0.24220256369940665, 0.5141968962647476, 0.21908235354127878]
     [0.24220256369940665, 0.5141968962647476, 0.21908235354127878]
     [0.22303067667430757, 0.5141968962647476, 0.26078196332474685]
     [0.24220256369940665, 0.5141968962647476, 0.21908235354127878]
     [0.24220256369940665, 0.5141968962647476, 0.21908235354127878]
     [0.22303067667430757, 0.5141968962647476, 0.26078196332474685]
     [0.24220256369940665, 0.5141968962647476, 0.21908235354127878]

Gen: 14
     [0.24220256369940665, 0.5141968962647476, 0.21908235354127878]
     [0.22303067667430757, 0.5141968962647476, 0.26078196332474685]
     [0.24220256369940665, 0.5141968962647476, 0.21908235354127878]
     [0.24220256369940665, 0.5141968962647476, 0.21908235354127878]
     [0.24220256369940665, 0.5141968962647476, 0.21908235354127878]
     [0.22303067667430757, 0.5141968962647476, 0.26078196332474685]
     [0.24220256369940665, 0.5141968962647476, 0.21908235354127878]
     [0.24220256369940665, 0.5141968962647476, 0.21908235354127878]
     [0.22303067667430757, 0.5141968962647476, 0.26078196332474685]
     [0.24220256369940665, 0.5141968962647476, 0.21908235354127878]

Gen: 15
     [0.24220256369940665, 0.5141968962647476, 0.21908235354127878]
     [0.22303067667430757, 0.5141968962647476, 0.26078196332474685]
     [0.24220256369940665, 0.5141968962647476, 0.21908235354127878]
     [0.24220256369940665, 0.5141968962647476, 0.21908235354127878]
     [0.24220256369940665, 0.5141968962647476, 0.21908235354127878]
     [0.22303067667430757, 0.5141968962647476, 0.26078196332474685]
     [0.24220256369940665, 0.5141968962647476, 0.21908235354127878]
     [0.24220256369940665, 0.5141968962647476, 0.21908235354127878]
     [0.22303067667430757, 0.5141968962647476, 0.26078196332474685]
     [0.24220256369940665, 0.5141968962647476, 0.21908235354127878]

Gen: 16
     [0.22303067667430757, 0.5141968962647476, 0.26078196332474685]
     [0.24220256369940665, 0.5141968962647476, 0.21908235354127878]
     [0.24220256369940665, 0.5141968962647476, 0.21908235354127878]
     [0.24220256369940665, 0.5141968962647476, 0.21908235354127878]
     [0.22303067667430757, 0.5141968962647476, 0.26078196332474685]
     [0.22997368442829835, 0.5141968962647476, 0.21102297941799078]
     [0.24220256369940665, 0.5141968962647476, 0.21908235354127878]
     [0.24220256369940665, 0.5141968962647476, 0.21908235354127878]
     [0.22303067667430757, 0.5141968962647476, 0.26078196332474685]
     [0.24220256369940665, 0.5141968962647476, 0.21908235354127878]

Gen: 17
     [0.24220256369940665, 0.5141968962647476, 0.21908235354127878]
     [0.24220256369940665, 0.5141968962647476, 0.21908235354127878]
     [0.24220256369940665, 0.5141968962647476, 0.21908235354127878]
     [0.22303067667430757, 0.5141968962647476, 0.26078196332474685]
     [0.22997368442829835, 0.5141968962647476, 0.21102297941799078]
     [0.24220256369940665, 0.5141968962647476, 0.21908235354127878]
     [0.24220256369940665, 0.5141968962647476, 0.21908235354127878]
     [0.24220256369940665, 0.5141968962647476, 0.21908235354127878]
     [0.22303067667430757, 0.5141968962647476, 0.26078196332474685]
     [0.24220256369940665, 0.5141968962647476, 0.21908235354127878]

Gen: 18
     [0.24220256369940665, 0.5141968962647476, 0.21908235354127878]
     [0.24220256369940665, 0.5141968962647476, 0.21908235354127878]
     [0.22303067667430757, 0.5141968962647476, 0.26078196332474685]
     [0.22997368442829835, 0.5141968962647476, 0.21102297941799078]
     [0.24220256369940665, 0.5141968962647476, 0.21908235354127878]
     [0.24220256369940665, 0.5141968962647476, 0.21908235354127878]
     [0.24220256369940665, 0.5141968962647476, 0.21908235354127878]
     [0.22303067667430757, 0.5141968962647476, 0.26078196332474685]
     [0.24220256369940665, 0.5141968962647476, 0.21908235354127878]
     [0.24220256369940665, 0.5141968962647476, 0.21908235354127878]

Gen: 19
     [0.24220256369940665, 0.5141968962647476, 0.21908235354127878]
     [0.24220256369940665, 0.5141968962647476, 0.21908235354127878]
     [0.22303067667430757, 0.5141968962647476, 0.26078196332474685]
     [0.22997368442829835, 0.5141968962647476, 0.21102297941799078]
     [0.24220256369940665, 0.5141968962647476, 0.21908235354127878]
     [0.24220256369940665, 0.5141968962647476, 0.21908235354127878]
     [0.24220256369940665, 0.5141968962647476, 0.21908235354127878]
     [0.22303067667430757, 0.5141968962647476, 0.26078196332474685]
     [0.24220256369940665, 0.5141968962647476, 0.21908235354127878]
     [0.24220256369940665, 0.5141968962647476, 0.21908235354127878]

Gen: 20
     [0.24220256369940665, 0.5141968962647476, 0.21908235354127878]
     [0.24220256369940665, 0.5141968962647476, 0.21908235354127878]
     [0.22303067667430757, 0.5141968962647476, 0.26078196332474685]
     [0.22997368442829835, 0.5141968962647476, 0.21102297941799078]
     [0.24220256369940665, 0.5141968962647476, 0.21908235354127878]
     [0.24220256369940665, 0.5141968962647476, 0.21908235354127878]
     [0.24220256369940665, 0.5141968962647476, 0.21908235354127878]
     [0.22303067667430757, 0.5141968962647476, 0.26078196332474685]
     [0.24220256369940665, 0.5141968962647476, 0.21908235354127878]
     [0.24220256369940665, 0.5141968962647476, 0.21908235354127878]

Gen: 21
     [0.24220256369940665, 0.5141968962647476, 0.21908235354127878]
     [0.24220256369940665, 0.5141968962647476, 0.21908235354127878]
     [0.22303067667430757, 0.5141968962647476, 0.26078196332474685]
     [0.22997368442829835, 0.5141968962647476, 0.21102297941799078]
     [0.24220256369940665, 0.5141968962647476, 0.21908235354127878]
     [0.24220256369940665, 0.5141968962647476, 0.21908235354127878]
     [0.24220256369940665, 0.5141968962647476, 0.21908235354127878]
     [0.22303067667430757, 0.5141968962647476, 0.26078196332474685]
     [0.24220256369940665, 0.5141968962647476, 0.21908235354127878]
     [0.24220256369940665, 0.5141968962647476, 0.21908235354127878]

Gen: 22
     [0.24220256369940665, 0.5141968962647476, 0.21908235354127878]
     [0.24220256369940665, 0.5141968962647476, 0.21908235354127878]
     [0.22303067667430757, 0.5141968962647476, 0.26078196332474685]
     [0.22997368442829835, 0.5141968962647476, 0.21102297941799078]
     [0.24220256369940665, 0.5141968962647476, 0.21908235354127878]
     [0.24220256369940665, 0.5141968962647476, 0.21908235354127878]
     [0.24220256369940665, 0.5141968962647476, 0.21908235354127878]
     [0.22303067667430757, 0.5141968962647476, 0.26078196332474685]
     [0.24220256369940665, 0.5141968962647476, 0.21908235354127878]
     [0.24220256369940665, 0.5141968962647476, 0.21908235354127878]

Gen: 23
     [0.24220256369940665, 0.5141968962647476, 0.21908235354127878]
     [0.24220256369940665, 0.5141968962647476, 0.21908235354127878]
     [0.22303067667430757, 0.5141968962647476, 0.26078196332474685]
     [0.22997368442829835, 0.5141968962647476, 0.21102297941799078]
     [0.24220256369940665, 0.5141968962647476, 0.21908235354127878]
     [0.24220256369940665, 0.5141968962647476, 0.21908235354127878]
     [0.24220256369940665, 0.5141968962647476, 0.21908235354127878]
     [0.22303067667430757, 0.5141968962647476, 0.26078196332474685]
     [0.24220256369940665, 0.5141968962647476, 0.21908235354127878]
     [0.24220256369940665, 0.5141968962647476, 0.21908235354127878]

Gen: 24
     [0.24220256369940665, 0.5141968962647476, 0.21908235354127878]
     [0.24220256369940665, 0.5141968962647476, 0.21908235354127878]
     [0.22303067667430757, 0.5141968962647476, 0.26078196332474685]
     [0.22997368442829835, 0.5141968962647476, 0.21102297941799078]
     [0.24220256369940665, 0.5141968962647476, 0.21908235354127878]
     [0.24220256369940665, 0.5141968962647476, 0.21908235354127878]
     [0.24220256369940665, 0.5141968962647476, 0.21908235354127878]
     [0.22303067667430757, 0.5141968962647476, 0.26078196332474685]
     [0.24220256369940665, 0.5141968962647476, 0.21908235354127878]
     [0.24220256369940665, 0.5141968962647476, 0.21908235354127878]

Gen: 25
     [0.24220256369940665, 0.5141968962647476, 0.21908235354127878]
     [0.24220256369940665, 0.5141968962647476, 0.21908235354127878]
     [0.22303067667430757, 0.5141968962647476, 0.26078196332474685]
     [0.22997368442829835, 0.5141968962647476, 0.21102297941799078]
     [0.24220256369940665, 0.5141968962647476, 0.21908235354127878]
     [0.24220256369940665, 0.5141968962647476, 0.21908235354127878]
     [0.24220256369940665, 0.5141968962647476, 0.21908235354127878]
     [0.22303067667430757, 0.5141968962647476, 0.26078196332474685]
     [0.24220256369940665, 0.5141968962647476, 0.21908235354127878]
     [0.24220256369940665, 0.5141968962647476, 0.21908235354127878]

Gen: 26
     [0.24220256369940665, 0.5141968962647476, 0.21908235354127878]
     [0.24220256369940665, 0.5141968962647476, 0.21908235354127878]
     [0.22303067667430757, 0.5141968962647476, 0.26078196332474685]
     [0.22997368442829835, 0.5141968962647476, 0.21102297941799078]
     [0.24220256369940665, 0.5141968962647476, 0.21908235354127878]
     [0.24220256369940665, 0.5141968962647476, 0.21908235354127878]
     [0.24220256369940665, 0.5141968962647476, 0.21908235354127878]
     [0.22303067667430757, 0.5141968962647476, 0.26078196332474685]
     [0.24220256369940665, 0.5141968962647476, 0.21908235354127878]
     [0.24220256369940665, 0.5141968962647476, 0.21908235354127878]

Gen: 27
     [0.24220256369940665, 0.5141968962647476, 0.21908235354127878]
     [0.24220256369940665, 0.5141968962647476, 0.21908235354127878]
     [0.22303067667430757, 0.5141968962647476, 0.26078196332474685]
     [0.22997368442829835, 0.5141968962647476, 0.21102297941799078]
     [0.24220256369940665, 0.5141968962647476, 0.21908235354127878]
     [0.24220256369940665, 0.5141968962647476, 0.21908235354127878]
     [0.24220256369940665, 0.5141968962647476, 0.21908235354127878]
     [0.22303067667430757, 0.5141968962647476, 0.26078196332474685]
     [0.24220256369940665, 0.5141968962647476, 0.21908235354127878]
     [0.24220256369940665, 0.5141968962647476, 0.21908235354127878]

Gen: 28
     [0.24220256369940665, 0.5141968962647476, 0.21908235354127878]
     [0.24220256369940665, 0.5141968962647476, 0.21908235354127878]
     [0.22303067667430757, 0.5141968962647476, 0.26078196332474685]
     [0.22997368442829835, 0.5141968962647476, 0.21102297941799078]
     [0.24220256369940665, 0.5141968962647476, 0.21908235354127878]
     [0.24220256369940665, 0.5141968962647476, 0.21908235354127878]
     [0.24220256369940665, 0.5141968962647476, 0.21908235354127878]
     [0.22303067667430757, 0.5141968962647476, 0.26078196332474685]
     [0.24220256369940665, 0.5141968962647476, 0.21908235354127878]
     [0.24220256369940665, 0.5141968962647476, 0.21908235354127878]

Gen: 29
     [0.24220256369940665, 0.5141968962647476, 0.21908235354127878]
     [0.24220256369940665, 0.5141968962647476, 0.21908235354127878]
     [0.22303067667430757, 0.5141968962647476, 0.26078196332474685]
     [0.22997368442829835, 0.5141968962647476, 0.21102297941799078]
     [0.24220256369940665, 0.5141968962647476, 0.21908235354127878]
     [0.24220256369940665, 0.5141968962647476, 0.21908235354127878]
     [0.24220256369940665, 0.5141968962647476, 0.21908235354127878]
     [0.22303067667430757, 0.5141968962647476, 0.26078196332474685]
     [0.24220256369940665, 0.5141968962647476, 0.21908235354127878]
     [0.24220256369940665, 0.5141968962647476, 0.21908235354127878]

Gen: 30
     [0.24220256369940665, 0.5141968962647476, 0.21908235354127878]
     [0.24220256369940665, 0.5141968962647476, 0.21908235354127878]
     [0.22303067667430757, 0.5141968962647476, 0.26078196332474685]
     [0.22997368442829835, 0.5141968962647476, 0.21102297941799078]
     [0.24220256369940665, 0.5141968962647476, 0.21908235354127878]
     [0.24220256369940665, 0.5141968962647476, 0.21908235354127878]
     [0.24220256369940665, 0.5141968962647476, 0.21908235354127878]
     [0.22303067667430757, 0.5141968962647476, 0.26078196332474685]
     [0.24220256369940665, 0.5141968962647476, 0.21908235354127878]
     [0.24220256369940665, 0.5141968962647476, 0.21908235354127878]

Gen: 31
     [0.24220256369940665, 0.5141968962647476, 0.21908235354127878]
     [0.24220256369940665, 0.5141968962647476, 0.21908235354127878]
     [0.22303067667430757, 0.5141968962647476, 0.26078196332474685]
     [0.22997368442829835, 0.5141968962647476, 0.21102297941799078]
     [0.24220256369940665, 0.5141968962647476, 0.21908235354127878]
     [0.24220256369940665, 0.5141968962647476, 0.21908235354127878]
     [0.24220256369940665, 0.5141968962647476, 0.21908235354127878]
     [0.22303067667430757, 0.5141968962647476, 0.26078196332474685]
     [0.24220256369940665, 0.5141968962647476, 0.21908235354127878]
     [0.24220256369940665, 0.5141968962647476, 0.21908235354127878]

Gen: 32
     [0.24220256369940665, 0.5141968962647476, 0.21908235354127878]
     [0.24220256369940665, 0.5141968962647476, 0.21908235354127878]
     [0.22303067667430757, 0.5141968962647476, 0.26078196332474685]
     [0.22997368442829835, 0.5141968962647476, 0.21102297941799078]
     [0.24220256369940665, 0.5141968962647476, 0.21908235354127878]
     [0.24220256369940665, 0.5141968962647476, 0.21908235354127878]
     [0.24220256369940665, 0.5141968962647476, 0.21908235354127878]
     [0.22303067667430757, 0.5141968962647476, 0.26078196332474685]
     [0.24220256369940665, 0.5141968962647476, 0.21908235354127878]
     [0.24220256369940665, 0.5141968962647476, 0.21908235354127878]

Gen: 33
     [0.24220256369940665, 0.5141968962647476, 0.21908235354127878]
     [0.24220256369940665, 0.5141968962647476, 0.21908235354127878]
     [0.22303067667430757, 0.5141968962647476, 0.26078196332474685]
     [0.22997368442829835, 0.5141968962647476, 0.21102297941799078]
     [0.24220256369940665, 0.5141968962647476, 0.21908235354127878]
     [0.24220256369940665, 0.5141968962647476, 0.21908235354127878]
     [0.24220256369940665, 0.5141968962647476, 0.21908235354127878]
     [0.22303067667430757, 0.5141968962647476, 0.26078196332474685]
     [0.24220256369940665, 0.5141968962647476, 0.21908235354127878]
     [0.24220256369940665, 0.5141968962647476, 0.21908235354127878]

Gen: 34
     [0.24220256369940665, 0.5141968962647476, 0.21908235354127878]
     [0.24220256369940665, 0.5141968962647476, 0.21908235354127878]
     [0.22303067667430757, 0.5141968962647476, 0.26078196332474685]
     [0.22997368442829835, 0.5141968962647476, 0.21102297941799078]
     [0.24220256369940665, 0.5141968962647476, 0.21908235354127878]
     [0.24220256369940665, 0.5141968962647476, 0.21908235354127878]
     [0.24220256369940665, 0.5141968962647476, 0.21908235354127878]
     [0.22303067667430757, 0.5141968962647476, 0.26078196332474685]
     [0.24220256369940665, 0.5141968962647476, 0.21908235354127878]
     [0.24220256369940665, 0.5141968962647476, 0.21908235354127878]

Gen: 35
     [0.24220256369940665, 0.5141968962647476, 0.21908235354127878]
     [0.24220256369940665, 0.5141968962647476, 0.21908235354127878]
     [0.22303067667430757, 0.5141968962647476, 0.26078196332474685]
     [0.22997368442829835, 0.5141968962647476, 0.21102297941799078]
     [0.24220256369940665, 0.5141968962647476, 0.21908235354127878]
     [0.24220256369940665, 0.5141968962647476, 0.21908235354127878]
     [0.24220256369940665, 0.5141968962647476, 0.21908235354127878]
     [0.22303067667430757, 0.5141968962647476, 0.26078196332474685]
     [0.24220256369940665, 0.5141968962647476, 0.21908235354127878]
     [0.24220256369940665, 0.5141968962647476, 0.21908235354127878]

Gen: 36
     [0.24220256369940665, 0.5141968962647476, 0.21908235354127878]
     [0.24220256369940665, 0.5141968962647476, 0.21908235354127878]
     [0.22303067667430757, 0.5141968962647476, 0.26078196332474685]
     [0.22997368442829835, 0.5141968962647476, 0.21102297941799078]
     [0.24220256369940665, 0.5141968962647476, 0.21908235354127878]
     [0.24220256369940665, 0.5141968962647476, 0.21908235354127878]
     [0.24220256369940665, 0.5141968962647476, 0.21908235354127878]
     [0.22303067667430757, 0.5141968962647476, 0.26078196332474685]
     [0.24220256369940665, 0.5141968962647476, 0.21908235354127878]
     [0.24220256369940665, 0.5141968962647476, 0.21908235354127878]

Gen: 37
     [0.24220256369940665, 0.5141968962647476, 0.21908235354127878]
     [0.24220256369940665, 0.5141968962647476, 0.21908235354127878]
     [0.22303067667430757, 0.5141968962647476, 0.26078196332474685]
     [0.22997368442829835, 0.5141968962647476, 0.21102297941799078]
     [0.24220256369940665, 0.5141968962647476, 0.21908235354127878]
     [0.24220256369940665, 0.5141968962647476, 0.21908235354127878]
     [0.24220256369940665, 0.5141968962647476, 0.21908235354127878]
     [0.22303067667430757, 0.5141968962647476, 0.26078196332474685]
     [0.24220256369940665, 0.5141968962647476, 0.21908235354127878]
     [0.24220256369940665, 0.5141968962647476, 0.21908235354127878]

Gen: 38
     [0.24220256369940665, 0.5141968962647476, 0.21908235354127878]
     [0.24220256369940665, 0.5141968962647476, 0.21908235354127878]
     [0.22303067667430757, 0.5141968962647476, 0.26078196332474685]
     [0.22997368442829835, 0.5141968962647476, 0.21102297941799078]
     [0.24220256369940665, 0.5141968962647476, 0.21908235354127878]
     [0.24220256369940665, 0.5141968962647476, 0.21908235354127878]
     [0.24220256369940665, 0.5141968962647476, 0.21908235354127878]
     [0.22303067667430757, 0.5141968962647476, 0.26078196332474685]
     [0.24220256369940665, 0.5141968962647476, 0.21908235354127878]
     [0.24220256369940665, 0.5141968962647476, 0.21908235354127878]

Gen: 39
     [0.24220256369940665, 0.5141968962647476, 0.21908235354127878]
     [0.24220256369940665, 0.5141968962647476, 0.21908235354127878]
     [0.22303067667430757, 0.5141968962647476, 0.26078196332474685]
     [0.22997368442829835, 0.5141968962647476, 0.21102297941799078]
     [0.24220256369940665, 0.5141968962647476, 0.21908235354127878]
     [0.24220256369940665, 0.5141968962647476, 0.21908235354127878]
     [0.24220256369940665, 0.5141968962647476, 0.21908235354127878]
     [0.22303067667430757, 0.5141968962647476, 0.26078196332474685]
     [0.24220256369940665, 0.5141968962647476, 0.21908235354127878]
     [0.24220256369940665, 0.5141968962647476, 0.21908235354127878]

Gen: 40
     [0.24220256369940665, 0.5141968962647476, 0.21908235354127878]
     [0.24220256369940665, 0.5141968962647476, 0.21908235354127878]
     [0.22303067667430757, 0.5141968962647476, 0.26078196332474685]
     [0.22997368442829835, 0.5141968962647476, 0.21102297941799078]
     [0.24220256369940665, 0.5141968962647476, 0.21908235354127878]
     [0.24220256369940665, 0.5141968962647476, 0.21908235354127878]
     [0.24220256369940665, 0.5141968962647476, 0.21908235354127878]
     [0.22303067667430757, 0.5141968962647476, 0.26078196332474685]
     [0.24220256369940665, 0.5141968962647476, 0.21908235354127878]
     [0.24220256369940665, 0.5141968962647476, 0.21908235354127878]

Gen: 41
     [0.24220256369940665, 0.5141968962647476, 0.21908235354127878]
     [0.24220256369940665, 0.5141968962647476, 0.21908235354127878]
     [0.22303067667430757, 0.5141968962647476, 0.26078196332474685]
     [0.22997368442829835, 0.5141968962647476, 0.21102297941799078]
     [0.24220256369940665, 0.5141968962647476, 0.21908235354127878]
     [0.24220256369940665, 0.5141968962647476, 0.21908235354127878]
     [0.24220256369940665, 0.5141968962647476, 0.21908235354127878]
     [0.22303067667430757, 0.5141968962647476, 0.26078196332474685]
     [0.24220256369940665, 0.5141968962647476, 0.21908235354127878]
     [0.24220256369940665, 0.5141968962647476, 0.21908235354127878]

Gen: 42
     [0.24220256369940665, 0.5141968962647476, 0.21908235354127878]
     [0.24220256369940665, 0.5141968962647476, 0.21908235354127878]
     [0.22303067667430757, 0.5141968962647476, 0.26078196332474685]
     [0.22997368442829835, 0.5141968962647476, 0.21102297941799078]
     [0.24220256369940665, 0.5141968962647476, 0.21908235354127878]
     [0.24220256369940665, 0.5141968962647476, 0.21908235354127878]
     [0.24220256369940665, 0.5141968962647476, 0.21908235354127878]
     [0.22303067667430757, 0.5141968962647476, 0.26078196332474685]
     [0.24220256369940665, 0.5141968962647476, 0.21908235354127878]
     [0.24220256369940665, 0.5141968962647476, 0.21908235354127878]

Gen: 43
     [0.24220256369940665, 0.5141968962647476, 0.21908235354127878]
     [0.24220256369940665, 0.5141968962647476, 0.21908235354127878]
     [0.22303067667430757, 0.5141968962647476, 0.26078196332474685]
     [0.22997368442829835, 0.5141968962647476, 0.21102297941799078]
     [0.24220256369940665, 0.5141968962647476, 0.21908235354127878]
     [0.24220256369940665, 0.5141968962647476, 0.21908235354127878]
     [0.24220256369940665, 0.5141968962647476, 0.21908235354127878]
     [0.22303067667430757, 0.5141968962647476, 0.26078196332474685]
     [0.24220256369940665, 0.5141968962647476, 0.21908235354127878]
     [0.24220256369940665, 0.5141968962647476, 0.21908235354127878]

Gen: 44
     [0.24220256369940665, 0.5141968962647476, 0.21908235354127878]
     [0.24220256369940665, 0.5141968962647476, 0.21908235354127878]
     [0.22303067667430757, 0.5141968962647476, 0.26078196332474685]
     [0.22997368442829835, 0.5141968962647476, 0.21102297941799078]
     [0.24220256369940665, 0.5141968962647476, 0.21908235354127878]
     [0.24220256369940665, 0.5141968962647476, 0.21908235354127878]
     [0.24220256369940665, 0.5141968962647476, 0.21908235354127878]
     [0.22303067667430757, 0.5141968962647476, 0.26078196332474685]
     [0.24220256369940665, 0.5141968962647476, 0.21908235354127878]
     [0.24220256369940665, 0.5141968962647476, 0.21908235354127878]

Gen: 45
     [0.24220256369940665, 0.5141968962647476, 0.21908235354127878]
     [0.24220256369940665, 0.5141968962647476, 0.21908235354127878]
     [0.22303067667430757, 0.5141968962647476, 0.26078196332474685]
     [0.22997368442829835, 0.5141968962647476, 0.21102297941799078]
     [0.24220256369940665, 0.5141968962647476, 0.21908235354127878]
     [0.24220256369940665, 0.5141968962647476, 0.21908235354127878]
     [0.24220256369940665, 0.5141968962647476, 0.21908235354127878]
     [0.22303067667430757, 0.5141968962647476, 0.26078196332474685]
     [0.24220256369940665, 0.5141968962647476, 0.21908235354127878]
     [0.24220256369940665, 0.5141968962647476, 0.21908235354127878]

Gen: 46
     [0.24220256369940665, 0.5141968962647476, 0.21908235354127878]
     [0.24220256369940665, 0.5141968962647476, 0.21908235354127878]
     [0.22303067667430757, 0.5141968962647476, 0.26078196332474685]
     [0.22997368442829835, 0.5141968962647476, 0.21102297941799078]
     [0.24220256369940665, 0.5141968962647476, 0.21908235354127878]
     [0.24220256369940665, 0.5141968962647476, 0.21908235354127878]
     [0.24220256369940665, 0.5141968962647476, 0.21908235354127878]
     [0.22303067667430757, 0.5141968962647476, 0.26078196332474685]
     [0.24220256369940665, 0.5141968962647476, 0.21908235354127878]
     [0.24220256369940665, 0.5141968962647476, 0.21908235354127878]

Gen: 47
     [0.24220256369940665, 0.5141968962647476, 0.21908235354127878]
     [0.24220256369940665, 0.5141968962647476, 0.21908235354127878]
     [0.22303067667430757, 0.5141968962647476, 0.26078196332474685]
     [0.22997368442829835, 0.5141968962647476, 0.21102297941799078]
     [0.24220256369940665, 0.5141968962647476, 0.21908235354127878]
     [0.24220256369940665, 0.5141968962647476, 0.21908235354127878]
     [0.24220256369940665, 0.5141968962647476, 0.21908235354127878]
     [0.22303067667430757, 0.5141968962647476, 0.26078196332474685]
     [0.24220256369940665, 0.5141968962647476, 0.21908235354127878]
     [0.24220256369940665, 0.5141968962647476, 0.21908235354127878]

Gen: 48
     [0.24220256369940665, 0.5141968962647476, 0.21908235354127878]
     [0.24220256369940665, 0.5141968962647476, 0.21908235354127878]
     [0.22303067667430757, 0.5141968962647476, 0.26078196332474685]
     [0.22997368442829835, 0.5141968962647476, 0.21102297941799078]
     [0.24220256369940665, 0.5141968962647476, 0.21908235354127878]
     [0.24220256369940665, 0.5141968962647476, 0.21908235354127878]
     [0.24220256369940665, 0.5141968962647476, 0.21908235354127878]
     [0.22303067667430757, 0.5141968962647476, 0.26078196332474685]
     [0.24220256369940665, 0.5141968962647476, 0.21908235354127878]
     [0.24220256369940665, 0.5141968962647476, 0.21908235354127878]

Gen: 49
     [0.24220256369940665, 0.5141968962647476, 0.21908235354127878]
     [0.24220256369940665, 0.5141968962647476, 0.21908235354127878]
     [0.22303067667430757, 0.5141968962647476, 0.26078196332474685]
     [0.22997368442829835, 0.5141968962647476, 0.21102297941799078]
     [0.24220256369940665, 0.5141968962647476, 0.21908235354127878]
     [0.24220256369940665, 0.5141968962647476, 0.21908235354127878]
     [0.24220256369940665, 0.5141968962647476, 0.21908235354127878]
     [0.22303067667430757, 0.5141968962647476, 0.26078196332474685]
     [0.24220256369940665, 0.5141968962647476, 0.21908235354127878]
     [0.24220256369940665, 0.5141968962647476, 0.21908235354127878]

Gen: 50
     [0.24220256369940665, 0.5141968962647476, 0.21908235354127878]
     [0.24220256369940665, 0.5141968962647476, 0.21908235354127878]
     [0.22303067667430757, 0.5141968962647476, 0.26078196332474685]
     [0.22997368442829835, 0.5141968962647476, 0.21102297941799078]
     [0.24220256369940665, 0.5141968962647476, 0.21908235354127878]
     [0.24220256369940665, 0.5141968962647476, 0.21908235354127878]
     [0.24220256369940665, 0.5141968962647476, 0.21908235354127878]
     [0.22303067667430757, 0.5141968962647476, 0.26078196332474685]
     [0.24220256369940665, 0.5141968962647476, 0.21908235354127878]
     [0.24220256369940665, 0.5141968962647476, 0.21908235354127878]

Gen: 51
     [0.24220256369940665, 0.5141968962647476, 0.21908235354127878]
     [0.24220256369940665, 0.5141968962647476, 0.21908235354127878]
     [0.22303067667430757, 0.5141968962647476, 0.26078196332474685]
     [0.22997368442829835, 0.5141968962647476, 0.21102297941799078]
     [0.24220256369940665, 0.5141968962647476, 0.21908235354127878]
     [0.24220256369940665, 0.5141968962647476, 0.21908235354127878]
     [0.24220256369940665, 0.5141968962647476, 0.21908235354127878]
     [0.22303067667430757, 0.5141968962647476, 0.26078196332474685]
     [0.24220256369940665, 0.5141968962647476, 0.21908235354127878]
     [0.24220256369940665, 0.5141968962647476, 0.21908235354127878]

Gen: 52
     [0.24220256369940665, 0.5141968962647476, 0.21908235354127878]
     [0.24220256369940665, 0.5141968962647476, 0.21908235354127878]
     [0.22303067667430757, 0.5141968962647476, 0.26078196332474685]
     [0.22997368442829835, 0.5141968962647476, 0.21102297941799078]
     [0.24220256369940665, 0.5141968962647476, 0.21908235354127878]
     [0.24220256369940665, 0.5141968962647476, 0.21908235354127878]
     [0.24220256369940665, 0.5141968962647476, 0.21908235354127878]
     [0.22303067667430757, 0.5141968962647476, 0.26078196332474685]
     [0.24220256369940665, 0.5141968962647476, 0.21908235354127878]
     [0.24220256369940665, 0.5141968962647476, 0.21908235354127878]

Gen: 53
     [0.24220256369940665, 0.5141968962647476, 0.21908235354127878]
     [0.24220256369940665, 0.5141968962647476, 0.21908235354127878]
     [0.22303067667430757, 0.5141968962647476, 0.26078196332474685]
     [0.22997368442829835, 0.5141968962647476, 0.21102297941799078]
     [0.24220256369940665, 0.5141968962647476, 0.21908235354127878]
     [0.24220256369940665, 0.5141968962647476, 0.21908235354127878]
     [0.24220256369940665, 0.5141968962647476, 0.21908235354127878]
     [0.22303067667430757, 0.5141968962647476, 0.26078196332474685]
     [0.24220256369940665, 0.5141968962647476, 0.21908235354127878]
     [0.24220256369940665, 0.5141968962647476, 0.21908235354127878]

Gen: 54
     [0.24220256369940665, 0.5141968962647476, 0.21908235354127878]
     [0.24220256369940665, 0.5141968962647476, 0.21908235354127878]
     [0.22303067667430757, 0.5141968962647476, 0.26078196332474685]
     [0.22997368442829835, 0.5141968962647476, 0.21102297941799078]
     [0.24220256369940665, 0.5141968962647476, 0.21908235354127878]
     [0.24220256369940665, 0.5141968962647476, 0.21908235354127878]
     [0.24220256369940665, 0.5141968962647476, 0.21908235354127878]
     [0.22303067667430757, 0.5141968962647476, 0.26078196332474685]
     [0.24220256369940665, 0.5141968962647476, 0.21908235354127878]
     [0.24220256369940665, 0.5141968962647476, 0.21908235354127878]

Gen: 55
     [0.24220256369940665, 0.5141968962647476, 0.21908235354127878]
     [0.24220256369940665, 0.5141968962647476, 0.21908235354127878]
     [0.22303067667430757, 0.5141968962647476, 0.26078196332474685]
     [0.22997368442829835, 0.5141968962647476, 0.21102297941799078]
     [0.24220256369940665, 0.5141968962647476, 0.21908235354127878]
     [0.24220256369940665, 0.5141968962647476, 0.21908235354127878]
     [0.24220256369940665, 0.5141968962647476, 0.21908235354127878]
     [0.22303067667430757, 0.5141968962647476, 0.26078196332474685]
     [0.24220256369940665, 0.5141968962647476, 0.21908235354127878]
     [0.24220256369940665, 0.5141968962647476, 0.21908235354127878]

Gen: 56
     [0.24220256369940665, 0.5141968962647476, 0.21908235354127878]
     [0.24220256369940665, 0.5141968962647476, 0.21908235354127878]
     [0.22303067667430757, 0.5141968962647476, 0.26078196332474685]
     [0.22997368442829835, 0.5141968962647476, 0.21102297941799078]
     [0.24220256369940665, 0.5141968962647476, 0.21908235354127878]
     [0.24220256369940665, 0.5141968962647476, 0.21908235354127878]
     [0.24220256369940665, 0.5141968962647476, 0.21908235354127878]
     [0.22303067667430757, 0.5141968962647476, 0.26078196332474685]
     [0.24220256369940665, 0.5141968962647476, 0.21908235354127878]
     [0.24220256369940665, 0.5141968962647476, 0.21908235354127878]

Gen: 57
     [0.24220256369940665, 0.5141968962647476, 0.21908235354127878]
     [0.24220256369940665, 0.5141968962647476, 0.21908235354127878]
     [0.22303067667430757, 0.5141968962647476, 0.26078196332474685]
     [0.22997368442829835, 0.5141968962647476, 0.21102297941799078]
     [0.24220256369940665, 0.5141968962647476, 0.21908235354127878]
     [0.24220256369940665, 0.5141968962647476, 0.21908235354127878]
     [0.24220256369940665, 0.5141968962647476, 0.21908235354127878]
     [0.22303067667430757, 0.5141968962647476, 0.26078196332474685]
     [0.24220256369940665, 0.5141968962647476, 0.21908235354127878]
     [0.24220256369940665, 0.5141968962647476, 0.21908235354127878]

Gen: 58
     [0.24220256369940665, 0.5141968962647476, 0.21908235354127878]
     [0.24220256369940665, 0.5141968962647476, 0.21908235354127878]
     [0.22303067667430757, 0.5141968962647476, 0.26078196332474685]
     [0.22997368442829835, 0.5141968962647476, 0.21102297941799078]
     [0.24220256369940665, 0.5141968962647476, 0.21908235354127878]
     [0.24220256369940665, 0.5141968962647476, 0.21908235354127878]
     [0.24220256369940665, 0.5141968962647476, 0.21908235354127878]
     [0.22303067667430757, 0.5141968962647476, 0.26078196332474685]
     [0.24220256369940665, 0.5141968962647476, 0.21908235354127878]
     [0.24220256369940665, 0.5141968962647476, 0.21908235354127878]

Gen: 59
     [0.24220256369940665, 0.5141968962647476, 0.21908235354127878]
     [0.24220256369940665, 0.5141968962647476, 0.21908235354127878]
     [0.22303067667430757, 0.5141968962647476, 0.26078196332474685]
     [0.22997368442829835, 0.5141968962647476, 0.21102297941799078]
     [0.24220256369940665, 0.5141968962647476, 0.21908235354127878]
     [0.24220256369940665, 0.5141968962647476, 0.21908235354127878]
     [0.24220256369940665, 0.5141968962647476, 0.21908235354127878]
     [0.22303067667430757, 0.5141968962647476, 0.26078196332474685]
     [0.24220256369940665, 0.5141968962647476, 0.21908235354127878]
     [0.24220256369940665, 0.5141968962647476, 0.21908235354127878]

Gen: 60
     [0.24220256369940665, 0.5141968962647476, 0.21908235354127878]
     [0.24220256369940665, 0.5141968962647476, 0.21908235354127878]
     [0.22303067667430757, 0.5141968962647476, 0.26078196332474685]
     [0.22997368442829835, 0.5141968962647476, 0.21102297941799078]
     [0.24220256369940665, 0.5141968962647476, 0.21908235354127878]
     [0.24220256369940665, 0.5141968962647476, 0.21908235354127878]
     [0.24220256369940665, 0.5141968962647476, 0.21908235354127878]
     [0.22303067667430757, 0.5141968962647476, 0.26078196332474685]
     [0.24220256369940665, 0.5141968962647476, 0.21908235354127878]
     [0.24220256369940665, 0.5141968962647476, 0.21908235354127878]

Gen: 61
     [0.24220256369940665, 0.5141968962647476, 0.21908235354127878]
     [0.24220256369940665, 0.5141968962647476, 0.21908235354127878]
     [0.22303067667430757, 0.5141968962647476, 0.26078196332474685]
     [0.22997368442829835, 0.5141968962647476, 0.21102297941799078]
     [0.24220256369940665, 0.5141968962647476, 0.21908235354127878]
     [0.24220256369940665, 0.5141968962647476, 0.21908235354127878]
     [0.24220256369940665, 0.5141968962647476, 0.21908235354127878]
     [0.22303067667430757, 0.5141968962647476, 0.26078196332474685]
     [0.24220256369940665, 0.5141968962647476, 0.21908235354127878]
     [0.24220256369940665, 0.5141968962647476, 0.21908235354127878]

Gen: 62
     [0.24220256369940665, 0.5141968962647476, 0.21908235354127878]
     [0.24220256369940665, 0.5141968962647476, 0.21908235354127878]
     [0.22303067667430757, 0.5141968962647476, 0.26078196332474685]
     [0.22997368442829835, 0.5141968962647476, 0.21102297941799078]
     [0.24220256369940665, 0.5141968962647476, 0.21908235354127878]
     [0.24220256369940665, 0.5141968962647476, 0.21908235354127878]
     [0.24220256369940665, 0.5141968962647476, 0.21908235354127878]
     [0.22303067667430757, 0.5141968962647476, 0.26078196332474685]
     [0.24220256369940665, 0.5141968962647476, 0.21908235354127878]
     [0.24220256369940665, 0.5141968962647476, 0.21908235354127878]

Gen: 63
     [0.24220256369940665, 0.5141968962647476, 0.21908235354127878]
     [0.24220256369940665, 0.5141968962647476, 0.21908235354127878]
     [0.22303067667430757, 0.5141968962647476, 0.26078196332474685]
     [0.22997368442829835, 0.5141968962647476, 0.21102297941799078]
     [0.24220256369940665, 0.5141968962647476, 0.21908235354127878]
     [0.24220256369940665, 0.5141968962647476, 0.21908235354127878]
     [0.24220256369940665, 0.5141968962647476, 0.21908235354127878]
     [0.22303067667430757, 0.5141968962647476, 0.26078196332474685]
     [0.24220256369940665, 0.5141968962647476, 0.21908235354127878]
     [0.24220256369940665, 0.5141968962647476, 0.21908235354127878]

Gen: 64
     [0.24220256369940665, 0.5141968962647476, 0.21908235354127878]
     [0.24220256369940665, 0.5141968962647476, 0.21908235354127878]
     [0.22303067667430757, 0.5141968962647476, 0.26078196332474685]
     [0.22997368442829835, 0.5141968962647476, 0.21102297941799078]
     [0.24220256369940665, 0.5141968962647476, 0.21908235354127878]
     [0.24220256369940665, 0.5141968962647476, 0.21908235354127878]
     [0.24220256369940665, 0.5141968962647476, 0.21908235354127878]
     [0.22303067667430757, 0.5141968962647476, 0.26078196332474685]
     [0.24220256369940665, 0.5141968962647476, 0.21908235354127878]
     [0.24220256369940665, 0.5141968962647476, 0.21908235354127878]

Gen: 65
     [0.24220256369940665, 0.5141968962647476, 0.21908235354127878]
     [0.24220256369940665, 0.5141968962647476, 0.21908235354127878]
     [0.22303067667430757, 0.5141968962647476, 0.26078196332474685]
     [0.22997368442829835, 0.5141968962647476, 0.21102297941799078]
     [0.24220256369940665, 0.5141968962647476, 0.21908235354127878]
     [0.24220256369940665, 0.5141968962647476, 0.21908235354127878]
     [0.24220256369940665, 0.5141968962647476, 0.21908235354127878]
     [0.22303067667430757, 0.5141968962647476, 0.26078196332474685]
     [0.24220256369940665, 0.5141968962647476, 0.21908235354127878]
     [0.24220256369940665, 0.5141968962647476, 0.21908235354127878]

Gen: 66
     [0.24220256369940665, 0.5141968962647476, 0.21908235354127878]
     [0.24220256369940665, 0.5141968962647476, 0.21908235354127878]
     [0.22303067667430757, 0.5141968962647476, 0.26078196332474685]
     [0.22997368442829835, 0.5141968962647476, 0.21102297941799078]
     [0.24220256369940665, 0.5141968962647476, 0.21908235354127878]
     [0.24220256369940665, 0.5141968962647476, 0.21908235354127878]
     [0.24220256369940665, 0.5141968962647476, 0.21908235354127878]
     [0.22303067667430757, 0.5141968962647476, 0.26078196332474685]
     [0.24220256369940665, 0.5141968962647476, 0.21908235354127878]
     [0.24220256369940665, 0.5141968962647476, 0.21908235354127878]

Gen: 67
     [0.24220256369940665, 0.5141968962647476, 0.21908235354127878]
     [0.24220256369940665, 0.5141968962647476, 0.21908235354127878]
     [0.22303067667430757, 0.5141968962647476, 0.26078196332474685]
     [0.22997368442829835, 0.5141968962647476, 0.21102297941799078]
     [0.24220256369940665, 0.5141968962647476, 0.21908235354127878]
     [0.24220256369940665, 0.5141968962647476, 0.21908235354127878]
     [0.24220256369940665, 0.5141968962647476, 0.21908235354127878]
     [0.22303067667430757, 0.5141968962647476, 0.26078196332474685]
     [0.24220256369940665, 0.5141968962647476, 0.21908235354127878]
     [0.24220256369940665, 0.5141968962647476, 0.21908235354127878]

Gen: 68
     [0.24220256369940665, 0.5141968962647476, 0.21908235354127878]
     [0.24220256369940665, 0.5141968962647476, 0.21908235354127878]
     [0.22303067667430757, 0.5141968962647476, 0.26078196332474685]
     [0.22997368442829835, 0.5141968962647476, 0.21102297941799078]
     [0.24220256369940665, 0.5141968962647476, 0.21908235354127878]
     [0.24220256369940665, 0.5141968962647476, 0.21908235354127878]
     [0.24220256369940665, 0.5141968962647476, 0.21908235354127878]
     [0.22303067667430757, 0.5141968962647476, 0.26078196332474685]
     [0.24220256369940665, 0.5141968962647476, 0.21908235354127878]
     [0.24220256369940665, 0.5141968962647476, 0.21908235354127878]

Gen: 69
     [0.24220256369940665, 0.5141968962647476, 0.21908235354127878]
     [0.24220256369940665, 0.5141968962647476, 0.21908235354127878]
     [0.22303067667430757, 0.5141968962647476, 0.26078196332474685]
     [0.22997368442829835, 0.5141968962647476, 0.21102297941799078]
     [0.24220256369940665, 0.5141968962647476, 0.21908235354127878]
     [0.24220256369940665, 0.5141968962647476, 0.21908235354127878]
     [0.24220256369940665, 0.5141968962647476, 0.21908235354127878]
     [0.22303067667430757, 0.5141968962647476, 0.26078196332474685]
     [0.24220256369940665, 0.5141968962647476, 0.21908235354127878]
     [0.24220256369940665, 0.5141968962647476, 0.21908235354127878]

Gen: 70
     [0.24220256369940665, 0.5141968962647476, 0.21908235354127878]
     [0.24220256369940665, 0.5141968962647476, 0.21908235354127878]
     [0.22303067667430757, 0.5141968962647476, 0.26078196332474685]
     [0.22997368442829835, 0.5141968962647476, 0.21102297941799078]
     [0.24220256369940665, 0.5141968962647476, 0.21908235354127878]
     [0.24220256369940665, 0.5141968962647476, 0.21908235354127878]
     [0.24220256369940665, 0.5141968962647476, 0.21908235354127878]
     [0.22303067667430757, 0.5141968962647476, 0.26078196332474685]
     [0.24220256369940665, 0.5141968962647476, 0.21908235354127878]
     [0.24220256369940665, 0.5141968962647476, 0.21908235354127878]

Gen: 71
     [0.24220256369940665, 0.5141968962647476, 0.21908235354127878]
     [0.24220256369940665, 0.5141968962647476, 0.21908235354127878]
     [0.22303067667430757, 0.5141968962647476, 0.26078196332474685]
     [0.22997368442829835, 0.5141968962647476, 0.21102297941799078]
     [0.24220256369940665, 0.5141968962647476, 0.21908235354127878]
     [0.24220256369940665, 0.5141968962647476, 0.21908235354127878]
     [0.24220256369940665, 0.5141968962647476, 0.21908235354127878]
     [0.22303067667430757, 0.5141968962647476, 0.26078196332474685]
     [0.24220256369940665, 0.5141968962647476, 0.21908235354127878]
     [0.24220256369940665, 0.5141968962647476, 0.21908235354127878]

Gen: 72
     [0.24220256369940665, 0.5141968962647476, 0.21908235354127878]
     [0.24220256369940665, 0.5141968962647476, 0.21908235354127878]
     [0.22303067667430757, 0.5141968962647476, 0.26078196332474685]
     [0.22997368442829835, 0.5141968962647476, 0.21102297941799078]
     [0.24220256369940665, 0.5141968962647476, 0.21908235354127878]
     [0.24220256369940665, 0.5141968962647476, 0.21908235354127878]
     [0.24220256369940665, 0.5141968962647476, 0.21908235354127878]
     [0.22303067667430757, 0.5141968962647476, 0.26078196332474685]
     [0.24220256369940665, 0.5141968962647476, 0.21908235354127878]
     [0.24220256369940665, 0.5141968962647476, 0.21908235354127878]

Gen: 73
     [0.24220256369940665, 0.5141968962647476, 0.21908235354127878]
     [0.24220256369940665, 0.5141968962647476, 0.21908235354127878]
     [0.22303067667430757, 0.5141968962647476, 0.26078196332474685]
     [0.22997368442829835, 0.5141968962647476, 0.21102297941799078]
     [0.24220256369940665, 0.5141968962647476, 0.21908235354127878]
     [0.24220256369940665, 0.5141968962647476, 0.21908235354127878]
     [0.24220256369940665, 0.5141968962647476, 0.21908235354127878]
     [0.22303067667430757, 0.5141968962647476, 0.26078196332474685]
     [0.24220256369940665, 0.5141968962647476, 0.21908235354127878]
     [0.24220256369940665, 0.5141968962647476, 0.21908235354127878]

Gen: 74
     [0.24220256369940665, 0.5141968962647476, 0.21908235354127878]
     [0.24220256369940665, 0.5141968962647476, 0.21908235354127878]
     [0.22303067667430757, 0.5141968962647476, 0.26078196332474685]
     [0.22997368442829835, 0.5141968962647476, 0.21102297941799078]
     [0.24220256369940665, 0.5141968962647476, 0.21908235354127878]
     [0.24220256369940665, 0.5141968962647476, 0.21908235354127878]
     [0.24220256369940665, 0.5141968962647476, 0.21908235354127878]
     [0.22303067667430757, 0.5141968962647476, 0.26078196332474685]
     [0.24220256369940665, 0.5141968962647476, 0.21908235354127878]
     [0.24220256369940665, 0.5141968962647476, 0.21908235354127878]

Gen: 75
     [0.24220256369940665, 0.5141968962647476, 0.21908235354127878]
     [0.24220256369940665, 0.5141968962647476, 0.21908235354127878]
     [0.22303067667430757, 0.5141968962647476, 0.26078196332474685]
     [0.22997368442829835, 0.5141968962647476, 0.21102297941799078]
     [0.24220256369940665, 0.5141968962647476, 0.21908235354127878]
     [0.24220256369940665, 0.5141968962647476, 0.21908235354127878]
     [0.24220256369940665, 0.5141968962647476, 0.21908235354127878]
     [0.22303067667430757, 0.5141968962647476, 0.26078196332474685]
     [0.24220256369940665, 0.5141968962647476, 0.21908235354127878]
     [0.24220256369940665, 0.5141968962647476, 0.21908235354127878]

Gen: 76
     [0.24220256369940665, 0.5141968962647476, 0.21908235354127878]
     [0.24220256369940665, 0.5141968962647476, 0.21908235354127878]
     [0.22303067667430757, 0.5141968962647476, 0.26078196332474685]
     [0.22997368442829835, 0.5141968962647476, 0.21102297941799078]
     [0.24220256369940665, 0.5141968962647476, 0.21908235354127878]
     [0.24220256369940665, 0.5141968962647476, 0.21908235354127878]
     [0.24220256369940665, 0.5141968962647476, 0.21908235354127878]
     [0.22303067667430757, 0.5141968962647476, 0.26078196332474685]
     [0.24220256369940665, 0.5141968962647476, 0.21908235354127878]
     [0.24220256369940665, 0.5141968962647476, 0.21908235354127878]

Gen: 77
     [0.24220256369940665, 0.5141968962647476, 0.21908235354127878]
     [0.24220256369940665, 0.5141968962647476, 0.21908235354127878]
     [0.22303067667430757, 0.5141968962647476, 0.26078196332474685]
     [0.22997368442829835, 0.5141968962647476, 0.21102297941799078]
     [0.24220256369940665, 0.5141968962647476, 0.21908235354127878]
     [0.24220256369940665, 0.5141968962647476, 0.21908235354127878]
     [0.24220256369940665, 0.5141968962647476, 0.21908235354127878]
     [0.22303067667430757, 0.5141968962647476, 0.26078196332474685]
     [0.24220256369940665, 0.5141968962647476, 0.21908235354127878]
     [0.24220256369940665, 0.5141968962647476, 0.21908235354127878]

Gen: 78
     [0.24220256369940665, 0.5141968962647476, 0.21908235354127878]
     [0.24220256369940665, 0.5141968962647476, 0.21908235354127878]
     [0.22303067667430757, 0.5141968962647476, 0.26078196332474685]
     [0.22997368442829835, 0.5141968962647476, 0.21102297941799078]
     [0.24220256369940665, 0.5141968962647476, 0.21908235354127878]
     [0.24220256369940665, 0.5141968962647476, 0.21908235354127878]
     [0.24220256369940665, 0.5141968962647476, 0.21908235354127878]
     [0.22303067667430757, 0.5141968962647476, 0.26078196332474685]
     [0.24220256369940665, 0.5141968962647476, 0.21908235354127878]
     [0.24220256369940665, 0.5141968962647476, 0.21908235354127878]

Gen: 79
     [0.24220256369940665, 0.5141968962647476, 0.21908235354127878]
     [0.24220256369940665, 0.5141968962647476, 0.21908235354127878]
     [0.22303067667430757, 0.5141968962647476, 0.26078196332474685]
     [0.22997368442829835, 0.5141968962647476, 0.21102297941799078]
     [0.24220256369940665, 0.5141968962647476, 0.21908235354127878]
     [0.24220256369940665, 0.5141968962647476, 0.21908235354127878]
     [0.24220256369940665, 0.5141968962647476, 0.21908235354127878]
     [0.22303067667430757, 0.5141968962647476, 0.26078196332474685]
     [0.24220256369940665, 0.5141968962647476, 0.21908235354127878]
     [0.24220256369940665, 0.5141968962647476, 0.21908235354127878]

Gen: 80
     [0.24220256369940665, 0.5141968962647476, 0.21908235354127878]
     [0.24220256369940665, 0.5141968962647476, 0.21908235354127878]
     [0.22303067667430757, 0.5141968962647476, 0.26078196332474685]
     [0.22997368442829835, 0.5141968962647476, 0.21102297941799078]
     [0.24220256369940665, 0.5141968962647476, 0.21908235354127878]
     [0.24220256369940665, 0.5141968962647476, 0.21908235354127878]
     [0.24220256369940665, 0.5141968962647476, 0.21908235354127878]
     [0.22303067667430757, 0.5141968962647476, 0.26078196332474685]
     [0.24220256369940665, 0.5141968962647476, 0.21908235354127878]
     [0.24220256369940665, 0.5141968962647476, 0.21908235354127878]

Gen: 81
     [0.24220256369940665, 0.5141968962647476, 0.21908235354127878]
     [0.24220256369940665, 0.5141968962647476, 0.21908235354127878]
     [0.22303067667430757, 0.5141968962647476, 0.26078196332474685]
     [0.22997368442829835, 0.5141968962647476, 0.21102297941799078]
     [0.24220256369940665, 0.5141968962647476, 0.21908235354127878]
     [0.24220256369940665, 0.5141968962647476, 0.21908235354127878]
     [0.24220256369940665, 0.5141968962647476, 0.21908235354127878]
     [0.22303067667430757, 0.5141968962647476, 0.26078196332474685]
     [0.24220256369940665, 0.5141968962647476, 0.21908235354127878]
     [0.24220256369940665, 0.5141968962647476, 0.21908235354127878]

Gen: 82
     [0.24220256369940665, 0.5141968962647476, 0.21908235354127878]
     [0.24220256369940665, 0.5141968962647476, 0.21908235354127878]
     [0.22303067667430757, 0.5141968962647476, 0.26078196332474685]
     [0.22997368442829835, 0.5141968962647476, 0.21102297941799078]
     [0.24220256369940665, 0.5141968962647476, 0.21908235354127878]
     [0.24220256369940665, 0.5141968962647476, 0.21908235354127878]
     [0.24220256369940665, 0.5141968962647476, 0.21908235354127878]
     [0.22303067667430757, 0.5141968962647476, 0.26078196332474685]
     [0.24220256369940665, 0.5141968962647476, 0.21908235354127878]
     [0.24220256369940665, 0.5141968962647476, 0.21908235354127878]

Gen: 83
     [0.24220256369940665, 0.5141968962647476, 0.21908235354127878]
     [0.24220256369940665, 0.5141968962647476, 0.21908235354127878]
     [0.22303067667430757, 0.5141968962647476, 0.26078196332474685]
     [0.22997368442829835, 0.5141968962647476, 0.21102297941799078]
     [0.24220256369940665, 0.5141968962647476, 0.21908235354127878]
     [0.24220256369940665, 0.5141968962647476, 0.21908235354127878]
     [0.24220256369940665, 0.5141968962647476, 0.21908235354127878]
     [0.22303067667430757, 0.5141968962647476, 0.26078196332474685]
     [0.24220256369940665, 0.5141968962647476, 0.21908235354127878]
     [0.24220256369940665, 0.5141968962647476, 0.21908235354127878]

Gen: 84
     [0.24220256369940665, 0.5141968962647476, 0.21908235354127878]
     [0.24220256369940665, 0.5141968962647476, 0.21908235354127878]
     [0.22303067667430757, 0.5141968962647476, 0.26078196332474685]
     [0.22997368442829835, 0.5141968962647476, 0.21102297941799078]
     [0.24220256369940665, 0.5141968962647476, 0.21908235354127878]
     [0.24220256369940665, 0.5141968962647476, 0.21908235354127878]
     [0.24220256369940665, 0.5141968962647476, 0.21908235354127878]
     [0.22303067667430757, 0.5141968962647476, 0.26078196332474685]
     [0.24220256369940665, 0.5141968962647476, 0.21908235354127878]
     [0.24220256369940665, 0.5141968962647476, 0.21908235354127878]

Gen: 85
     [0.24220256369940665, 0.5141968962647476, 0.21908235354127878]
     [0.24220256369940665, 0.5141968962647476, 0.21908235354127878]
     [0.22303067667430757, 0.5141968962647476, 0.26078196332474685]
     [0.22997368442829835, 0.5141968962647476, 0.21102297941799078]
     [0.24220256369940665, 0.5141968962647476, 0.21908235354127878]
     [0.24220256369940665, 0.5141968962647476, 0.21908235354127878]
     [0.24220256369940665, 0.5141968962647476, 0.21908235354127878]
     [0.22303067667430757, 0.5141968962647476, 0.26078196332474685]
     [0.24220256369940665, 0.5141968962647476, 0.21908235354127878]
     [0.24220256369940665, 0.5141968962647476, 0.21908235354127878]

Gen: 86
     [0.24220256369940665, 0.5141968962647476, 0.21908235354127878]
     [0.24220256369940665, 0.5141968962647476, 0.21908235354127878]
     [0.22303067667430757, 0.5141968962647476, 0.26078196332474685]
     [0.22997368442829835, 0.5141968962647476, 0.21102297941799078]
     [0.24220256369940665, 0.5141968962647476, 0.21908235354127878]
     [0.24220256369940665, 0.5141968962647476, 0.21908235354127878]
     [0.24220256369940665, 0.5141968962647476, 0.21908235354127878]
     [0.22303067667430757, 0.5141968962647476, 0.26078196332474685]
     [0.24220256369940665, 0.5141968962647476, 0.21908235354127878]
     [0.24220256369940665, 0.5141968962647476, 0.21908235354127878]

Gen: 87
     [0.24220256369940665, 0.5141968962647476, 0.21908235354127878]
     [0.24220256369940665, 0.5141968962647476, 0.21908235354127878]
     [0.22303067667430757, 0.5141968962647476, 0.26078196332474685]
     [0.22997368442829835, 0.5141968962647476, 0.21102297941799078]
     [0.24220256369940665, 0.5141968962647476, 0.21908235354127878]
     [0.24220256369940665, 0.5141968962647476, 0.21908235354127878]
     [0.24220256369940665, 0.5141968962647476, 0.21908235354127878]
     [0.22303067667430757, 0.5141968962647476, 0.26078196332474685]
     [0.24220256369940665, 0.5141968962647476, 0.21908235354127878]
     [0.24220256369940665, 0.5141968962647476, 0.21908235354127878]

Gen: 88
     [0.24220256369940665, 0.5141968962647476, 0.21908235354127878]
     [0.24220256369940665, 0.5141968962647476, 0.21908235354127878]
     [0.22303067667430757, 0.5141968962647476, 0.26078196332474685]
     [0.22997368442829835, 0.5141968962647476, 0.21102297941799078]
     [0.24220256369940665, 0.5141968962647476, 0.21908235354127878]
     [0.24220256369940665, 0.5141968962647476, 0.21908235354127878]
     [0.24220256369940665, 0.5141968962647476, 0.21908235354127878]
     [0.22303067667430757, 0.5141968962647476, 0.26078196332474685]
     [0.24220256369940665, 0.5141968962647476, 0.21908235354127878]
     [0.24220256369940665, 0.5141968962647476, 0.21908235354127878]

Gen: 89
     [0.24220256369940665, 0.5141968962647476, 0.21908235354127878]
     [0.24220256369940665, 0.5141968962647476, 0.21908235354127878]
     [0.22303067667430757, 0.5141968962647476, 0.26078196332474685]
     [0.22997368442829835, 0.5141968962647476, 0.21102297941799078]
     [0.24220256369940665, 0.5141968962647476, 0.21908235354127878]
     [0.24220256369940665, 0.5141968962647476, 0.21908235354127878]
     [0.24220256369940665, 0.5141968962647476, 0.21908235354127878]
     [0.22303067667430757, 0.5141968962647476, 0.26078196332474685]
     [0.24220256369940665, 0.5141968962647476, 0.21908235354127878]
     [0.24220256369940665, 0.5141968962647476, 0.21908235354127878]

Gen: 90
     [0.24220256369940665, 0.5141968962647476, 0.21908235354127878]
     [0.24220256369940665, 0.5141968962647476, 0.21908235354127878]
     [0.22303067667430757, 0.5141968962647476, 0.26078196332474685]
     [0.22997368442829835, 0.5141968962647476, 0.21102297941799078]
     [0.24220256369940665, 0.5141968962647476, 0.21908235354127878]
     [0.24220256369940665, 0.5141968962647476, 0.21908235354127878]
     [0.24220256369940665, 0.5141968962647476, 0.21908235354127878]
     [0.22303067667430757, 0.5141968962647476, 0.26078196332474685]
     [0.24220256369940665, 0.5141968962647476, 0.21908235354127878]
     [0.24220256369940665, 0.5141968962647476, 0.21908235354127878]

Gen: 91
     [0.24220256369940665, 0.5141968962647476, 0.21908235354127878]
     [0.24220256369940665, 0.5141968962647476, 0.21908235354127878]
     [0.22303067667430757, 0.5141968962647476, 0.26078196332474685]
     [0.22997368442829835, 0.5141968962647476, 0.21102297941799078]
     [0.24220256369940665, 0.5141968962647476, 0.21908235354127878]
     [0.24220256369940665, 0.5141968962647476, 0.21908235354127878]
     [0.24220256369940665, 0.5141968962647476, 0.21908235354127878]
     [0.22303067667430757, 0.5141968962647476, 0.26078196332474685]
     [0.24220256369940665, 0.5141968962647476, 0.21908235354127878]
     [0.24220256369940665, 0.5141968962647476, 0.21908235354127878]

Gen: 92
     [0.24220256369940665, 0.5141968962647476, 0.21908235354127878]
     [0.24220256369940665, 0.5141968962647476, 0.21908235354127878]
     [0.22303067667430757, 0.5141968962647476, 0.26078196332474685]
     [0.22997368442829835, 0.5141968962647476, 0.21102297941799078]
     [0.24220256369940665, 0.5141968962647476, 0.21908235354127878]
     [0.24220256369940665, 0.5141968962647476, 0.21908235354127878]
     [0.24220256369940665, 0.5141968962647476, 0.21908235354127878]
     [0.22303067667430757, 0.5141968962647476, 0.26078196332474685]
     [0.24220256369940665, 0.5141968962647476, 0.21908235354127878]
     [0.24220256369940665, 0.5141968962647476, 0.21908235354127878]

Gen: 93
     [0.24220256369940665, 0.5141968962647476, 0.21908235354127878]
     [0.24220256369940665, 0.5141968962647476, 0.21908235354127878]
     [0.22303067667430757, 0.5141968962647476, 0.26078196332474685]
     [0.22997368442829835, 0.5141968962647476, 0.21102297941799078]
     [0.24220256369940665, 0.5141968962647476, 0.21908235354127878]
     [0.24220256369940665, 0.5141968962647476, 0.21908235354127878]
     [0.24220256369940665, 0.5141968962647476, 0.21908235354127878]
     [0.22303067667430757, 0.5141968962647476, 0.26078196332474685]
     [0.24220256369940665, 0.5141968962647476, 0.21908235354127878]
     [0.24220256369940665, 0.5141968962647476, 0.21908235354127878]

Gen: 94
     [0.24220256369940665, 0.5141968962647476, 0.21908235354127878]
     [0.24220256369940665, 0.5141968962647476, 0.21908235354127878]
     [0.22303067667430757, 0.5141968962647476, 0.26078196332474685]
     [0.22997368442829835, 0.5141968962647476, 0.21102297941799078]
     [0.24220256369940665, 0.5141968962647476, 0.21908235354127878]
     [0.24220256369940665, 0.5141968962647476, 0.21908235354127878]
     [0.24220256369940665, 0.5141968962647476, 0.21908235354127878]
     [0.22303067667430757, 0.5141968962647476, 0.26078196332474685]
     [0.24220256369940665, 0.5141968962647476, 0.21908235354127878]
     [0.24220256369940665, 0.5141968962647476, 0.21908235354127878]

Gen: 95
     [0.24220256369940665, 0.5141968962647476, 0.21908235354127878]
     [0.24220256369940665, 0.5141968962647476, 0.21908235354127878]
     [0.22303067667430757, 0.5141968962647476, 0.26078196332474685]
     [0.22997368442829835, 0.5141968962647476, 0.21102297941799078]
     [0.24220256369940665, 0.5141968962647476, 0.21908235354127878]
     [0.24220256369940665, 0.5141968962647476, 0.21908235354127878]
     [0.24220256369940665, 0.5141968962647476, 0.21908235354127878]
     [0.22303067667430757, 0.5141968962647476, 0.26078196332474685]
     [0.24220256369940665, 0.5141968962647476, 0.21908235354127878]
     [0.24220256369940665, 0.5141968962647476, 0.21908235354127878]

Gen: 96
     [0.24220256369940665, 0.5141968962647476, 0.21908235354127878]
     [0.24220256369940665, 0.5141968962647476, 0.21908235354127878]
     [0.22303067667430757, 0.5141968962647476, 0.26078196332474685]
     [0.22997368442829835, 0.5141968962647476, 0.21102297941799078]
     [0.24220256369940665, 0.5141968962647476, 0.21908235354127878]
     [0.24220256369940665, 0.5141968962647476, 0.21908235354127878]
     [0.24220256369940665, 0.5141968962647476, 0.21908235354127878]
     [0.22303067667430757, 0.5141968962647476, 0.26078196332474685]
     [0.24220256369940665, 0.5141968962647476, 0.21908235354127878]
     [0.24220256369940665, 0.5141968962647476, 0.21908235354127878]

Gen: 97
     [0.24220256369940665, 0.5141968962647476, 0.21908235354127878]
     [0.24220256369940665, 0.5141968962647476, 0.21908235354127878]
     [0.22303067667430757, 0.5141968962647476, 0.26078196332474685]
     [0.22997368442829835, 0.5141968962647476, 0.21102297941799078]
     [0.24220256369940665, 0.5141968962647476, 0.21908235354127878]
     [0.24220256369940665, 0.5141968962647476, 0.21908235354127878]
     [0.24220256369940665, 0.5141968962647476, 0.21908235354127878]
     [0.22303067667430757, 0.5141968962647476, 0.26078196332474685]
     [0.24220256369940665, 0.5141968962647476, 0.21908235354127878]
     [0.24220256369940665, 0.5141968962647476, 0.21908235354127878]

Gen: 98
     [0.24220256369940665, 0.5141968962647476, 0.21908235354127878]
     [0.24220256369940665, 0.5141968962647476, 0.21908235354127878]
     [0.22303067667430757, 0.5141968962647476, 0.26078196332474685]
     [0.22997368442829835, 0.5141968962647476, 0.21102297941799078]
     [0.24220256369940665, 0.5141968962647476, 0.21908235354127878]
     [0.24220256369940665, 0.5141968962647476, 0.21908235354127878]
     [0.24220256369940665, 0.5141968962647476, 0.21908235354127878]
     [0.22303067667430757, 0.5141968962647476, 0.26078196332474685]
     [0.24220256369940665, 0.5141968962647476, 0.21908235354127878]
     [0.24220256369940665, 0.5141968962647476, 0.21908235354127878]

Gen: 99
     [0.24220256369940665, 0.5141968962647476, 0.21908235354127878]
     [0.24220256369940665, 0.5141968962647476, 0.21908235354127878]
     [0.22303067667430757, 0.5141968962647476, 0.26078196332474685]
     [0.22997368442829835, 0.5141968962647476, 0.21102297941799078]
     [0.24220256369940665, 0.5141968962647476, 0.21908235354127878]
     [0.24220256369940665, 0.5141968962647476, 0.21908235354127878]
     [0.24220256369940665, 0.5141968962647476, 0.21908235354127878]
     [0.22303067667430757, 0.5141968962647476, 0.26078196332474685]
     [0.24220256369940665, 0.5141968962647476, 0.21908235354127878]
     [0.24220256369940665, 0.5141968962647476, 0.21908235354127878]

Gen: 100
     [0.24220256369940665, 0.5141968962647476, 0.21908235354127878]
     [0.24220256369940665, 0.5141968962647476, 0.21908235354127878]
     [0.22303067667430757, 0.5141968962647476, 0.26078196332474685]
     [0.22997368442829835, 0.5141968962647476, 0.21102297941799078]
     [0.24220256369940665, 0.5141968962647476, 0.21908235354127878]
     [0.24220256369940665, 0.5141968962647476, 0.21908235354127878]
     [0.24220256369940665, 0.5141968962647476, 0.21908235354127878]
     [0.22303067667430757, 0.5141968962647476, 0.26078196332474685]
     [0.24220256369940665, 0.5141968962647476, 0.21908235354127878]
     [0.24220256369940665, 0.5141968962647476, 0.21908235354127878]

Gen: 101
     [0.24220256369940665, 0.5141968962647476, 0.21908235354127878]
     [0.24220256369940665, 0.5141968962647476, 0.21908235354127878]
     [0.22303067667430757, 0.5141968962647476, 0.26078196332474685]
     [0.22997368442829835, 0.5141968962647476, 0.21102297941799078]
     [0.24220256369940665, 0.5141968962647476, 0.21908235354127878]
     [0.24220256369940665, 0.5141968962647476, 0.21908235354127878]
     [0.24220256369940665, 0.5141968962647476, 0.21908235354127878]
     [0.22303067667430757, 0.5141968962647476, 0.26078196332474685]
     [0.24220256369940665, 0.5141968962647476, 0.21908235354127878]
     [0.24220256369940665, 0.5141968962647476, 0.21908235354127878]

Gen: 102
     [0.24220256369940665, 0.5141968962647476, 0.21908235354127878]
     [0.24220256369940665, 0.5141968962647476, 0.21908235354127878]
     [0.22303067667430757, 0.5141968962647476, 0.26078196332474685]
     [0.22997368442829835, 0.5141968962647476, 0.21102297941799078]
     [0.24220256369940665, 0.5141968962647476, 0.21908235354127878]
     [0.24220256369940665, 0.5141968962647476, 0.21908235354127878]
     [0.24220256369940665, 0.5141968962647476, 0.21908235354127878]
     [0.22303067667430757, 0.5141968962647476, 0.26078196332474685]
     [0.24220256369940665, 0.5141968962647476, 0.21908235354127878]
     [0.24220256369940665, 0.5141968962647476, 0.21908235354127878]

Gen: 103
     [0.24220256369940665, 0.5141968962647476, 0.21908235354127878]
     [0.24220256369940665, 0.5141968962647476, 0.21908235354127878]
     [0.22303067667430757, 0.5141968962647476, 0.26078196332474685]
     [0.22997368442829835, 0.5141968962647476, 0.21102297941799078]
     [0.24220256369940665, 0.5141968962647476, 0.21908235354127878]
     [0.24220256369940665, 0.5141968962647476, 0.21908235354127878]
     [0.24220256369940665, 0.5141968962647476, 0.21908235354127878]
     [0.22303067667430757, 0.5141968962647476, 0.26078196332474685]
     [0.24220256369940665, 0.5141968962647476, 0.21908235354127878]
     [0.24220256369940665, 0.5141968962647476, 0.21908235354127878]

Gen: 104
     [0.24220256369940665, 0.5141968962647476, 0.21908235354127878]
     [0.24220256369940665, 0.5141968962647476, 0.21908235354127878]
     [0.22303067667430757, 0.5141968962647476, 0.26078196332474685]
     [0.22997368442829835, 0.5141968962647476, 0.21102297941799078]
     [0.24220256369940665, 0.5141968962647476, 0.21908235354127878]
     [0.24220256369940665, 0.5141968962647476, 0.21908235354127878]
     [0.24220256369940665, 0.5141968962647476, 0.21908235354127878]
     [0.22303067667430757, 0.5141968962647476, 0.26078196332474685]
     [0.24220256369940665, 0.5141968962647476, 0.21908235354127878]
     [0.24220256369940665, 0.5141968962647476, 0.21908235354127878]

Gen: 105
     [0.24220256369940665, 0.5141968962647476, 0.21908235354127878]
     [0.24220256369940665, 0.5141968962647476, 0.21908235354127878]
     [0.22303067667430757, 0.5141968962647476, 0.26078196332474685]
     [0.22997368442829835, 0.5141968962647476, 0.21102297941799078]
     [0.24220256369940665, 0.5141968962647476, 0.21908235354127878]
     [0.24220256369940665, 0.5141968962647476, 0.21908235354127878]
     [0.24220256369940665, 0.5141968962647476, 0.21908235354127878]
     [0.22303067667430757, 0.5141968962647476, 0.26078196332474685]
     [0.24220256369940665, 0.5141968962647476, 0.21908235354127878]
     [0.24220256369940665, 0.5141968962647476, 0.21908235354127878]

Gen: 106
     [0.24220256369940665, 0.5141968962647476, 0.21908235354127878]
     [0.24220256369940665, 0.5141968962647476, 0.21908235354127878]
     [0.22303067667430757, 0.5141968962647476, 0.26078196332474685]
     [0.22997368442829835, 0.5141968962647476, 0.21102297941799078]
     [0.24220256369940665, 0.5141968962647476, 0.21908235354127878]
     [0.24220256369940665, 0.5141968962647476, 0.21908235354127878]
     [0.24220256369940665, 0.5141968962647476, 0.21908235354127878]
     [0.22303067667430757, 0.5141968962647476, 0.26078196332474685]
     [0.24220256369940665, 0.5141968962647476, 0.21908235354127878]
     [0.24220256369940665, 0.5141968962647476, 0.21908235354127878]

Gen: 107
     [0.24220256369940665, 0.5141968962647476, 0.21908235354127878]
     [0.24220256369940665, 0.5141968962647476, 0.21908235354127878]
     [0.22303067667430757, 0.5141968962647476, 0.26078196332474685]
     [0.22997368442829835, 0.5141968962647476, 0.21102297941799078]
     [0.24220256369940665, 0.5141968962647476, 0.21908235354127878]
     [0.24220256369940665, 0.5141968962647476, 0.21908235354127878]
     [0.24220256369940665, 0.5141968962647476, 0.21908235354127878]
     [0.22303067667430757, 0.5141968962647476, 0.26078196332474685]
     [0.24220256369940665, 0.5141968962647476, 0.21908235354127878]
     [0.24220256369940665, 0.5141968962647476, 0.21908235354127878]

Gen: 108
     [0.24220256369940665, 0.5141968962647476, 0.21908235354127878]
     [0.24220256369940665, 0.5141968962647476, 0.21908235354127878]
     [0.22303067667430757, 0.5141968962647476, 0.26078196332474685]
     [0.22997368442829835, 0.5141968962647476, 0.21102297941799078]
     [0.24220256369940665, 0.5141968962647476, 0.21908235354127878]
     [0.24220256369940665, 0.5141968962647476, 0.21908235354127878]
     [0.24220256369940665, 0.5141968962647476, 0.21908235354127878]
     [0.22303067667430757, 0.5141968962647476, 0.26078196332474685]
     [0.24220256369940665, 0.5141968962647476, 0.21908235354127878]
     [0.24220256369940665, 0.5141968962647476, 0.21908235354127878]

Gen: 109
     [0.24220256369940665, 0.5141968962647476, 0.21908235354127878]
     [0.24220256369940665, 0.5141968962647476, 0.21908235354127878]
     [0.22303067667430757, 0.5141968962647476, 0.26078196332474685]
     [0.22997368442829835, 0.5141968962647476, 0.21102297941799078]
     [0.24220256369940665, 0.5141968962647476, 0.21908235354127878]
     [0.24220256369940665, 0.5141968962647476, 0.21908235354127878]
     [0.24220256369940665, 0.5141968962647476, 0.21908235354127878]
     [0.22303067667430757, 0.5141968962647476, 0.26078196332474685]
     [0.24220256369940665, 0.5141968962647476, 0.21908235354127878]
     [0.24220256369940665, 0.5141968962647476, 0.21908235354127878]

Gen: 110
     [0.24220256369940665, 0.5141968962647476, 0.21908235354127878]
     [0.24220256369940665, 0.5141968962647476, 0.21908235354127878]
     [0.22303067667430757, 0.5141968962647476, 0.26078196332474685]
     [0.22997368442829835, 0.5141968962647476, 0.21102297941799078]
     [0.24220256369940665, 0.5141968962647476, 0.21908235354127878]
     [0.24220256369940665, 0.5141968962647476, 0.21908235354127878]
     [0.24220256369940665, 0.5141968962647476, 0.21908235354127878]
     [0.22303067667430757, 0.5141968962647476, 0.26078196332474685]
     [0.24220256369940665, 0.5141968962647476, 0.21908235354127878]
     [0.24220256369940665, 0.5141968962647476, 0.21908235354127878]

Gen: 111
     [0.24220256369940665, 0.5141968962647476, 0.21908235354127878]
     [0.24220256369940665, 0.5141968962647476, 0.21908235354127878]
     [0.22303067667430757, 0.5141968962647476, 0.26078196332474685]
     [0.22997368442829835, 0.5141968962647476, 0.21102297941799078]
     [0.24220256369940665, 0.5141968962647476, 0.21908235354127878]
     [0.24220256369940665, 0.5141968962647476, 0.21908235354127878]
     [0.24220256369940665, 0.5141968962647476, 0.21908235354127878]
     [0.22303067667430757, 0.5141968962647476, 0.26078196332474685]
     [0.24220256369940665, 0.5141968962647476, 0.21908235354127878]
     [0.24220256369940665, 0.5141968962647476, 0.21908235354127878]

Gen: 112
     [0.24220256369940665, 0.5141968962647476, 0.21908235354127878]
     [0.24220256369940665, 0.5141968962647476, 0.21908235354127878]
     [0.22303067667430757, 0.5141968962647476, 0.26078196332474685]
     [0.22997368442829835, 0.5141968962647476, 0.21102297941799078]
     [0.24220256369940665, 0.5141968962647476, 0.21908235354127878]
     [0.24220256369940665, 0.5141968962647476, 0.21908235354127878]
     [0.24220256369940665, 0.5141968962647476, 0.21908235354127878]
     [0.22303067667430757, 0.5141968962647476, 0.26078196332474685]
     [0.24220256369940665, 0.5141968962647476, 0.21908235354127878]
     [0.24220256369940665, 0.5141968962647476, 0.21908235354127878]

Gen: 113
     [0.24220256369940665, 0.5141968962647476, 0.21908235354127878]
     [0.24220256369940665, 0.5141968962647476, 0.21908235354127878]
     [0.22303067667430757, 0.5141968962647476, 0.26078196332474685]
     [0.22997368442829835, 0.5141968962647476, 0.21102297941799078]
     [0.24220256369940665, 0.5141968962647476, 0.21908235354127878]
     [0.24220256369940665, 0.5141968962647476, 0.21908235354127878]
     [0.24220256369940665, 0.5141968962647476, 0.21908235354127878]
     [0.22303067667430757, 0.5141968962647476, 0.26078196332474685]
     [0.24220256369940665, 0.5141968962647476, 0.21908235354127878]
     [0.24220256369940665, 0.5141968962647476, 0.21908235354127878]

Gen: 114
     [0.24220256369940665, 0.5141968962647476, 0.21908235354127878]
     [0.24220256369940665, 0.5141968962647476, 0.21908235354127878]
     [0.22303067667430757, 0.5141968962647476, 0.26078196332474685]
     [0.22997368442829835, 0.5141968962647476, 0.21102297941799078]
     [0.24220256369940665, 0.5141968962647476, 0.21908235354127878]
     [0.24220256369940665, 0.5141968962647476, 0.21908235354127878]
     [0.24220256369940665, 0.5141968962647476, 0.21908235354127878]
     [0.22303067667430757, 0.5141968962647476, 0.26078196332474685]
     [0.24220256369940665, 0.5141968962647476, 0.21908235354127878]
     [0.24220256369940665, 0.5141968962647476, 0.21908235354127878]

Gen: 115
     [0.24220256369940665, 0.5141968962647476, 0.21908235354127878]
     [0.24220256369940665, 0.5141968962647476, 0.21908235354127878]
     [0.22303067667430757, 0.5141968962647476, 0.26078196332474685]
     [0.22997368442829835, 0.5141968962647476, 0.21102297941799078]
     [0.24220256369940665, 0.5141968962647476, 0.21908235354127878]
     [0.24220256369940665, 0.5141968962647476, 0.21908235354127878]
     [0.24220256369940665, 0.5141968962647476, 0.21908235354127878]
     [0.22303067667430757, 0.5141968962647476, 0.26078196332474685]
     [0.24220256369940665, 0.5141968962647476, 0.21908235354127878]
     [0.24220256369940665, 0.5141968962647476, 0.21908235354127878]

Gen: 116
     [0.24220256369940665, 0.5141968962647476, 0.21908235354127878]
     [0.24220256369940665, 0.5141968962647476, 0.21908235354127878]
     [0.22303067667430757, 0.5141968962647476, 0.26078196332474685]
     [0.22997368442829835, 0.5141968962647476, 0.21102297941799078]
     [0.24220256369940665, 0.5141968962647476, 0.21908235354127878]
     [0.24220256369940665, 0.5141968962647476, 0.21908235354127878]
     [0.24220256369940665, 0.5141968962647476, 0.21908235354127878]
     [0.22303067667430757, 0.5141968962647476, 0.26078196332474685]
     [0.24220256369940665, 0.5141968962647476, 0.21908235354127878]
     [0.24220256369940665, 0.5141968962647476, 0.21908235354127878]

Gen: 117
     [0.24220256369940665, 0.5141968962647476, 0.21908235354127878]
     [0.24220256369940665, 0.5141968962647476, 0.21908235354127878]
     [0.22303067667430757, 0.5141968962647476, 0.26078196332474685]
     [0.22997368442829835, 0.5141968962647476, 0.21102297941799078]
     [0.24220256369940665, 0.5141968962647476, 0.21908235354127878]
     [0.24220256369940665, 0.5141968962647476, 0.21908235354127878]
     [0.24220256369940665, 0.5141968962647476, 0.21908235354127878]
     [0.22303067667430757, 0.5141968962647476, 0.26078196332474685]
     [0.24220256369940665, 0.5141968962647476, 0.21908235354127878]
     [0.24220256369940665, 0.5141968962647476, 0.21908235354127878]

