Gen: 2
     [0.15626337184424477, 0.48061868816717745, 0.04967662537167643]
     [0.13945793514952692, 0.47416442131676917, 0.04937971453529151]
     [0.148429328317406, 0.46127645570661674, 0.04778973549117228]
     [0.1825019017734037, 0.42691128982496557, 0.04548975227308912]
     [0.1457382446631484, 0.45942944116497664, 0.04769937132357687]
     [0.14699891242333477, 0.44680063349719246, 0.04519499296450409]
     [0.1430765047782057, 0.45252678993809003, 0.04375777239417711]
     [0.17142407169685733, 0.40941607190604495, 0.046003967417263]
     [0.1411212439975277, 0.44273226516382486, 0.042998283080815686]
     [0.20257824014643655, 0.3474526419712458, 0.03346271187170009]

Gen: 3
     [0.1825019017734037, 0.42691128982496557, 0.04548975227308912]
     [0.1457382446631484, 0.45942944116497664, 0.04769937132357687]
     [0.14865182094803403, 0.4560562742960571, 0.047619764794980916]
     [0.14061534255693434, 0.46283963059709166, 0.048441648414539164]
     [0.15751809656254456, 0.4462082724860651, 0.04550481296768836]
     [0.14699891242333477, 0.44680063349719246, 0.04519499296450409]
     [0.1430765047782057, 0.45252678993809003, 0.04375777239417711]
     [0.17142407169685733, 0.40941607190604495, 0.046003967417263]
     [0.1411212439975277, 0.44273226516382486, 0.042998283080815686]
     [0.20257824014643655, 0.3474526419712458, 0.03346271187170009]

Gen: 4
     [0.14061534255693434, 0.46283963059709166, 0.048441648414539164]
     [0.1625886256121333, 0.4462082724860651, 0.04396216753516672]
     [0.15751809656254456, 0.4462082724860651, 0.04550481296768836]
     [0.14699891242333477, 0.44680063349719246, 0.04519499296450409]
     [0.1430765047782057, 0.45252678993809003, 0.04375777239417711]
     [0.17142407169685733, 0.40941607190604495, 0.046003967417263]
     [0.1411212439975277, 0.44273226516382486, 0.042998283080815686]
     [0.20257824014643655, 0.3474526419712458, 0.03346271187170009]
     [0.20257824014643655, 0.3474526419712458, 0.03346271187170009]
     [0.15000720593828745, 0.3833192784713795, 0.038245558170857126]

Gen: 5
     [0.1625886256121333, 0.4462082724860651, 0.04396216753516672]
     [0.15751809656254456, 0.4462082724860651, 0.04550481296768836]
     [0.15343374102600676, 0.44680063349719246, 0.045496206856488794]
     [0.14699891242333477, 0.44680063349719246, 0.04519499296450409]
     [0.1430765047782057, 0.45252678993809003, 0.04375777239417711]
     [0.17142407169685733, 0.40941607190604495, 0.046003967417263]
     [0.1411212439975277, 0.44273226516382486, 0.042998283080815686]
     [0.20257824014643655, 0.3474526419712458, 0.03346271187170009]
     [0.20257824014643655, 0.3474526419712458, 0.03346271187170009]
     [0.15000720593828745, 0.3833192784713795, 0.038245558170857126]

Gen: 6
     [0.14699891242333477, 0.44680063349719246, 0.04519499296450409]
     [0.1430765047782057, 0.45252678993809003, 0.04375777239417711]
     [0.16063856499310608, 0.42900512145457537, 0.04226461210105296]
     [0.17142407169685733, 0.40941607190604495, 0.046003967417263]
     [0.1411212439975277, 0.44273226516382486, 0.042998283080815686]
     [0.15571438334997384, 0.41958904954853044, 0.041533092649090116]
     [0.20257824014643655, 0.3474526419712458, 0.03346271187170009]
     [0.20257824014643655, 0.3474526419712458, 0.03346271187170009]
     [0.15000720593828745, 0.3833192784713795, 0.038245558170857126]
     [0.15000720593828745, 0.3833192784713795, 0.038245558170857126]

Gen: 7
     [0.16063856499310608, 0.42900512145457537, 0.04226461210105296]
     [0.17142407169685733, 0.40941607190604495, 0.046003967417263]
     [0.1411212439975277, 0.44273226516382486, 0.042998283080815686]
     [0.15571438334997384, 0.41958904954853044, 0.041533092649090116]
     [0.15571438334997384, 0.41958904954853044, 0.041533092649090116]
     [0.20257824014643655, 0.3474526419712458, 0.03346271187170009]
     [0.20257824014643655, 0.3474526419712458, 0.03346271187170009]
     [0.20257824014643655, 0.3474526419712458, 0.03346271187170009]
     [0.15000720593828745, 0.3833192784713795, 0.038245558170857126]
     [0.15000720593828745, 0.3833192784713795, 0.038245558170857126]

Gen: 8
     [0.1625217663909095, 0.41537259096238094, 0.03997538652196925]
     [0.15571438334997384, 0.41958904954853044, 0.041533092649090116]
     [0.15571438334997384, 0.41958904954853044, 0.041533092649090116]
     [0.14760473125564588, 0.4134145087311545, 0.04112215083931099]
     [0.20257824014643655, 0.3474526419712458, 0.03346271187170009]
     [0.20257824014643655, 0.3474526419712458, 0.03346271187170009]
     [0.20257824014643655, 0.3474526419712458, 0.03346271187170009]
     [0.20257824014643655, 0.3474526419712458, 0.03346271187170009]
     [0.15000720593828745, 0.3833192784713795, 0.038245558170857126]
     [0.15000720593828745, 0.3833192784713795, 0.038245558170857126]

Gen: 9
     [0.15571438334997384, 0.41958904954853044, 0.041533092649090116]
     [0.1508069165121476, 0.4134145087311545, 0.04071120902953187]
     [0.14760473125564588, 0.4134145087311545, 0.04112215083931099]
     [0.20257824014643655, 0.3474526419712458, 0.03346271187170009]
     [0.20257824014643655, 0.3474526419712458, 0.03346271187170009]
     [0.20257824014643655, 0.3474526419712458, 0.03346271187170009]
     [0.20257824014643655, 0.3474526419712458, 0.03346271187170009]
     [0.15000720593828745, 0.3833192784713795, 0.038245558170857126]
     [0.15000720593828745, 0.3833192784713795, 0.038245558170857126]
     [0.15000720593828745, 0.3833192784713795, 0.038245558170857126]

Gen: 10
     [0.20257824014643655, 0.3474526419712458, 0.03346271187170009]
     [0.20257824014643655, 0.3474526419712458, 0.03346271187170009]
     [0.20257824014643655, 0.3474526419712458, 0.03346271187170009]
     [0.20257824014643655, 0.3474526419712458, 0.03346271187170009]
     [0.15000720593828745, 0.3833192784713795, 0.038245558170857126]
     [0.15000720593828745, 0.3833192784713795, 0.038245558170857126]
     [0.15000720593828745, 0.3833192784713795, 0.038245558170857126]
     [0.15000720593828745, 0.3833192784713795, 0.038245558170857126]
     [0.15000720593828745, 0.3833192784713795, 0.038245558170857126]
     [0.14921269552607808, 0.358041095045147, 0.03851449914584346]

Gen: 11
     [0.15000720593828745, 0.3833192784713795, 0.038245558170857126]
     [0.15000720593828745, 0.3833192784713795, 0.038245558170857126]
     [0.15000720593828745, 0.3833192784713795, 0.038245558170857126]
     [0.15000720593828745, 0.3833192784713795, 0.038245558170857126]
     [0.15000720593828745, 0.3833192784713795, 0.038245558170857126]
     [0.15000720593828745, 0.3833192784713795, 0.038245558170857126]
     [0.15000720593828745, 0.3833192784713795, 0.038245558170857126]
     [0.15000720593828745, 0.3833192784713795, 0.038245558170857126]
     [0.15000720593828745, 0.3833192784713795, 0.038245558170857126]
     [0.14921269552607808, 0.358041095045147, 0.03851449914584346]

Gen: 12
     [0.15000720593828745, 0.3833192784713795, 0.038245558170857126]
     [0.15000720593828745, 0.3833192784713795, 0.038245558170857126]
     [0.15000720593828745, 0.3833192784713795, 0.038245558170857126]
     [0.15000720593828745, 0.3833192784713795, 0.038245558170857126]
     [0.15000720593828745, 0.3833192784713795, 0.038245558170857126]
     [0.15000720593828745, 0.3833192784713795, 0.038245558170857126]
     [0.15000720593828745, 0.3833192784713795, 0.038245558170857126]
     [0.15000720593828745, 0.3833192784713795, 0.038245558170857126]
     [0.15000720593828745, 0.3833192784713795, 0.038245558170857126]
     [0.14921269552607808, 0.358041095045147, 0.03851449914584346]

Gen: 13
     [0.15000720593828745, 0.3833192784713795, 0.038245558170857126]
     [0.15000720593828745, 0.3833192784713795, 0.038245558170857126]
     [0.15000720593828745, 0.3833192784713795, 0.038245558170857126]
     [0.15000720593828745, 0.3833192784713795, 0.038245558170857126]
     [0.15000720593828745, 0.3833192784713795, 0.038245558170857126]
     [0.15000720593828745, 0.3833192784713795, 0.038245558170857126]
     [0.15000720593828745, 0.3833192784713795, 0.038245558170857126]
     [0.15000720593828745, 0.3833192784713795, 0.038245558170857126]
     [0.15000720593828745, 0.3833192784713795, 0.038245558170857126]
     [0.14921269552607808, 0.358041095045147, 0.03851449914584346]

Gen: 14
     [0.15000720593828745, 0.3833192784713795, 0.038245558170857126]
     [0.15000720593828745, 0.3833192784713795, 0.038245558170857126]
     [0.15000720593828745, 0.3833192784713795, 0.038245558170857126]
     [0.15000720593828745, 0.3833192784713795, 0.038245558170857126]
     [0.15000720593828745, 0.3833192784713795, 0.038245558170857126]
     [0.15000720593828745, 0.3833192784713795, 0.038245558170857126]
     [0.15000720593828745, 0.3833192784713795, 0.038245558170857126]
     [0.15000720593828745, 0.3833192784713795, 0.038245558170857126]
     [0.15000720593828745, 0.3833192784713795, 0.038245558170857126]
     [0.14921269552607808, 0.358041095045147, 0.03851449914584346]

Gen: 15
     [0.15000720593828745, 0.3833192784713795, 0.038245558170857126]
     [0.15000720593828745, 0.3833192784713795, 0.038245558170857126]
     [0.15000720593828745, 0.3833192784713795, 0.038245558170857126]
     [0.15000720593828745, 0.3833192784713795, 0.038245558170857126]
     [0.15000720593828745, 0.3833192784713795, 0.038245558170857126]
     [0.15000720593828745, 0.3833192784713795, 0.038245558170857126]
     [0.15000720593828745, 0.3833192784713795, 0.038245558170857126]
     [0.15000720593828745, 0.3833192784713795, 0.038245558170857126]
     [0.15000720593828745, 0.3833192784713795, 0.038245558170857126]
     [0.14921269552607808, 0.358041095045147, 0.03851449914584346]

Gen: 16
     [0.15000720593828745, 0.3833192784713795, 0.038245558170857126]
     [0.15000720593828745, 0.3833192784713795, 0.038245558170857126]
     [0.15000720593828745, 0.3833192784713795, 0.038245558170857126]
     [0.15000720593828745, 0.3833192784713795, 0.038245558170857126]
     [0.15000720593828745, 0.3833192784713795, 0.038245558170857126]
     [0.15000720593828745, 0.3833192784713795, 0.038245558170857126]
     [0.15000720593828745, 0.3833192784713795, 0.038245558170857126]
     [0.15000720593828745, 0.3833192784713795, 0.038245558170857126]
     [0.15000720593828745, 0.3833192784713795, 0.038245558170857126]
     [0.14921269552607808, 0.358041095045147, 0.03851449914584346]

Gen: 17
     [0.15000720593828745, 0.3833192784713795, 0.038245558170857126]
     [0.15000720593828745, 0.3833192784713795, 0.038245558170857126]
     [0.15000720593828745, 0.3833192784713795, 0.038245558170857126]
     [0.15000720593828745, 0.3833192784713795, 0.038245558170857126]
     [0.15000720593828745, 0.3833192784713795, 0.038245558170857126]
     [0.15000720593828745, 0.3833192784713795, 0.038245558170857126]
     [0.15000720593828745, 0.3833192784713795, 0.038245558170857126]
     [0.15000720593828745, 0.3833192784713795, 0.038245558170857126]
     [0.15000720593828745, 0.3833192784713795, 0.038245558170857126]
     [0.14921269552607808, 0.358041095045147, 0.03851449914584346]

Gen: 18
     [0.15000720593828745, 0.3833192784713795, 0.038245558170857126]
     [0.15000720593828745, 0.3833192784713795, 0.038245558170857126]
     [0.15000720593828745, 0.3833192784713795, 0.038245558170857126]
     [0.15000720593828745, 0.3833192784713795, 0.038245558170857126]
     [0.15000720593828745, 0.3833192784713795, 0.038245558170857126]
     [0.15000720593828745, 0.3833192784713795, 0.038245558170857126]
     [0.15000720593828745, 0.3833192784713795, 0.038245558170857126]
     [0.15000720593828745, 0.3833192784713795, 0.038245558170857126]
     [0.15000720593828745, 0.3833192784713795, 0.038245558170857126]
     [0.14921269552607808, 0.358041095045147, 0.03851449914584346]

Gen: 19
     [0.15000720593828745, 0.3833192784713795, 0.038245558170857126]
     [0.15000720593828745, 0.3833192784713795, 0.038245558170857126]
     [0.15000720593828745, 0.3833192784713795, 0.038245558170857126]
     [0.15000720593828745, 0.3833192784713795, 0.038245558170857126]
     [0.15000720593828745, 0.3833192784713795, 0.038245558170857126]
     [0.15000720593828745, 0.3833192784713795, 0.038245558170857126]
     [0.15000720593828745, 0.3833192784713795, 0.038245558170857126]
     [0.15000720593828745, 0.3833192784713795, 0.038245558170857126]
     [0.15000720593828745, 0.3833192784713795, 0.038245558170857126]
     [0.14921269552607808, 0.358041095045147, 0.03851449914584346]

Gen: 20
     [0.15000720593828745, 0.3833192784713795, 0.038245558170857126]
     [0.15000720593828745, 0.3833192784713795, 0.038245558170857126]
     [0.15000720593828745, 0.3833192784713795, 0.038245558170857126]
     [0.15000720593828745, 0.3833192784713795, 0.038245558170857126]
     [0.15000720593828745, 0.3833192784713795, 0.038245558170857126]
     [0.15000720593828745, 0.3833192784713795, 0.038245558170857126]
     [0.15000720593828745, 0.3833192784713795, 0.038245558170857126]
     [0.15000720593828745, 0.3833192784713795, 0.038245558170857126]
     [0.1511883855132411, 0.3833192784713795, 0.036885792601326205]
     [0.14921269552607808, 0.358041095045147, 0.03851449914584346]

Gen: 21
     [0.15000720593828745, 0.3833192784713795, 0.038245558170857126]
     [0.15000720593828745, 0.3833192784713795, 0.038245558170857126]
     [0.15000720593828745, 0.3833192784713795, 0.038245558170857126]
     [0.15000720593828745, 0.3833192784713795, 0.038245558170857126]
     [0.15000720593828745, 0.3833192784713795, 0.038245558170857126]
     [0.15000720593828745, 0.3833192784713795, 0.038245558170857126]
     [0.15000720593828745, 0.3833192784713795, 0.038245558170857126]
     [0.15000720593828745, 0.3833192784713795, 0.038245558170857126]
     [0.1511883855132411, 0.3833192784713795, 0.036885792601326205]
     [0.14921269552607808, 0.358041095045147, 0.03851449914584346]

Gen: 22
     [0.15000720593828745, 0.3833192784713795, 0.038245558170857126]
     [0.15000720593828745, 0.3833192784713795, 0.038245558170857126]
     [0.15000720593828745, 0.3833192784713795, 0.038245558170857126]
     [0.15000720593828745, 0.3833192784713795, 0.038245558170857126]
     [0.15000720593828745, 0.3833192784713795, 0.038245558170857126]
     [0.15000720593828745, 0.3833192784713795, 0.038245558170857126]
     [0.15000720593828745, 0.3833192784713795, 0.038245558170857126]
     [0.15000720593828745, 0.3833192784713795, 0.038245558170857126]
     [0.1511883855132411, 0.3833192784713795, 0.036885792601326205]
     [0.14921269552607808, 0.358041095045147, 0.03851449914584346]

Gen: 23
     [0.15000720593828745, 0.3833192784713795, 0.038245558170857126]
     [0.15000720593828745, 0.3833192784713795, 0.038245558170857126]
     [0.15000720593828745, 0.3833192784713795, 0.038245558170857126]
     [0.15000720593828745, 0.3833192784713795, 0.038245558170857126]
     [0.15000720593828745, 0.3833192784713795, 0.038245558170857126]
     [0.15000720593828745, 0.3833192784713795, 0.038245558170857126]
     [0.15000720593828745, 0.3833192784713795, 0.038245558170857126]
     [0.1511883855132411, 0.3833192784713795, 0.036885792601326205]
     [0.1511883855132411, 0.3833192784713795, 0.036885792601326205]
     [0.14921269552607808, 0.358041095045147, 0.03851449914584346]

Gen: 24
     [0.15000720593828745, 0.3833192784713795, 0.038245558170857126]
     [0.15000720593828745, 0.3833192784713795, 0.038245558170857126]
     [0.15000720593828745, 0.3833192784713795, 0.038245558170857126]
     [0.15000720593828745, 0.3833192784713795, 0.038245558170857126]
     [0.15000720593828745, 0.3833192784713795, 0.038245558170857126]
     [0.15000720593828745, 0.3833192784713795, 0.038245558170857126]
     [0.1511883855132411, 0.3833192784713795, 0.036885792601326205]
     [0.1511883855132411, 0.3833192784713795, 0.036885792601326205]
     [0.1511883855132411, 0.3833192784713795, 0.036885792601326205]
     [0.14921269552607808, 0.358041095045147, 0.03851449914584346]

Gen: 25
     [0.15000720593828745, 0.3833192784713795, 0.038245558170857126]
     [0.15000720593828745, 0.3833192784713795, 0.038245558170857126]
     [0.15000720593828745, 0.3833192784713795, 0.038245558170857126]
     [0.1511883855132411, 0.3833192784713795, 0.036885792601326205]
     [0.1511883855132411, 0.3833192784713795, 0.036885792601326205]
     [0.1511883855132411, 0.3833192784713795, 0.036885792601326205]
     [0.1511883855132411, 0.3833192784713795, 0.036885792601326205]
     [0.1511883855132411, 0.3833192784713795, 0.036885792601326205]
     [0.1511883855132411, 0.3833192784713795, 0.036885792601326205]
     [0.14921269552607808, 0.358041095045147, 0.03851449914584346]

Gen: 26
     [0.1511883855132411, 0.3833192784713795, 0.036885792601326205]
     [0.1511883855132411, 0.3833192784713795, 0.036885792601326205]
     [0.1511883855132411, 0.3833192784713795, 0.036885792601326205]
     [0.1511883855132411, 0.3833192784713795, 0.036885792601326205]
     [0.1511883855132411, 0.3833192784713795, 0.036885792601326205]
     [0.1511883855132411, 0.3833192784713795, 0.036885792601326205]
     [0.1511883855132411, 0.3833192784713795, 0.036885792601326205]
     [0.1511883855132411, 0.3833192784713795, 0.036885792601326205]
     [0.1511883855132411, 0.3833192784713795, 0.036885792601326205]
     [0.14921269552607808, 0.358041095045147, 0.03851449914584346]

Gen: 27
     [0.1511883855132411, 0.3833192784713795, 0.036885792601326205]
     [0.1511883855132411, 0.3833192784713795, 0.036885792601326205]
     [0.1511883855132411, 0.3833192784713795, 0.036885792601326205]
     [0.1511883855132411, 0.3833192784713795, 0.036885792601326205]
     [0.1511883855132411, 0.3833192784713795, 0.036885792601326205]
     [0.1511883855132411, 0.3833192784713795, 0.036885792601326205]
     [0.1511883855132411, 0.3833192784713795, 0.036885792601326205]
     [0.1511883855132411, 0.3833192784713795, 0.036885792601326205]
     [0.1511883855132411, 0.3833192784713795, 0.036885792601326205]
     [0.14921269552607808, 0.358041095045147, 0.03851449914584346]

Gen: 28
     [0.1511883855132411, 0.3833192784713795, 0.036885792601326205]
     [0.1511883855132411, 0.3833192784713795, 0.036885792601326205]
     [0.1511883855132411, 0.3833192784713795, 0.036885792601326205]
     [0.1511883855132411, 0.3833192784713795, 0.036885792601326205]
     [0.1511883855132411, 0.3833192784713795, 0.036885792601326205]
     [0.1511883855132411, 0.3833192784713795, 0.036885792601326205]
     [0.1511883855132411, 0.3833192784713795, 0.036885792601326205]
     [0.1511883855132411, 0.3833192784713795, 0.036885792601326205]
     [0.1511883855132411, 0.3833192784713795, 0.036885792601326205]
     [0.14921269552607808, 0.358041095045147, 0.03851449914584346]

Gen: 29
     [0.1511883855132411, 0.3833192784713795, 0.036885792601326205]
     [0.1511883855132411, 0.3833192784713795, 0.036885792601326205]
     [0.1511883855132411, 0.3833192784713795, 0.036885792601326205]
     [0.1511883855132411, 0.3833192784713795, 0.036885792601326205]
     [0.1511883855132411, 0.3833192784713795, 0.036885792601326205]
     [0.1511883855132411, 0.3833192784713795, 0.036885792601326205]
     [0.1511883855132411, 0.3833192784713795, 0.036885792601326205]
     [0.1511883855132411, 0.3833192784713795, 0.036885792601326205]
     [0.1511883855132411, 0.3833192784713795, 0.036885792601326205]
     [0.14921269552607808, 0.358041095045147, 0.03851449914584346]

Gen: 30
     [0.1511883855132411, 0.3833192784713795, 0.036885792601326205]
     [0.1511883855132411, 0.3833192784713795, 0.036885792601326205]
     [0.1511883855132411, 0.3833192784713795, 0.036885792601326205]
     [0.1511883855132411, 0.3833192784713795, 0.036885792601326205]
     [0.1511883855132411, 0.3833192784713795, 0.036885792601326205]
     [0.1511883855132411, 0.3833192784713795, 0.036885792601326205]
     [0.1511883855132411, 0.3833192784713795, 0.036885792601326205]
     [0.1511883855132411, 0.3833192784713795, 0.036885792601326205]
     [0.1511883855132411, 0.3833192784713795, 0.036885792601326205]
     [0.14921269552607808, 0.358041095045147, 0.03851449914584346]

Gen: 31
     [0.1511883855132411, 0.3833192784713795, 0.036885792601326205]
     [0.1511883855132411, 0.3833192784713795, 0.036885792601326205]
     [0.1511883855132411, 0.3833192784713795, 0.036885792601326205]
     [0.1511883855132411, 0.3833192784713795, 0.036885792601326205]
     [0.1511883855132411, 0.3833192784713795, 0.036885792601326205]
     [0.1511883855132411, 0.3833192784713795, 0.036885792601326205]
     [0.1511883855132411, 0.3833192784713795, 0.036885792601326205]
     [0.1511883855132411, 0.3833192784713795, 0.036885792601326205]
     [0.1511883855132411, 0.3833192784713795, 0.036885792601326205]
     [0.14921269552607808, 0.358041095045147, 0.03851449914584346]

Gen: 32
     [0.1511883855132411, 0.3833192784713795, 0.036885792601326205]
     [0.1511883855132411, 0.3833192784713795, 0.036885792601326205]
     [0.1511883855132411, 0.3833192784713795, 0.036885792601326205]
     [0.1511883855132411, 0.3833192784713795, 0.036885792601326205]
     [0.1511883855132411, 0.3833192784713795, 0.036885792601326205]
     [0.1511883855132411, 0.3833192784713795, 0.036885792601326205]
     [0.1511883855132411, 0.3833192784713795, 0.036885792601326205]
     [0.1511883855132411, 0.3833192784713795, 0.036885792601326205]
     [0.1511883855132411, 0.3833192784713795, 0.036885792601326205]
     [0.14921269552607808, 0.358041095045147, 0.03851449914584346]

Gen: 33
     [0.1511883855132411, 0.3833192784713795, 0.036885792601326205]
     [0.1511883855132411, 0.3833192784713795, 0.036885792601326205]
     [0.1511883855132411, 0.3833192784713795, 0.036885792601326205]
     [0.1511883855132411, 0.3833192784713795, 0.036885792601326205]
     [0.1511883855132411, 0.3833192784713795, 0.036885792601326205]
     [0.1511883855132411, 0.3833192784713795, 0.036885792601326205]
     [0.1511883855132411, 0.3833192784713795, 0.036885792601326205]
     [0.1511883855132411, 0.3833192784713795, 0.036885792601326205]
     [0.1511883855132411, 0.3833192784713795, 0.036885792601326205]
     [0.14921269552607808, 0.358041095045147, 0.03851449914584346]

Gen: 34
     [0.1511883855132411, 0.3833192784713795, 0.036885792601326205]
     [0.1511883855132411, 0.3833192784713795, 0.036885792601326205]
     [0.1511883855132411, 0.3833192784713795, 0.036885792601326205]
     [0.1511883855132411, 0.3833192784713795, 0.036885792601326205]
     [0.1511883855132411, 0.3833192784713795, 0.036885792601326205]
     [0.1511883855132411, 0.3833192784713795, 0.036885792601326205]
     [0.1511883855132411, 0.3833192784713795, 0.036885792601326205]
     [0.1511883855132411, 0.3833192784713795, 0.036885792601326205]
     [0.1511883855132411, 0.3833192784713795, 0.036885792601326205]
     [0.14921269552607808, 0.358041095045147, 0.03851449914584346]

Gen: 35
     [0.1511883855132411, 0.3833192784713795, 0.036885792601326205]
     [0.1511883855132411, 0.3833192784713795, 0.036885792601326205]
     [0.1511883855132411, 0.3833192784713795, 0.036885792601326205]
     [0.1511883855132411, 0.3833192784713795, 0.036885792601326205]
     [0.1511883855132411, 0.3833192784713795, 0.036885792601326205]
     [0.1511883855132411, 0.3833192784713795, 0.036885792601326205]
     [0.1511883855132411, 0.3833192784713795, 0.036885792601326205]
     [0.1511883855132411, 0.3833192784713795, 0.036885792601326205]
     [0.15722131590833452, 0.3716366029741459, 0.03661039704294019]
     [0.14921269552607808, 0.358041095045147, 0.03851449914584346]

Gen: 36
     [0.1511883855132411, 0.3833192784713795, 0.036885792601326205]
     [0.1511883855132411, 0.3833192784713795, 0.036885792601326205]
     [0.1511883855132411, 0.3833192784713795, 0.036885792601326205]
     [0.1511883855132411, 0.3833192784713795, 0.036885792601326205]
     [0.1511883855132411, 0.3833192784713795, 0.036885792601326205]
     [0.1511883855132411, 0.3833192784713795, 0.036885792601326205]
     [0.1511883855132411, 0.3833192784713795, 0.036885792601326205]
     [0.15722131590833452, 0.3716366029741459, 0.03661039704294019]
     [0.15722131590833452, 0.3716366029741459, 0.03661039704294019]
     [0.14921269552607808, 0.358041095045147, 0.03851449914584346]

Gen: 37
     [0.1511883855132411, 0.3833192784713795, 0.036885792601326205]
     [0.1511883855132411, 0.3833192784713795, 0.036885792601326205]
     [0.1511883855132411, 0.3833192784713795, 0.036885792601326205]
     [0.1511883855132411, 0.3833192784713795, 0.036885792601326205]
     [0.1511883855132411, 0.3833192784713795, 0.036885792601326205]
     [0.1511883855132411, 0.3833192784713795, 0.036885792601326205]
     [0.1511883855132411, 0.3833192784713795, 0.036885792601326205]
     [0.15722131590833452, 0.3716366029741459, 0.03661039704294019]
     [0.15722131590833452, 0.3716366029741459, 0.03661039704294019]
     [0.14921269552607808, 0.358041095045147, 0.03851449914584346]

Gen: 38
     [0.1511883855132411, 0.3833192784713795, 0.036885792601326205]
     [0.1511883855132411, 0.3833192784713795, 0.036885792601326205]
     [0.1511883855132411, 0.3833192784713795, 0.036885792601326205]
     [0.1511883855132411, 0.3833192784713795, 0.036885792601326205]
     [0.1511883855132411, 0.3833192784713795, 0.036885792601326205]
     [0.1511883855132411, 0.3833192784713795, 0.036885792601326205]
     [0.1511883855132411, 0.3833192784713795, 0.036885792601326205]
     [0.15722131590833452, 0.3716366029741459, 0.03661039704294019]
     [0.15722131590833452, 0.3716366029741459, 0.03661039704294019]
     [0.14921269552607808, 0.358041095045147, 0.03851449914584346]

Gen: 39
     [0.1511883855132411, 0.3833192784713795, 0.036885792601326205]
     [0.1511883855132411, 0.3833192784713795, 0.036885792601326205]
     [0.1511883855132411, 0.3833192784713795, 0.036885792601326205]
     [0.1511883855132411, 0.3833192784713795, 0.036885792601326205]
     [0.1511883855132411, 0.3833192784713795, 0.036885792601326205]
     [0.1511883855132411, 0.3833192784713795, 0.036885792601326205]
     [0.1511883855132411, 0.3833192784713795, 0.036885792601326205]
     [0.15722131590833452, 0.3716366029741459, 0.03661039704294019]
     [0.15722131590833452, 0.3716366029741459, 0.03661039704294019]
     [0.14921269552607808, 0.358041095045147, 0.03851449914584346]

Gen: 40
     [0.1511883855132411, 0.3833192784713795, 0.036885792601326205]
     [0.1511883855132411, 0.3833192784713795, 0.036885792601326205]
     [0.1511883855132411, 0.3833192784713795, 0.036885792601326205]
     [0.1511883855132411, 0.3833192784713795, 0.036885792601326205]
     [0.1511883855132411, 0.3833192784713795, 0.036885792601326205]
     [0.1511883855132411, 0.3833192784713795, 0.036885792601326205]
     [0.1511883855132411, 0.3833192784713795, 0.036885792601326205]
     [0.15722131590833452, 0.3716366029741459, 0.03661039704294019]
     [0.15722131590833452, 0.3716366029741459, 0.03661039704294019]
     [0.14921269552607808, 0.358041095045147, 0.03851449914584346]

Gen: 41
     [0.1511883855132411, 0.3833192784713795, 0.036885792601326205]
     [0.1511883855132411, 0.3833192784713795, 0.036885792601326205]
     [0.1511883855132411, 0.3833192784713795, 0.036885792601326205]
     [0.1511883855132411, 0.3833192784713795, 0.036885792601326205]
     [0.1511883855132411, 0.3833192784713795, 0.036885792601326205]
     [0.1511883855132411, 0.3833192784713795, 0.036885792601326205]
     [0.1511883855132411, 0.3833192784713795, 0.036885792601326205]
     [0.15722131590833452, 0.3716366029741459, 0.03661039704294019]
     [0.15722131590833452, 0.3716366029741459, 0.03661039704294019]
     [0.14921269552607808, 0.358041095045147, 0.03851449914584346]

Gen: 42
     [0.1511883855132411, 0.3833192784713795, 0.036885792601326205]
     [0.1511883855132411, 0.3833192784713795, 0.036885792601326205]
     [0.1511883855132411, 0.3833192784713795, 0.036885792601326205]
     [0.1511883855132411, 0.3833192784713795, 0.036885792601326205]
     [0.1511883855132411, 0.3833192784713795, 0.036885792601326205]
     [0.1511883855132411, 0.3833192784713795, 0.036885792601326205]
     [0.1511883855132411, 0.3833192784713795, 0.036885792601326205]
     [0.15722131590833452, 0.3716366029741459, 0.03661039704294019]
     [0.15722131590833452, 0.3716366029741459, 0.03661039704294019]
     [0.14921269552607808, 0.358041095045147, 0.03851449914584346]

Gen: 43
     [0.1511883855132411, 0.3833192784713795, 0.036885792601326205]
     [0.1511883855132411, 0.3833192784713795, 0.036885792601326205]
     [0.1511883855132411, 0.3833192784713795, 0.036885792601326205]
     [0.1511883855132411, 0.3833192784713795, 0.036885792601326205]
     [0.1511883855132411, 0.3833192784713795, 0.036885792601326205]
     [0.1511883855132411, 0.3833192784713795, 0.036885792601326205]
     [0.1511883855132411, 0.3833192784713795, 0.036885792601326205]
     [0.15722131590833452, 0.3716366029741459, 0.03661039704294019]
     [0.15722131590833452, 0.3716366029741459, 0.03661039704294019]
     [0.14921269552607808, 0.358041095045147, 0.03851449914584346]

Gen: 44
     [0.1511883855132411, 0.3833192784713795, 0.036885792601326205]
     [0.1511883855132411, 0.3833192784713795, 0.036885792601326205]
     [0.1511883855132411, 0.3833192784713795, 0.036885792601326205]
     [0.1511883855132411, 0.3833192784713795, 0.036885792601326205]
     [0.1511883855132411, 0.3833192784713795, 0.036885792601326205]
     [0.1511883855132411, 0.3833192784713795, 0.036885792601326205]
     [0.1511883855132411, 0.3833192784713795, 0.036885792601326205]
     [0.15722131590833452, 0.3716366029741459, 0.03661039704294019]
     [0.15722131590833452, 0.3716366029741459, 0.03661039704294019]
     [0.14921269552607808, 0.358041095045147, 0.03851449914584346]

Gen: 45
     [0.1511883855132411, 0.3833192784713795, 0.036885792601326205]
     [0.1511883855132411, 0.3833192784713795, 0.036885792601326205]
     [0.1511883855132411, 0.3833192784713795, 0.036885792601326205]
     [0.1511883855132411, 0.3833192784713795, 0.036885792601326205]
     [0.1511883855132411, 0.3833192784713795, 0.036885792601326205]
     [0.1511883855132411, 0.3833192784713795, 0.036885792601326205]
     [0.1511883855132411, 0.3833192784713795, 0.036885792601326205]
     [0.15722131590833452, 0.3716366029741459, 0.03661039704294019]
     [0.15722131590833452, 0.3716366029741459, 0.03661039704294019]
     [0.14921269552607808, 0.358041095045147, 0.03851449914584346]

Gen: 46
     [0.1511883855132411, 0.3833192784713795, 0.036885792601326205]
     [0.1511883855132411, 0.3833192784713795, 0.036885792601326205]
     [0.1511883855132411, 0.3833192784713795, 0.036885792601326205]
     [0.1511883855132411, 0.3833192784713795, 0.036885792601326205]
     [0.1511883855132411, 0.3833192784713795, 0.036885792601326205]
     [0.1511883855132411, 0.3833192784713795, 0.036885792601326205]
     [0.1511883855132411, 0.3833192784713795, 0.036885792601326205]
     [0.15722131590833452, 0.3716366029741459, 0.03661039704294019]
     [0.15722131590833452, 0.3716366029741459, 0.03661039704294019]
     [0.14921269552607808, 0.358041095045147, 0.03851449914584346]

Gen: 47
     [0.1511883855132411, 0.3833192784713795, 0.036885792601326205]
     [0.1511883855132411, 0.3833192784713795, 0.036885792601326205]
     [0.1511883855132411, 0.3833192784713795, 0.036885792601326205]
     [0.1511883855132411, 0.3833192784713795, 0.036885792601326205]
     [0.1511883855132411, 0.3833192784713795, 0.036885792601326205]
     [0.15722131590833452, 0.3716366029741459, 0.03661039704294019]
     [0.15722131590833452, 0.3716366029741459, 0.03661039704294019]
     [0.15722131590833452, 0.3716366029741459, 0.03661039704294019]
     [0.15722131590833452, 0.3716366029741459, 0.03661039704294019]
     [0.14921269552607808, 0.358041095045147, 0.03851449914584346]

Gen: 48
     [0.1511883855132411, 0.3833192784713795, 0.036885792601326205]
     [0.1511883855132411, 0.3833192784713795, 0.036885792601326205]
     [0.1511883855132411, 0.3833192784713795, 0.036885792601326205]
     [0.1511883855132411, 0.3833192784713795, 0.036885792601326205]
     [0.1511883855132411, 0.3833192784713795, 0.036885792601326205]
     [0.15722131590833452, 0.3716366029741459, 0.03661039704294019]
     [0.15722131590833452, 0.3716366029741459, 0.03661039704294019]
     [0.15722131590833452, 0.3716366029741459, 0.03661039704294019]
     [0.15722131590833452, 0.3716366029741459, 0.03661039704294019]
     [0.14921269552607808, 0.358041095045147, 0.03851449914584346]

Gen: 49
     [0.1511883855132411, 0.3833192784713795, 0.036885792601326205]
     [0.1511883855132411, 0.3833192784713795, 0.036885792601326205]
     [0.1511883855132411, 0.3833192784713795, 0.036885792601326205]
     [0.1511883855132411, 0.3833192784713795, 0.036885792601326205]
     [0.15722131590833452, 0.3716366029741459, 0.03661039704294019]
     [0.15722131590833452, 0.3716366029741459, 0.03661039704294019]
     [0.15722131590833452, 0.3716366029741459, 0.03661039704294019]
     [0.15722131590833452, 0.3716366029741459, 0.03661039704294019]
     [0.15722131590833452, 0.3716366029741459, 0.03661039704294019]
     [0.14921269552607808, 0.358041095045147, 0.03851449914584346]

Gen: 50
     [0.1511883855132411, 0.3833192784713795, 0.036885792601326205]
     [0.1511883855132411, 0.3833192784713795, 0.036885792601326205]
     [0.15722131590833452, 0.3716366029741459, 0.03661039704294019]
     [0.15722131590833452, 0.3716366029741459, 0.03661039704294019]
     [0.15722131590833452, 0.3716366029741459, 0.03661039704294019]
     [0.15722131590833452, 0.3716366029741459, 0.03661039704294019]
     [0.15722131590833452, 0.3716366029741459, 0.03661039704294019]
     [0.15722131590833452, 0.3716366029741459, 0.03661039704294019]
     [0.14921269552607808, 0.358041095045147, 0.03851449914584346]
     [0.14921269552607808, 0.358041095045147, 0.03851449914584346]

Gen: 51
     [0.15722131590833452, 0.3716366029741459, 0.03661039704294019]
     [0.15722131590833452, 0.3716366029741459, 0.03661039704294019]
     [0.15722131590833452, 0.3716366029741459, 0.03661039704294019]
     [0.15722131590833452, 0.3716366029741459, 0.03661039704294019]
     [0.15722131590833452, 0.3716366029741459, 0.03661039704294019]
     [0.15722131590833452, 0.3716366029741459, 0.03661039704294019]
     [0.15722131590833452, 0.3716366029741459, 0.03661039704294019]
     [0.15722131590833452, 0.3716366029741459, 0.03661039704294019]
     [0.14921269552607808, 0.358041095045147, 0.03851449914584346]
     [0.14921269552607808, 0.358041095045147, 0.03851449914584346]

