Gen: 1
     [0.2289883558176241, 1.0, 0.17902969247083775]
     [0.21734417344173443, 1.0, 0.18984623541887594]
     [0.24199946395068347, 1.0, 0.1778897136797455]
     [0.22326454033771106, 1.0, 0.18263520678685047]
     [0.21950028291491705, 1.0, 0.1834305408271474]

Gen: 2
     [0.2289883558176241, 1.0, 0.17902969247083775]
     [0.21734417344173443, 1.0, 0.18984623541887594]
     [0.24199946395068347, 1.0, 0.1778897136797455]
     [0.22326454033771106, 1.0, 0.18263520678685047]
     [0.21950028291491705, 1.0, 0.1834305408271474]

Gen: 3
     [0.2289883558176241, 1.0, 0.17902969247083775]
     [0.21734417344173443, 1.0, 0.18984623541887594]
     [0.24199946395068347, 1.0, 0.1778897136797455]
     [0.22326454033771106, 1.0, 0.18263520678685047]
     [0.21950028291491705, 1.0, 0.1834305408271474]

Gen: 4
     [0.2289883558176241, 1.0, 0.17902969247083775]
     [0.21734417344173443, 1.0, 0.18984623541887594]
     [0.24199946395068347, 1.0, 0.1778897136797455]
     [0.22326454033771106, 1.0, 0.18263520678685047]
     [0.21950028291491705, 1.0, 0.1834305408271474]

Gen: 5
     [0.2289883558176241, 1.0, 0.17902969247083775]
     [0.21734417344173443, 1.0, 0.18984623541887594]
     [0.24199946395068347, 1.0, 0.1778897136797455]
     [0.22326454033771106, 1.0, 0.18263520678685047]
     [0.21950028291491705, 1.0, 0.1834305408271474]

Gen: 6
     [0.2289883558176241, 1.0, 0.17902969247083775]
     [0.21734417344173443, 1.0, 0.18984623541887594]
     [0.24199946395068347, 1.0, 0.1778897136797455]
     [0.22326454033771106, 1.0, 0.18263520678685047]
     [0.21950028291491705, 1.0, 0.1834305408271474]

Gen: 7
     [0.2289883558176241, 1.0, 0.17902969247083775]
     [0.21734417344173443, 1.0, 0.18984623541887594]
     [0.24199946395068347, 1.0, 0.1778897136797455]
     [0.22326454033771106, 1.0, 0.18263520678685047]
     [0.21950028291491705, 1.0, 0.1834305408271474]

Gen: 8
     [0.2289883558176241, 1.0, 0.17902969247083775]
     [0.21734417344173443, 1.0, 0.18984623541887594]
     [0.24199946395068347, 1.0, 0.1778897136797455]
     [0.22326454033771106, 1.0, 0.18263520678685047]
     [0.21950028291491705, 1.0, 0.1834305408271474]

Gen: 9
     [0.2289883558176241, 1.0, 0.17902969247083775]
     [0.21734417344173443, 1.0, 0.18984623541887594]
     [0.24199946395068347, 1.0, 0.1778897136797455]
     [0.22326454033771106, 1.0, 0.18263520678685047]
     [0.21950028291491705, 1.0, 0.1834305408271474]

Gen: 10
     [0.2289883558176241, 1.0, 0.17902969247083775]
     [0.21734417344173443, 1.0, 0.18984623541887594]
     [0.24199946395068347, 1.0, 0.1778897136797455]
     [0.22326454033771106, 1.0, 0.18263520678685047]
     [0.21950028291491705, 1.0, 0.1834305408271474]

Gen: 11
     [0.2289883558176241, 1.0, 0.17902969247083775]
     [0.21734417344173443, 1.0, 0.18984623541887594]
     [0.24199946395068347, 1.0, 0.1778897136797455]
     [0.22326454033771106, 1.0, 0.18263520678685047]
     [0.21950028291491705, 1.0, 0.1834305408271474]

Gen: 12
     [0.2289883558176241, 1.0, 0.17902969247083775]
     [0.21734417344173443, 1.0, 0.18984623541887594]
     [0.24199946395068347, 1.0, 0.1778897136797455]
     [0.22326454033771106, 1.0, 0.18263520678685047]
     [0.21950028291491705, 1.0, 0.1834305408271474]

Gen: 13
     [0.2289883558176241, 1.0, 0.17902969247083775]
     [0.21734417344173443, 1.0, 0.18984623541887594]
     [0.24199946395068347, 1.0, 0.1778897136797455]
     [0.22326454033771106, 1.0, 0.18263520678685047]
     [0.21950028291491705, 1.0, 0.1834305408271474]

Gen: 14
     [0.2289883558176241, 1.0, 0.17902969247083775]
     [0.21734417344173443, 1.0, 0.18984623541887594]
     [0.24199946395068347, 1.0, 0.1778897136797455]
     [0.22326454033771106, 1.0, 0.18263520678685047]
     [0.21950028291491705, 1.0, 0.1834305408271474]

Gen: 15
     [0.2289883558176241, 1.0, 0.17902969247083775]
     [0.21734417344173443, 1.0, 0.18984623541887594]
     [0.24199946395068347, 1.0, 0.1778897136797455]
     [0.22326454033771106, 1.0, 0.18263520678685047]
     [0.21950028291491705, 1.0, 0.1834305408271474]

Gen: 16
     [0.2289883558176241, 1.0, 0.17902969247083775]
     [0.21734417344173443, 1.0, 0.18984623541887594]
     [0.24199946395068347, 1.0, 0.1778897136797455]
     [0.22326454033771106, 1.0, 0.18263520678685047]
     [0.21950028291491705, 1.0, 0.1834305408271474]

Gen: 17
     [0.2289883558176241, 1.0, 0.17902969247083775]
     [0.21734417344173443, 1.0, 0.18984623541887594]
     [0.24199946395068347, 1.0, 0.1778897136797455]
     [0.22326454033771106, 1.0, 0.18263520678685047]
     [0.21950028291491705, 1.0, 0.1834305408271474]

Gen: 18
     [0.2289883558176241, 1.0, 0.17902969247083775]
     [0.21734417344173443, 1.0, 0.18984623541887594]
     [0.24199946395068347, 1.0, 0.1778897136797455]
     [0.22326454033771106, 1.0, 0.18263520678685047]
     [0.21950028291491705, 1.0, 0.1834305408271474]

Gen: 19
     [0.2289883558176241, 1.0, 0.17902969247083775]
     [0.21734417344173443, 1.0, 0.18984623541887594]
     [0.24199946395068347, 1.0, 0.1778897136797455]
     [0.22326454033771106, 1.0, 0.18263520678685047]
     [0.21950028291491705, 1.0, 0.1834305408271474]

Gen: 20
     [0.2289883558176241, 1.0, 0.17902969247083775]
     [0.21734417344173443, 1.0, 0.18984623541887594]
     [0.24199946395068347, 1.0, 0.1778897136797455]
     [0.22326454033771106, 1.0, 0.18263520678685047]
     [0.21950028291491705, 1.0, 0.1834305408271474]

Gen: 21
     [0.2289883558176241, 1.0, 0.17902969247083775]
     [0.21734417344173443, 1.0, 0.18984623541887594]
     [0.24199946395068347, 1.0, 0.1778897136797455]
     [0.22326454033771106, 1.0, 0.18263520678685047]
     [0.21950028291491705, 1.0, 0.1834305408271474]

Gen: 22
     [0.2289883558176241, 1.0, 0.17902969247083775]
     [0.21734417344173443, 1.0, 0.18984623541887594]
     [0.24199946395068347, 1.0, 0.1778897136797455]
     [0.22326454033771106, 1.0, 0.18263520678685047]
     [0.21950028291491705, 1.0, 0.1834305408271474]

Gen: 23
     [0.2289883558176241, 1.0, 0.17902969247083775]
     [0.21734417344173443, 1.0, 0.18984623541887594]
     [0.24199946395068347, 1.0, 0.1778897136797455]
     [0.22326454033771106, 1.0, 0.18263520678685047]
     [0.21950028291491705, 1.0, 0.1834305408271474]

Gen: 24
     [0.2289883558176241, 1.0, 0.17902969247083775]
     [0.21734417344173443, 1.0, 0.18984623541887594]
     [0.24199946395068347, 1.0, 0.1778897136797455]
     [0.22326454033771106, 1.0, 0.18263520678685047]
     [0.21950028291491705, 1.0, 0.1834305408271474]

Gen: 25
     [0.2289883558176241, 1.0, 0.17902969247083775]
     [0.21734417344173443, 1.0, 0.18984623541887594]
     [0.24199946395068347, 1.0, 0.1778897136797455]
     [0.22326454033771106, 1.0, 0.18263520678685047]
     [0.21950028291491705, 1.0, 0.1834305408271474]

Gen: 26
     [0.2289883558176241, 1.0, 0.17902969247083775]
     [0.21734417344173443, 1.0, 0.18984623541887594]
     [0.24199946395068347, 1.0, 0.1778897136797455]
     [0.22326454033771106, 1.0, 0.18263520678685047]
     [0.21950028291491705, 1.0, 0.1834305408271474]

Gen: 27
     [0.2289883558176241, 1.0, 0.17902969247083775]
     [0.21734417344173443, 1.0, 0.18984623541887594]
     [0.24199946395068347, 1.0, 0.1778897136797455]
     [0.22326454033771106, 1.0, 0.18263520678685047]
     [0.21950028291491705, 1.0, 0.1834305408271474]

Gen: 28
     [0.2289883558176241, 1.0, 0.17902969247083775]
     [0.21734417344173443, 1.0, 0.18984623541887594]
     [0.24199946395068347, 1.0, 0.1778897136797455]
     [0.22326454033771106, 1.0, 0.18263520678685047]
     [0.21950028291491705, 1.0, 0.1834305408271474]

Gen: 29
     [0.2289883558176241, 1.0, 0.17902969247083775]
     [0.21734417344173443, 1.0, 0.18984623541887594]
     [0.24199946395068347, 1.0, 0.1778897136797455]
     [0.22326454033771106, 1.0, 0.18263520678685047]
     [0.21950028291491705, 1.0, 0.1834305408271474]

Gen: 30
     [0.2289883558176241, 1.0, 0.17902969247083775]
     [0.21734417344173443, 1.0, 0.18984623541887594]
     [0.24199946395068347, 1.0, 0.1778897136797455]
     [0.22326454033771106, 1.0, 0.18263520678685047]
     [0.21950028291491705, 1.0, 0.1834305408271474]

Gen: 31
     [0.2289883558176241, 1.0, 0.17902969247083775]
     [0.21734417344173443, 1.0, 0.18984623541887594]
     [0.24199946395068347, 1.0, 0.1778897136797455]
     [0.22326454033771106, 1.0, 0.18263520678685047]
     [0.21950028291491705, 1.0, 0.1834305408271474]

Gen: 32
     [0.2289883558176241, 1.0, 0.17902969247083775]
     [0.21734417344173443, 1.0, 0.18984623541887594]
     [0.24199946395068347, 1.0, 0.1778897136797455]
     [0.22326454033771106, 1.0, 0.18263520678685047]
     [0.21950028291491705, 1.0, 0.1834305408271474]

Gen: 33
     [0.2289883558176241, 1.0, 0.17902969247083775]
     [0.21734417344173443, 1.0, 0.18984623541887594]
     [0.24199946395068347, 1.0, 0.1778897136797455]
     [0.22326454033771106, 1.0, 0.18263520678685047]
     [0.21950028291491705, 1.0, 0.1834305408271474]

Gen: 34
     [0.2289883558176241, 1.0, 0.17902969247083775]
     [0.21734417344173443, 1.0, 0.18984623541887594]
     [0.24199946395068347, 1.0, 0.1778897136797455]
     [0.22326454033771106, 1.0, 0.18263520678685047]
     [0.21950028291491705, 1.0, 0.1834305408271474]

Gen: 35
     [0.2289883558176241, 1.0, 0.17902969247083775]
     [0.21734417344173443, 1.0, 0.18984623541887594]
     [0.24199946395068347, 1.0, 0.1778897136797455]
     [0.22326454033771106, 1.0, 0.18263520678685047]
     [0.21950028291491705, 1.0, 0.1834305408271474]

Gen: 36
     [0.2289883558176241, 1.0, 0.17902969247083775]
     [0.21734417344173443, 1.0, 0.18984623541887594]
     [0.24199946395068347, 1.0, 0.1778897136797455]
     [0.22326454033771106, 1.0, 0.18263520678685047]
     [0.21950028291491705, 1.0, 0.1834305408271474]

Gen: 37
     [0.2289883558176241, 1.0, 0.17902969247083775]
     [0.21734417344173443, 1.0, 0.18984623541887594]
     [0.24199946395068347, 1.0, 0.1778897136797455]
     [0.22326454033771106, 1.0, 0.18263520678685047]
     [0.21950028291491705, 1.0, 0.1834305408271474]

Gen: 38
     [0.2289883558176241, 1.0, 0.17902969247083775]
     [0.21734417344173443, 1.0, 0.18984623541887594]
     [0.24199946395068347, 1.0, 0.1778897136797455]
     [0.22326454033771106, 1.0, 0.18263520678685047]
     [0.21950028291491705, 1.0, 0.1834305408271474]

Gen: 39
     [0.2289883558176241, 1.0, 0.17902969247083775]
     [0.21734417344173443, 1.0, 0.18984623541887594]
     [0.24199946395068347, 1.0, 0.1778897136797455]
     [0.22326454033771106, 1.0, 0.18263520678685047]
     [0.21950028291491705, 1.0, 0.1834305408271474]

Gen: 40
     [0.2289883558176241, 1.0, 0.17902969247083775]
     [0.21734417344173443, 1.0, 0.18984623541887594]
     [0.24199946395068347, 1.0, 0.1778897136797455]
     [0.22326454033771106, 1.0, 0.18263520678685047]
     [0.21950028291491705, 1.0, 0.1834305408271474]

Gen: 41
     [0.2289883558176241, 1.0, 0.17902969247083775]
     [0.21734417344173443, 1.0, 0.18984623541887594]
     [0.24199946395068347, 1.0, 0.1778897136797455]
     [0.22326454033771106, 1.0, 0.18263520678685047]
     [0.21950028291491705, 1.0, 0.1834305408271474]

Gen: 42
     [0.2289883558176241, 1.0, 0.17902969247083775]
     [0.21734417344173443, 1.0, 0.18984623541887594]
     [0.24199946395068347, 1.0, 0.1778897136797455]
     [0.22326454033771106, 1.0, 0.18263520678685047]
     [0.21950028291491705, 1.0, 0.1834305408271474]

Gen: 43
     [0.2289883558176241, 1.0, 0.17902969247083775]
     [0.21734417344173443, 1.0, 0.18984623541887594]
     [0.24199946395068347, 1.0, 0.1778897136797455]
     [0.22326454033771106, 1.0, 0.18263520678685047]
     [0.21950028291491705, 1.0, 0.1834305408271474]

Gen: 44
     [0.2289883558176241, 1.0, 0.17902969247083775]
     [0.21734417344173443, 1.0, 0.18984623541887594]
     [0.24199946395068347, 1.0, 0.1778897136797455]
     [0.22326454033771106, 1.0, 0.18263520678685047]
     [0.21950028291491705, 1.0, 0.1834305408271474]

Gen: 45
     [0.2289883558176241, 1.0, 0.17902969247083775]
     [0.21734417344173443, 1.0, 0.18984623541887594]
     [0.24199946395068347, 1.0, 0.1778897136797455]
     [0.22326454033771106, 1.0, 0.18263520678685047]
     [0.21950028291491705, 1.0, 0.1834305408271474]

Gen: 46
     [0.2289883558176241, 1.0, 0.17902969247083775]
     [0.21734417344173443, 1.0, 0.18984623541887594]
     [0.24199946395068347, 1.0, 0.1778897136797455]
     [0.22326454033771106, 1.0, 0.18263520678685047]
     [0.21950028291491705, 1.0, 0.1834305408271474]

Gen: 47
     [0.2289883558176241, 1.0, 0.17902969247083775]
     [0.21734417344173443, 1.0, 0.18984623541887594]
     [0.24199946395068347, 1.0, 0.1778897136797455]
     [0.22326454033771106, 1.0, 0.18263520678685047]
     [0.21950028291491705, 1.0, 0.1834305408271474]

Gen: 48
     [0.2289883558176241, 1.0, 0.17902969247083775]
     [0.21734417344173443, 1.0, 0.18984623541887594]
     [0.24199946395068347, 1.0, 0.1778897136797455]
     [0.22326454033771106, 1.0, 0.18263520678685047]
     [0.21950028291491705, 1.0, 0.1834305408271474]

Gen: 49
     [0.2289883558176241, 1.0, 0.17902969247083775]
     [0.21734417344173443, 1.0, 0.18984623541887594]
     [0.24199946395068347, 1.0, 0.1778897136797455]
     [0.22326454033771106, 1.0, 0.18263520678685047]
     [0.21950028291491705, 1.0, 0.1834305408271474]

Gen: 50
     [0.2289883558176241, 1.0, 0.17902969247083775]
     [0.21734417344173443, 1.0, 0.18984623541887594]
     [0.24199946395068347, 1.0, 0.1778897136797455]
     [0.22326454033771106, 1.0, 0.18263520678685047]
     [0.21950028291491705, 1.0, 0.1834305408271474]

Gen: 51
     [0.2289883558176241, 1.0, 0.17902969247083775]
     [0.21734417344173443, 1.0, 0.18984623541887594]
     [0.24199946395068347, 1.0, 0.1778897136797455]
     [0.22326454033771106, 1.0, 0.18263520678685047]
     [0.21950028291491705, 1.0, 0.1834305408271474]

Gen: 52
     [0.2289883558176241, 1.0, 0.17902969247083775]
     [0.21734417344173443, 1.0, 0.18984623541887594]
     [0.24199946395068347, 1.0, 0.1778897136797455]
     [0.22326454033771106, 1.0, 0.18263520678685047]
     [0.21950028291491705, 1.0, 0.1834305408271474]

Gen: 53
     [0.2289883558176241, 1.0, 0.17902969247083775]
     [0.21734417344173443, 1.0, 0.18984623541887594]
     [0.24199946395068347, 1.0, 0.1778897136797455]
     [0.22326454033771106, 1.0, 0.18263520678685047]
     [0.21950028291491705, 1.0, 0.1834305408271474]

Gen: 54
     [0.2289883558176241, 1.0, 0.17902969247083775]
     [0.21734417344173443, 1.0, 0.18984623541887594]
     [0.24199946395068347, 1.0, 0.1778897136797455]
     [0.22326454033771106, 1.0, 0.18263520678685047]
     [0.21950028291491705, 1.0, 0.1834305408271474]

Gen: 55
     [0.2289883558176241, 1.0, 0.17902969247083775]
     [0.21734417344173443, 1.0, 0.18984623541887594]
     [0.24199946395068347, 1.0, 0.1778897136797455]
     [0.22326454033771106, 1.0, 0.18263520678685047]
     [0.21950028291491705, 1.0, 0.1834305408271474]

Gen: 56
     [0.2289883558176241, 1.0, 0.17902969247083775]
     [0.21734417344173443, 1.0, 0.18984623541887594]
     [0.24199946395068347, 1.0, 0.1778897136797455]
     [0.22326454033771106, 1.0, 0.18263520678685047]
     [0.21950028291491705, 1.0, 0.1834305408271474]

Gen: 57
     [0.2289883558176241, 1.0, 0.17902969247083775]
     [0.21734417344173443, 1.0, 0.18984623541887594]
     [0.24199946395068347, 1.0, 0.1778897136797455]
     [0.22326454033771106, 1.0, 0.18263520678685047]
     [0.21950028291491705, 1.0, 0.1834305408271474]

Gen: 58
     [0.2289883558176241, 1.0, 0.17902969247083775]
     [0.21734417344173443, 1.0, 0.18984623541887594]
     [0.24199946395068347, 1.0, 0.1778897136797455]
     [0.22326454033771106, 1.0, 0.18263520678685047]
     [0.21950028291491705, 1.0, 0.1834305408271474]

Gen: 59
     [0.2289883558176241, 1.0, 0.17902969247083775]
     [0.21734417344173443, 1.0, 0.18984623541887594]
     [0.24199946395068347, 1.0, 0.1778897136797455]
     [0.22326454033771106, 1.0, 0.18263520678685047]
     [0.21950028291491705, 1.0, 0.1834305408271474]

Gen: 60
     [0.2289883558176241, 1.0, 0.17902969247083775]
     [0.21734417344173443, 1.0, 0.18984623541887594]
     [0.24199946395068347, 1.0, 0.1778897136797455]
     [0.22326454033771106, 1.0, 0.18263520678685047]
     [0.21950028291491705, 1.0, 0.1834305408271474]

Gen: 61
     [0.2289883558176241, 1.0, 0.17902969247083775]
     [0.21734417344173443, 1.0, 0.18984623541887594]
     [0.24199946395068347, 1.0, 0.1778897136797455]
     [0.22326454033771106, 1.0, 0.18263520678685047]
     [0.21950028291491705, 1.0, 0.1834305408271474]

Gen: 62
     [0.2289883558176241, 1.0, 0.17902969247083775]
     [0.21734417344173443, 1.0, 0.18984623541887594]
     [0.24199946395068347, 1.0, 0.1778897136797455]
     [0.22326454033771106, 1.0, 0.18263520678685047]
     [0.21950028291491705, 1.0, 0.1834305408271474]

Gen: 63
     [0.2289883558176241, 1.0, 0.17902969247083775]
     [0.21734417344173443, 1.0, 0.18984623541887594]
     [0.24199946395068347, 1.0, 0.1778897136797455]
     [0.22326454033771106, 1.0, 0.18263520678685047]
     [0.21950028291491705, 1.0, 0.1834305408271474]

Gen: 64
     [0.2289883558176241, 1.0, 0.17902969247083775]
     [0.21734417344173443, 1.0, 0.18984623541887594]
     [0.24199946395068347, 1.0, 0.1778897136797455]
     [0.22326454033771106, 1.0, 0.18263520678685047]
     [0.21950028291491705, 1.0, 0.1834305408271474]

Gen: 65
     [0.2289883558176241, 1.0, 0.17902969247083775]
     [0.21734417344173443, 1.0, 0.18984623541887594]
     [0.24199946395068347, 1.0, 0.1778897136797455]
     [0.22326454033771106, 1.0, 0.18263520678685047]
     [0.21950028291491705, 1.0, 0.1834305408271474]

Gen: 66
     [0.2289883558176241, 1.0, 0.17902969247083775]
     [0.21734417344173443, 1.0, 0.18984623541887594]
     [0.24199946395068347, 1.0, 0.1778897136797455]
     [0.22326454033771106, 1.0, 0.18263520678685047]
     [0.21950028291491705, 1.0, 0.1834305408271474]

Gen: 67
     [0.2289883558176241, 1.0, 0.17902969247083775]
     [0.21734417344173443, 1.0, 0.18984623541887594]
     [0.24199946395068347, 1.0, 0.1778897136797455]
     [0.22326454033771106, 1.0, 0.18263520678685047]
     [0.21950028291491705, 1.0, 0.1834305408271474]

Gen: 68
     [0.2289883558176241, 1.0, 0.17902969247083775]
     [0.21734417344173443, 1.0, 0.18984623541887594]
     [0.24199946395068347, 1.0, 0.1778897136797455]
     [0.22326454033771106, 1.0, 0.18263520678685047]
     [0.21950028291491705, 1.0, 0.1834305408271474]

Gen: 69
     [0.2289883558176241, 1.0, 0.17902969247083775]
     [0.21734417344173443, 1.0, 0.18984623541887594]
     [0.24199946395068347, 1.0, 0.1778897136797455]
     [0.22326454033771106, 1.0, 0.18263520678685047]
     [0.21950028291491705, 1.0, 0.1834305408271474]

Gen: 70
     [0.2289883558176241, 1.0, 0.17902969247083775]
     [0.21734417344173443, 1.0, 0.18984623541887594]
     [0.24199946395068347, 1.0, 0.1778897136797455]
     [0.22326454033771106, 1.0, 0.18263520678685047]
     [0.21950028291491705, 1.0, 0.1834305408271474]

Gen: 71
     [0.2289883558176241, 1.0, 0.17902969247083775]
     [0.21734417344173443, 1.0, 0.18984623541887594]
     [0.24199946395068347, 1.0, 0.1778897136797455]
     [0.22326454033771106, 1.0, 0.18263520678685047]
     [0.21950028291491705, 1.0, 0.1834305408271474]

Gen: 72
     [0.2289883558176241, 1.0, 0.17902969247083775]
     [0.21734417344173443, 1.0, 0.18984623541887594]
     [0.24199946395068347, 1.0, 0.1778897136797455]
     [0.22326454033771106, 1.0, 0.18263520678685047]
     [0.21950028291491705, 1.0, 0.1834305408271474]

Gen: 73
     [0.2289883558176241, 1.0, 0.17902969247083775]
     [0.21734417344173443, 1.0, 0.18984623541887594]
     [0.24199946395068347, 1.0, 0.1778897136797455]
     [0.22326454033771106, 1.0, 0.18263520678685047]
     [0.21950028291491705, 1.0, 0.1834305408271474]

Gen: 74
     [0.2289883558176241, 1.0, 0.17902969247083775]
     [0.21734417344173443, 1.0, 0.18984623541887594]
     [0.24199946395068347, 1.0, 0.1778897136797455]
     [0.22326454033771106, 1.0, 0.18263520678685047]
     [0.21950028291491705, 1.0, 0.1834305408271474]

Gen: 75
     [0.2289883558176241, 1.0, 0.17902969247083775]
     [0.21734417344173443, 1.0, 0.18984623541887594]
     [0.24199946395068347, 1.0, 0.1778897136797455]
     [0.22326454033771106, 1.0, 0.18263520678685047]
     [0.21950028291491705, 1.0, 0.1834305408271474]

Gen: 76
     [0.2289883558176241, 1.0, 0.17902969247083775]
     [0.21734417344173443, 1.0, 0.18984623541887594]
     [0.24199946395068347, 1.0, 0.1778897136797455]
     [0.22326454033771106, 1.0, 0.18263520678685047]
     [0.21950028291491705, 1.0, 0.1834305408271474]

Gen: 77
     [0.2289883558176241, 1.0, 0.17902969247083775]
     [0.21734417344173443, 1.0, 0.18984623541887594]
     [0.24199946395068347, 1.0, 0.1778897136797455]
     [0.22326454033771106, 1.0, 0.18263520678685047]
     [0.21950028291491705, 1.0, 0.1834305408271474]

Gen: 78
     [0.2289883558176241, 1.0, 0.17902969247083775]
     [0.21734417344173443, 1.0, 0.18984623541887594]
     [0.24199946395068347, 1.0, 0.1778897136797455]
     [0.22326454033771106, 1.0, 0.18263520678685047]
     [0.21950028291491705, 1.0, 0.1834305408271474]

Gen: 79
     [0.2289883558176241, 1.0, 0.17902969247083775]
     [0.21734417344173443, 1.0, 0.18984623541887594]
     [0.24199946395068347, 1.0, 0.1778897136797455]
     [0.22326454033771106, 1.0, 0.18263520678685047]
     [0.21950028291491705, 1.0, 0.1834305408271474]

Gen: 80
     [0.2289883558176241, 1.0, 0.17902969247083775]
     [0.21734417344173443, 1.0, 0.18984623541887594]
     [0.24199946395068347, 1.0, 0.1778897136797455]
     [0.22326454033771106, 1.0, 0.18263520678685047]
     [0.21950028291491705, 1.0, 0.1834305408271474]

Gen: 81
     [0.2289883558176241, 1.0, 0.17902969247083775]
     [0.21734417344173443, 1.0, 0.18984623541887594]
     [0.24199946395068347, 1.0, 0.1778897136797455]
     [0.22326454033771106, 1.0, 0.18263520678685047]
     [0.21950028291491705, 1.0, 0.1834305408271474]

Gen: 82
     [0.2289883558176241, 1.0, 0.17902969247083775]
     [0.21734417344173443, 1.0, 0.18984623541887594]
     [0.24199946395068347, 1.0, 0.1778897136797455]
     [0.22326454033771106, 1.0, 0.18263520678685047]
     [0.21950028291491705, 1.0, 0.1834305408271474]

Gen: 83
     [0.2289883558176241, 1.0, 0.17902969247083775]
     [0.21734417344173443, 1.0, 0.18984623541887594]
     [0.24199946395068347, 1.0, 0.1778897136797455]
     [0.22326454033771106, 1.0, 0.18263520678685047]
     [0.21950028291491705, 1.0, 0.1834305408271474]

Gen: 84
     [0.2289883558176241, 1.0, 0.17902969247083775]
     [0.21734417344173443, 1.0, 0.18984623541887594]
     [0.24199946395068347, 1.0, 0.1778897136797455]
     [0.22326454033771106, 1.0, 0.18263520678685047]
     [0.21950028291491705, 1.0, 0.1834305408271474]

Gen: 85
     [0.2289883558176241, 1.0, 0.17902969247083775]
     [0.21734417344173443, 1.0, 0.18984623541887594]
     [0.24199946395068347, 1.0, 0.1778897136797455]
     [0.22326454033771106, 1.0, 0.18263520678685047]
     [0.21950028291491705, 1.0, 0.1834305408271474]

Gen: 86
     [0.2289883558176241, 1.0, 0.17902969247083775]
     [0.21734417344173443, 1.0, 0.18984623541887594]
     [0.24199946395068347, 1.0, 0.1778897136797455]
     [0.22326454033771106, 1.0, 0.18263520678685047]
     [0.21950028291491705, 1.0, 0.1834305408271474]

