Gen: 2
     [0.10212562444119283, 0.5626523376911146, 0.12165451780734114]
     [0.10812264658418505, 0.8093978506536672, 0.10835782425180528]
     [0.10989614218808233, 0.6623365832040771, 0.0818599005816451]

Gen: 3
     [0.13995652549078647, 0.5947817416352759, 0.10689859736930032]
     [0.10212562444119283, 0.5626523376911146, 0.12165451780734114]
     [0.10812264658418505, 0.8093978506536672, 0.10835782425180528]
     [0.10989614218808233, 0.6623365832040771, 0.0818599005816451]

Gen: 4
     [0.13995652549078647, 0.5947817416352759, 0.10689859736930032]
     [0.10212562444119283, 0.5626523376911146, 0.12165451780734114]
     [0.10812264658418505, 0.8093978506536672, 0.10835782425180528]
     [0.14394780855794245, 0.6294039441613117, 0.10145718123734257]
     [0.10989614218808233, 0.6623365832040771, 0.0818599005816451]

Gen: 5
     [0.13995652549078647, 0.5947817416352759, 0.10689859736930032]
     [0.10212562444119283, 0.5626523376911146, 0.12165451780734114]
     [0.0965150627791741, 0.7934439397296699, 0.14310651674360567]
     [0.10555144514188883, 0.7100182805229337, 0.10875331564986737]
     [0.10812264658418505, 0.8093978506536672, 0.10835782425180528]
     [0.14394780855794245, 0.6294039441613117, 0.10145718123734257]
     [0.10989614218808233, 0.6623365832040771, 0.0818599005816451]

Gen: 6
     [0.13995652549078647, 0.5947817416352759, 0.10689859736930032]
     [0.10212562444119283, 0.5626523376911146, 0.12165451780734114]
     [0.0965150627791741, 0.7934439397296699, 0.14310651674360567]
     [0.10555144514188883, 0.7100182805229337, 0.10875331564986737]
     [0.10812264658418505, 0.8093978506536672, 0.10835782425180528]
     [0.14394780855794245, 0.6294039441613117, 0.10145718123734257]
     [0.10989614218808233, 0.6623365832040771, 0.0818599005816451]

Gen: 7
     [0.13995652549078647, 0.5947817416352759, 0.10689859736930032]
     [0.10212562444119283, 0.5626523376911146, 0.12165451780734114]
     [0.10797301936708605, 0.6947983602924883, 0.11932930113942436]
     [0.0965150627791741, 0.7934439397296699, 0.14310651674360567]
     [0.10555144514188883, 0.7100182805229337, 0.10875331564986737]
     [0.10812264658418505, 0.8093978506536672, 0.10835782425180528]
     [0.14394780855794245, 0.6294039441613117, 0.10145718123734257]
     [0.10989614218808233, 0.6623365832040771, 0.0818599005816451]

Gen: 8
     [0.13995652549078647, 0.5947817416352759, 0.10689859736930032]
     [0.10212562444119283, 0.5626523376911146, 0.12165451780734114]
     [0.10797301936708605, 0.6947983602924883, 0.11932930113942436]
     [0.0965150627791741, 0.7934439397296699, 0.14310651674360567]
     [0.10555144514188883, 0.7100182805229337, 0.10875331564986737]
     [0.10812264658418505, 0.8093978506536672, 0.10835782425180528]
     [0.12795605549609226, 0.612466762685575, 0.11553803877179464]
     [0.14394780855794245, 0.6294039441613117, 0.10145718123734257]
     [0.10989614218808233, 0.6623365832040771, 0.0818599005816451]

Gen: 9
     [0.09274592564169881, 0.784525260358963, 0.1275937075954805]
     [0.13995652549078647, 0.5947817416352759, 0.10689859736930032]
     [0.10212562444119283, 0.5626523376911146, 0.12165451780734114]
     [0.10797301936708605, 0.6947983602924883, 0.11932930113942436]
     [0.10555144514188883, 0.7100182805229337, 0.10875331564986737]
     [0.10812264658418505, 0.8093978506536672, 0.10835782425180528]
     [0.12795605549609226, 0.612466762685575, 0.11553803877179464]
     [0.14394780855794245, 0.6294039441613117, 0.10145718123734257]
     [0.10989614218808233, 0.6623365832040771, 0.0818599005816451]

Gen: 10
     [0.15805132121750656, 0.5537752049634389, 0.08271225273264099]
     [0.09274592564169881, 0.784525260358963, 0.1275937075954805]
     [0.13995652549078647, 0.5947817416352759, 0.10689859736930032]
     [0.10212562444119283, 0.5626523376911146, 0.12165451780734114]
     [0.10797301936708605, 0.6947983602924883, 0.11932930113942436]
     [0.10555144514188883, 0.7100182805229337, 0.10875331564986737]
     [0.10812264658418505, 0.8093978506536672, 0.10835782425180528]
     [0.12795605549609226, 0.612466762685575, 0.11553803877179464]
     [0.14394780855794245, 0.6294039441613117, 0.10145718123734257]
     [0.10989614218808233, 0.6623365832040771, 0.0818599005816451]

Gen: 11
     [0.15805132121750656, 0.5537752049634389, 0.08271225273264099]
     [0.09274592564169881, 0.784525260358963, 0.1275937075954805]
     [0.13995652549078647, 0.5947817416352759, 0.10689859736930032]
     [0.10212562444119283, 0.5626523376911146, 0.12165451780734114]
     [0.10797301936708605, 0.6947983602924883, 0.11932930113942436]
     [0.10555144514188883, 0.7100182805229337, 0.10875331564986737]
     [0.10812264658418505, 0.8093978506536672, 0.10835782425180528]
     [0.12795605549609226, 0.612466762685575, 0.11553803877179464]
     [0.14394780855794245, 0.6294039441613117, 0.10145718123734257]
     [0.10989614218808233, 0.6623365832040771, 0.0818599005816451]

Gen: 12
     [0.15805132121750656, 0.5537752049634389, 0.08271225273264099]
     [0.09274592564169881, 0.784525260358963, 0.1275937075954805]
     [0.13995652549078647, 0.5947817416352759, 0.10689859736930032]
     [0.10212562444119283, 0.5626523376911146, 0.12165451780734114]
     [0.10797301936708605, 0.6947983602924883, 0.11932930113942436]
     [0.10555144514188883, 0.7100182805229337, 0.10875331564986737]
     [0.10812264658418505, 0.8093978506536672, 0.10835782425180528]
     [0.12795605549609226, 0.612466762685575, 0.11553803877179464]
     [0.14394780855794245, 0.6294039441613117, 0.10145718123734257]
     [0.10989614218808233, 0.6623365832040771, 0.0818599005816451]

Gen: 13
     [0.15805132121750656, 0.5537752049634389, 0.08271225273264099]
     [0.09274592564169881, 0.784525260358963, 0.1275937075954805]
     [0.13995652549078647, 0.5947817416352759, 0.10689859736930032]
     [0.10212562444119283, 0.5626523376911146, 0.12165451780734114]
     [0.10797301936708605, 0.6947983602924883, 0.11932930113942436]
     [0.10555144514188883, 0.7100182805229337, 0.10875331564986737]
     [0.10812264658418505, 0.8093978506536672, 0.10835782425180528]
     [0.12795605549609226, 0.612466762685575, 0.11553803877179464]
     [0.13576971728717593, 0.6213300465322402, 0.07911191724683436]
     [0.10989614218808233, 0.6623365832040771, 0.0818599005816451]

Gen: 14
     [0.15805132121750656, 0.5537752049634389, 0.08271225273264099]
     [0.09274592564169881, 0.784525260358963, 0.1275937075954805]
     [0.11728754312109524, 0.5852260137380899, 0.09167217854390977]
     [0.10212562444119283, 0.5626523376911146, 0.12165451780734114]
     [0.10243681233442326, 0.6047252382007534, 0.10455974306696761]
     [0.13576971728717593, 0.6213300465322402, 0.07911191724683436]
     [0.10989614218808233, 0.6623365832040771, 0.0818599005816451]

Gen: 15
     [0.15805132121750656, 0.5537752049634389, 0.08271225273264099]
     [0.09274592564169881, 0.784525260358963, 0.1275937075954805]
     [0.11728754312109524, 0.5852260137380899, 0.09167217854390977]
     [0.10944450666162402, 0.7152947041879016, 0.0904857043497235]
     [0.10212562444119283, 0.5626523376911146, 0.12165451780734114]
     [0.10243681233442326, 0.6047252382007534, 0.10455974306696761]
     [0.13576971728717593, 0.6213300465322402, 0.07911191724683436]
     [0.10989614218808233, 0.6623365832040771, 0.0818599005816451]

Gen: 16
     [0.15805132121750656, 0.5537752049634389, 0.08271225273264099]
     [0.09274592564169881, 0.784525260358963, 0.1275937075954805]
     [0.11728754312109524, 0.5852260137380899, 0.09167217854390977]
     [0.10944450666162402, 0.7152947041879016, 0.0904857043497235]
     [0.10212562444119283, 0.5626523376911146, 0.12165451780734114]
     [0.12798634812286688, 0.547293928650565, 0.08938105596203283]
     [0.10243681233442326, 0.6047252382007534, 0.10455974306696761]
     [0.13576971728717593, 0.6213300465322402, 0.07911191724683436]
     [0.10989614218808233, 0.6623365832040771, 0.0818599005816451]

Gen: 17
     [0.15805132121750656, 0.5537752049634389, 0.08271225273264099]
     [0.09274592564169881, 0.784525260358963, 0.1275937075954805]
     [0.11728754312109524, 0.5852260137380899, 0.09167217854390977]
     [0.10944450666162402, 0.7152947041879016, 0.0904857043497235]
     [0.10212562444119283, 0.5626523376911146, 0.12165451780734114]
     [0.12798634812286688, 0.547293928650565, 0.08938105596203283]
     [0.10243681233442326, 0.6047252382007534, 0.10455974306696761]
     [0.13576971728717593, 0.6213300465322402, 0.07911191724683436]
     [0.10989614218808233, 0.6623365832040771, 0.0818599005816451]

Gen: 18
     [0.15805132121750656, 0.5537752049634389, 0.08271225273264099]
     [0.09274592564169881, 0.784525260358963, 0.1275937075954805]
     [0.11728754312109524, 0.5852260137380899, 0.09167217854390977]
     [0.10944450666162402, 0.7152947041879016, 0.0904857043497235]
     [0.10212562444119283, 0.5626523376911146, 0.12165451780734114]
     [0.12798634812286688, 0.547293928650565, 0.08938105596203283]
     [0.09688224613401825, 0.8137463992909373, 0.12603219845485603]
     [0.10243681233442326, 0.6047252382007534, 0.10455974306696761]
     [0.13576971728717593, 0.6213300465322402, 0.07911191724683436]
     [0.09908718217985742, 0.7645274761799247, 0.12680954361656427]
     [0.10989614218808233, 0.6623365832040771, 0.0818599005816451]

Gen: 19
     [0.15805132121750656, 0.5537752049634389, 0.08271225273264099]
     [0.09274592564169881, 0.784525260358963, 0.1275937075954805]
     [0.11728754312109524, 0.5852260137380899, 0.09167217854390977]
     [0.10944450666162402, 0.7152947041879016, 0.0904857043497235]
     [0.10212562444119283, 0.5626523376911146, 0.12165451780734114]
     [0.12798634812286688, 0.547293928650565, 0.08938105596203283]
     [0.09688224613401825, 0.8137463992909373, 0.12603219845485603]
     [0.10243681233442326, 0.6047252382007534, 0.10455974306696761]
     [0.13576971728717593, 0.6213300465322402, 0.07911191724683436]
     [0.09908718217985742, 0.7645274761799247, 0.12680954361656427]
     [0.10989614218808233, 0.6623365832040771, 0.0818599005816451]

Gen: 20
     [0.15805132121750656, 0.5537752049634389, 0.08271225273264099]
     [0.09274592564169881, 0.784525260358963, 0.1275937075954805]
     [0.11728754312109524, 0.5852260137380899, 0.09167217854390977]
     [0.10944450666162402, 0.7152947041879016, 0.0904857043497235]
     [0.10212562444119283, 0.5626523376911146, 0.12165451780734114]
     [0.12798634812286688, 0.547293928650565, 0.08938105596203283]
     [0.09688224613401825, 0.8137463992909373, 0.12603219845485603]
     [0.10243681233442326, 0.6047252382007534, 0.10455974306696761]
     [0.13576971728717593, 0.6213300465322402, 0.07911191724683436]
     [0.09908718217985742, 0.7645274761799247, 0.12680954361656427]
     [0.10989614218808233, 0.6623365832040771, 0.0818599005816451]

Gen: 21
     [0.15805132121750656, 0.5537752049634389, 0.08271225273264099]
     [0.09274592564169881, 0.784525260358963, 0.1275937075954805]
     [0.11728754312109524, 0.5852260137380899, 0.09167217854390977]
     [0.10944450666162402, 0.7152947041879016, 0.0904857043497235]
     [0.10212562444119283, 0.5626523376911146, 0.12165451780734114]
     [0.12798634812286688, 0.547293928650565, 0.08938105596203283]
     [0.09688224613401825, 0.8137463992909373, 0.12603219845485603]
     [0.10243681233442326, 0.6047252382007534, 0.10455974306696761]
     [0.13576971728717593, 0.6213300465322402, 0.07911191724683436]
     [0.09908718217985742, 0.7645274761799247, 0.12680954361656427]
     [0.10989614218808233, 0.6623365832040771, 0.0818599005816451]

Gen: 22
     [0.15805132121750656, 0.5537752049634389, 0.08271225273264099]
     [0.09274592564169881, 0.784525260358963, 0.1275937075954805]
     [0.11728754312109524, 0.5852260137380899, 0.09167217854390977]
     [0.10944450666162402, 0.7152947041879016, 0.0904857043497235]
     [0.10212562444119283, 0.5626523376911146, 0.12165451780734114]
     [0.12798634812286688, 0.547293928650565, 0.08938105596203283]
     [0.09688224613401825, 0.8137463992909373, 0.12603219845485603]
     [0.10243681233442326, 0.6047252382007534, 0.10455974306696761]
     [0.13576971728717593, 0.6213300465322402, 0.07911191724683436]
     [0.09908718217985742, 0.7645274761799247, 0.12680954361656427]
     [0.10989614218808233, 0.6623365832040771, 0.0818599005816451]

Gen: 23
     [0.15805132121750656, 0.5537752049634389, 0.08271225273264099]
     [0.09274592564169881, 0.784525260358963, 0.1275937075954805]
     [0.11728754312109524, 0.5852260137380899, 0.09167217854390977]
     [0.10944450666162402, 0.7152947041879016, 0.0904857043497235]
     [0.10212562444119283, 0.5626523376911146, 0.12165451780734114]
     [0.10680813017384296, 0.5682888322623532, 0.10639400489591075]
     [0.12798634812286688, 0.547293928650565, 0.08938105596203283]
     [0.09688224613401825, 0.8137463992909373, 0.12603219845485603]
     [0.10243681233442326, 0.6047252382007534, 0.10455974306696761]
     [0.13576971728717593, 0.6213300465322402, 0.07911191724683436]
     [0.09908718217985742, 0.7645274761799247, 0.12680954361656427]
     [0.13088158887581308, 0.4823426767117217, 0.09155625865137433]
     [0.10989614218808233, 0.6623365832040771, 0.0818599005816451]

Gen: 24
     [0.15805132121750656, 0.5537752049634389, 0.08271225273264099]
     [0.09274592564169881, 0.784525260358963, 0.1275937075954805]
     [0.11728754312109524, 0.5852260137380899, 0.09167217854390977]
     [0.10944450666162402, 0.7152947041879016, 0.0904857043497235]
     [0.10212562444119283, 0.5626523376911146, 0.12165451780734114]
     [0.10680813017384296, 0.5682888322623532, 0.10639400489591075]
     [0.10620686743028565, 0.818316530024374, 0.09579074413752191]
     [0.12798634812286688, 0.547293928650565, 0.08938105596203283]
     [0.09688224613401825, 0.8137463992909373, 0.12603219845485603]
     [0.10243681233442326, 0.6047252382007534, 0.10455974306696761]
     [0.13576971728717593, 0.6213300465322402, 0.07911191724683436]
     [0.09908718217985742, 0.7645274761799247, 0.12680954361656427]
     [0.08591172544966191, 0.8971720584976733, 0.18264201891539894]
     [0.13088158887581308, 0.4823426767117217, 0.09155625865137433]
     [0.10989614218808233, 0.6623365832040771, 0.0818599005816451]

Gen: 25
     [0.15805132121750656, 0.5537752049634389, 0.08271225273264099]
     [0.09274592564169881, 0.784525260358963, 0.1275937075954805]
     [0.11728754312109524, 0.5852260137380899, 0.09167217854390977]
     [0.10944450666162402, 0.7152947041879016, 0.0904857043497235]
     [0.10212562444119283, 0.5626523376911146, 0.12165451780734114]
     [0.10680813017384296, 0.5682888322623532, 0.10639400489591075]
     [0.10620686743028565, 0.818316530024374, 0.09579074413752191]
     [0.12798634812286688, 0.547293928650565, 0.08938105596203283]
     [0.09688224613401825, 0.8137463992909373, 0.12603219845485603]
     [0.10243681233442326, 0.6047252382007534, 0.10455974306696761]
     [0.13576971728717593, 0.6213300465322402, 0.07911191724683436]
     [0.09908718217985742, 0.7645274761799247, 0.12680954361656427]
     [0.08591172544966191, 0.8971720584976733, 0.18264201891539894]
     [0.13088158887581308, 0.4823426767117217, 0.09155625865137433]
     [0.10989614218808233, 0.6623365832040771, 0.0818599005816451]

Gen: 26
     [0.15805132121750656, 0.5537752049634389, 0.08271225273264099]
     [0.09274592564169881, 0.784525260358963, 0.1275937075954805]
     [0.11728754312109524, 0.5852260137380899, 0.09167217854390977]
     [0.10944450666162402, 0.7152947041879016, 0.0904857043497235]
     [0.10212562444119283, 0.5626523376911146, 0.12165451780734114]
     [0.09596612366368208, 0.7829049412807445, 0.12054986941965047]
     [0.10680813017384296, 0.5682888322623532, 0.10639400489591075]
     [0.10620686743028565, 0.818316530024374, 0.09579074413752191]
     [0.12798634812286688, 0.547293928650565, 0.08938105596203283]
     [0.10243681233442326, 0.6047252382007534, 0.10455974306696761]
     [0.13576971728717593, 0.6213300465322402, 0.07911191724683436]
     [0.09908718217985742, 0.7645274761799247, 0.12680954361656427]
     [0.08591172544966191, 0.8971720584976733, 0.18264201891539894]
     [0.13088158887581308, 0.4823426767117217, 0.09155625865137433]
     [0.10989614218808233, 0.6623365832040771, 0.0818599005816451]

Gen: 27
     [0.15805132121750656, 0.5537752049634389, 0.08271225273264099]
     [0.09274592564169881, 0.784525260358963, 0.1275937075954805]
     [0.11728754312109524, 0.5852260137380899, 0.09167217854390977]
     [0.10944450666162402, 0.7152947041879016, 0.0904857043497235]
     [0.10212562444119283, 0.5626523376911146, 0.12165451780734114]
     [0.09596612366368208, 0.7829049412807445, 0.12054986941965047]
     [0.10680813017384296, 0.5682888322623532, 0.10639400489591075]
     [0.10620686743028565, 0.818316530024374, 0.09579074413752191]
     [0.12798634812286688, 0.547293928650565, 0.08938105596203283]
     [0.10243681233442326, 0.6047252382007534, 0.10455974306696761]
     [0.13576971728717593, 0.6213300465322402, 0.07911191724683436]
     [0.09908718217985742, 0.7645274761799247, 0.12680954361656427]
     [0.08591172544966191, 0.8971720584976733, 0.18264201891539894]
     [0.13088158887581308, 0.4823426767117217, 0.09155625865137433]
     [0.10989614218808233, 0.6623365832040771, 0.0818599005816451]

Gen: 28
     [0.15805132121750656, 0.5537752049634389, 0.08271225273264099]
     [0.09274592564169881, 0.784525260358963, 0.1275937075954805]
     [0.11728754312109524, 0.5852260137380899, 0.09167217854390977]
     [0.10944450666162402, 0.7152947041879016, 0.0904857043497235]
     [0.10212562444119283, 0.5626523376911146, 0.12165451780734114]
     [0.09596612366368208, 0.7829049412807445, 0.12054986941965047]
     [0.10680813017384296, 0.5682888322623532, 0.10639400489591075]
     [0.10620686743028565, 0.818316530024374, 0.09579074413752191]
     [0.12798634812286688, 0.547293928650565, 0.08938105596203283]
     [0.10243681233442326, 0.6047252382007534, 0.10455974306696761]
     [0.13576971728717593, 0.6213300465322402, 0.07911191724683436]
     [0.09908718217985742, 0.7645274761799247, 0.12680954361656427]
     [0.08591172544966191, 0.8971720584976733, 0.18264201891539894]
     [0.13088158887581308, 0.4823426767117217, 0.09155625865137433]
     [0.10989614218808233, 0.6623365832040771, 0.0818599005816451]

Gen: 29
     [0.15805132121750656, 0.5537752049634389, 0.08271225273264099]
     [0.09274592564169881, 0.784525260358963, 0.1275937075954805]
     [0.11728754312109524, 0.5852260137380899, 0.09167217854390977]
     [0.10944450666162402, 0.7152947041879016, 0.0904857043497235]
     [0.10212562444119283, 0.5626523376911146, 0.12165451780734114]
     [0.09596612366368208, 0.7829049412807445, 0.12054986941965047]
     [0.10680813017384296, 0.5682888322623532, 0.10639400489591075]
     [0.10620686743028565, 0.818316530024374, 0.09579074413752191]
     [0.12798634812286688, 0.547293928650565, 0.08938105596203283]
     [0.10243681233442326, 0.6047252382007534, 0.10455974306696761]
     [0.13576971728717593, 0.6213300465322402, 0.07911191724683436]
     [0.09908718217985742, 0.7645274761799247, 0.12680954361656427]
     [0.08591172544966191, 0.8971720584976733, 0.18264201891539894]
     [0.13088158887581308, 0.4823426767117217, 0.09155625865137433]
     [0.10989614218808233, 0.6623365832040771, 0.0818599005816451]

Gen: 30
     [0.15805132121750656, 0.5537752049634389, 0.08271225273264099]
     [0.09274592564169881, 0.784525260358963, 0.1275937075954805]
     [0.11728754312109524, 0.5852260137380899, 0.09167217854390977]
     [0.10944450666162402, 0.7152947041879016, 0.0904857043497235]
     [0.10212562444119283, 0.5626523376911146, 0.12165451780734114]
     [0.09596612366368208, 0.7829049412807445, 0.12054986941965047]
     [0.10680813017384296, 0.5682888322623532, 0.10639400489591075]
     [0.10620686743028565, 0.818316530024374, 0.09579074413752191]
     [0.12798634812286688, 0.547293928650565, 0.08938105596203283]
     [0.10243681233442326, 0.6047252382007534, 0.10455974306696761]
     [0.13576971728717593, 0.6213300465322402, 0.07911191724683436]
     [0.09908718217985742, 0.7645274761799247, 0.12680954361656427]
     [0.08591172544966191, 0.8971720584976733, 0.18264201891539894]
     [0.13088158887581308, 0.4823426767117217, 0.09155625865137433]
     [0.10989614218808233, 0.6623365832040771, 0.0818599005816451]

Gen: 31
     [0.15805132121750656, 0.5537752049634389, 0.08271225273264099]
     [0.09274592564169881, 0.784525260358963, 0.1275937075954805]
     [0.11728754312109524, 0.5852260137380899, 0.09167217854390977]
     [0.10944450666162402, 0.7152947041879016, 0.0904857043497235]
     [0.10212562444119283, 0.5626523376911146, 0.12165451780734114]
     [0.09596612366368208, 0.7829049412807445, 0.12054986941965047]
     [0.10680813017384296, 0.5682888322623532, 0.10639400489591075]
     [0.10620686743028565, 0.818316530024374, 0.09579074413752191]
     [0.12798634812286688, 0.547293928650565, 0.08938105596203283]
     [0.10243681233442326, 0.6047252382007534, 0.10455974306696761]
     [0.13576971728717593, 0.6213300465322402, 0.07911191724683436]
     [0.09908718217985742, 0.7645274761799247, 0.12680954361656427]
     [0.08591172544966191, 0.8971720584976733, 0.18264201891539894]
     [0.13088158887581308, 0.4823426767117217, 0.09155625865137433]
     [0.10989614218808233, 0.6623365832040771, 0.0818599005816451]

Gen: 32
     [0.15805132121750656, 0.5537752049634389, 0.08271225273264099]
     [0.09274592564169881, 0.784525260358963, 0.1275937075954805]
     [0.11728754312109524, 0.5852260137380899, 0.09167217854390977]
     [0.10944450666162402, 0.7152947041879016, 0.0904857043497235]
     [0.10212562444119283, 0.5626523376911146, 0.12165451780734114]
     [0.10209257793925686, 0.6816973188566364, 0.1385992785691394]
     [0.09596612366368208, 0.7829049412807445, 0.12054986941965047]
     [0.10680813017384296, 0.5682888322623532, 0.10639400489591075]
     [0.10620686743028565, 0.818316530024374, 0.09579074413752191]
     [0.12798634812286688, 0.547293928650565, 0.08938105596203283]
     [0.10243681233442326, 0.6047252382007534, 0.10455974306696761]
     [0.13576971728717593, 0.6213300465322402, 0.07911191724683436]
     [0.09908718217985742, 0.7645274761799247, 0.12680954361656427]
     [0.08591172544966191, 0.8971720584976733, 0.18264201891539894]
     [0.13088158887581308, 0.4823426767117217, 0.09155625865137433]
     [0.10989614218808233, 0.6623365832040771, 0.0818599005816451]

Gen: 33
     [0.15805132121750656, 0.5537752049634389, 0.08271225273264099]
     [0.09274592564169881, 0.784525260358963, 0.1275937075954805]
     [0.11728754312109524, 0.5852260137380899, 0.09167217854390977]
     [0.10944450666162402, 0.7152947041879016, 0.0904857043497235]
     [0.10212562444119283, 0.5626523376911146, 0.12165451780734114]
     [0.10209257793925686, 0.6816973188566364, 0.1385992785691394]
     [0.09596612366368208, 0.7829049412807445, 0.12054986941965047]
     [0.10680813017384296, 0.5682888322623532, 0.10639400489591075]
     [0.10620686743028565, 0.818316530024374, 0.09579074413752191]
     [0.12798634812286688, 0.547293928650565, 0.08938105596203283]
     [0.10243681233442326, 0.6047252382007534, 0.10455974306696761]
     [0.13576971728717593, 0.6213300465322402, 0.07911191724683436]
     [0.09908718217985742, 0.7645274761799247, 0.12680954361656427]
     [0.08591172544966191, 0.8971720584976733, 0.18264201891539894]
     [0.13088158887581308, 0.4823426767117217, 0.09155625865137433]
     [0.10989614218808233, 0.6623365832040771, 0.0818599005816451]

Gen: 34
     [0.15805132121750656, 0.5537752049634389, 0.08271225273264099]
     [0.09274592564169881, 0.784525260358963, 0.1275937075954805]
     [0.11728754312109524, 0.5852260137380899, 0.09167217854390977]
     [0.10944450666162402, 0.7152947041879016, 0.0904857043497235]
     [0.10212562444119283, 0.5626523376911146, 0.12165451780734114]
     [0.09671242383240283, 0.7374113671615333, 0.1097011312417748]
     [0.10209257793925686, 0.6816973188566364, 0.1385992785691394]
     [0.09596612366368208, 0.7829049412807445, 0.12054986941965047]
     [0.10680813017384296, 0.5682888322623532, 0.10639400489591075]
     [0.10620686743028565, 0.818316530024374, 0.09579074413752191]
     [0.12798634812286688, 0.547293928650565, 0.08938105596203283]
     [0.10243681233442326, 0.6047252382007534, 0.10455974306696761]
     [0.13576971728717593, 0.6213300465322402, 0.07911191724683436]
     [0.08591172544966191, 0.8971720584976733, 0.18264201891539894]
     [0.13088158887581308, 0.4823426767117217, 0.09155625865137433]
     [0.10989614218808233, 0.6623365832040771, 0.0818599005816451]

Gen: 35
     [0.15805132121750656, 0.5537752049634389, 0.08271225273264099]
     [0.09274592564169881, 0.784525260358963, 0.1275937075954805]
     [0.11728754312109524, 0.5852260137380899, 0.09167217854390977]
     [0.10944450666162402, 0.7152947041879016, 0.0904857043497235]
     [0.10212562444119283, 0.5626523376911146, 0.12165451780734114]
     [0.09671242383240283, 0.7374113671615333, 0.1097011312417748]
     [0.10209257793925686, 0.6816973188566364, 0.1385992785691394]
     [0.09596612366368208, 0.7829049412807445, 0.12054986941965047]
     [0.10680813017384296, 0.5682888322623532, 0.10639400489591075]
     [0.10310508604023963, 0.6623365832040771, 0.10376876027084342]
     [0.10620686743028565, 0.818316530024374, 0.09579074413752191]
     [0.12798634812286688, 0.547293928650565, 0.08938105596203283]
     [0.10243681233442326, 0.6047252382007534, 0.10455974306696761]
     [0.13576971728717593, 0.6213300465322402, 0.07911191724683436]
     [0.08591172544966191, 0.8971720584976733, 0.18264201891539894]
     [0.13088158887581308, 0.4823426767117217, 0.09155625865137433]
     [0.10989614218808233, 0.6623365832040771, 0.0818599005816451]

Gen: 36
     [0.15805132121750656, 0.5537752049634389, 0.08271225273264099]
     [0.09274592564169881, 0.784525260358963, 0.1275937075954805]
     [0.11728754312109524, 0.5852260137380899, 0.09167217854390977]
     [0.10944450666162402, 0.7152947041879016, 0.0904857043497235]
     [0.10212562444119283, 0.5626523376911146, 0.12165451780734114]
     [0.09671242383240283, 0.7374113671615333, 0.1097011312417748]
     [0.10209257793925686, 0.6816973188566364, 0.1385992785691394]
     [0.09596612366368208, 0.7829049412807445, 0.12054986941965047]
     [0.10680813017384296, 0.5682888322623532, 0.10639400489591075]
     [0.10310508604023963, 0.6623365832040771, 0.10376876027084342]
     [0.10620686743028565, 0.818316530024374, 0.09579074413752191]
     [0.12798634812286688, 0.547293928650565, 0.08938105596203283]
     [0.10243681233442326, 0.6047252382007534, 0.10455974306696761]
     [0.13576971728717593, 0.6213300465322402, 0.07911191724683436]
     [0.08591172544966191, 0.8971720584976733, 0.18264201891539894]
     [0.13088158887581308, 0.4823426767117217, 0.09155625865137433]
     [0.10989614218808233, 0.6623365832040771, 0.0818599005816451]

Gen: 37
     [0.15805132121750656, 0.5537752049634389, 0.08271225273264099]
     [0.09274592564169881, 0.784525260358963, 0.1275937075954805]
     [0.11728754312109524, 0.5852260137380899, 0.09167217854390977]
     [0.10944450666162402, 0.7152947041879016, 0.0904857043497235]
     [0.10212562444119283, 0.5626523376911146, 0.12165451780734114]
     [0.09671242383240283, 0.7374113671615333, 0.1097011312417748]
     [0.10209257793925686, 0.6816973188566364, 0.1385992785691394]
     [0.09596612366368208, 0.7829049412807445, 0.12054986941965047]
     [0.10680813017384296, 0.5682888322623532, 0.10639400489591075]
     [0.10310508604023963, 0.6623365832040771, 0.10376876027084342]
     [0.10620686743028565, 0.818316530024374, 0.09579074413752191]
     [0.12798634812286688, 0.547293928650565, 0.08938105596203283]
     [0.10243681233442326, 0.6047252382007534, 0.10455974306696761]
     [0.13576971728717593, 0.6213300465322402, 0.07911191724683436]
     [0.09325539254654508, 0.7803844449368491, 0.13307603663068604]
     [0.08591172544966191, 0.8971720584976733, 0.18264201891539894]
     [0.13088158887581308, 0.4823426767117217, 0.09155625865137433]
     [0.10989614218808233, 0.6623365832040771, 0.0818599005816451]

Gen: 38
     [0.15805132121750656, 0.5537752049634389, 0.08271225273264099]
     [0.09274592564169881, 0.784525260358963, 0.1275937075954805]
     [0.11728754312109524, 0.5852260137380899, 0.09167217854390977]
     [0.10944450666162402, 0.7152947041879016, 0.0904857043497235]
     [0.10212562444119283, 0.5626523376911146, 0.12165451780734114]
     [0.09671242383240283, 0.7374113671615333, 0.1097011312417748]
     [0.10209257793925686, 0.6816973188566364, 0.1385992785691394]
     [0.09596612366368208, 0.7829049412807445, 0.12054986941965047]
     [0.10680813017384296, 0.5682888322623532, 0.10639400489591075]
     [0.10310508604023963, 0.6623365832040771, 0.10376876027084342]
     [0.10620686743028565, 0.818316530024374, 0.09579074413752191]
     [0.12798634812286688, 0.547293928650565, 0.08938105596203283]
     [0.10243681233442326, 0.6047252382007534, 0.10455974306696761]
     [0.13576971728717593, 0.6213300465322402, 0.07911191724683436]
     [0.09325539254654508, 0.7803844449368491, 0.13307603663068604]
     [0.08591172544966191, 0.8971720584976733, 0.18264201891539894]
     [0.13088158887581308, 0.4823426767117217, 0.09155625865137433]
     [0.10989614218808233, 0.6623365832040771, 0.0818599005816451]

Gen: 39
     [0.15805132121750656, 0.5537752049634389, 0.08271225273264099]
     [0.09274592564169881, 0.784525260358963, 0.1275937075954805]
     [0.11728754312109524, 0.5852260137380899, 0.09167217854390977]
     [0.10944450666162402, 0.7152947041879016, 0.0904857043497235]
     [0.10212562444119283, 0.5626523376911146, 0.12165451780734114]
     [0.09671242383240283, 0.7374113671615333, 0.1097011312417748]
     [0.10209257793925686, 0.6816973188566364, 0.1385992785691394]
     [0.09596612366368208, 0.7829049412807445, 0.12054986941965047]
     [0.10680813017384296, 0.5682888322623532, 0.10639400489591075]
     [0.10310508604023963, 0.6623365832040771, 0.10376876027084342]
     [0.10620686743028565, 0.818316530024374, 0.09579074413752191]
     [0.12798634812286688, 0.547293928650565, 0.08938105596203283]
     [0.10243681233442326, 0.6047252382007534, 0.10455974306696761]
     [0.13576971728717593, 0.6213300465322402, 0.07911191724683436]
     [0.09325539254654508, 0.7803844449368491, 0.13307603663068604]
     [0.08591172544966191, 0.8971720584976733, 0.18264201891539894]
     [0.13088158887581308, 0.4823426767117217, 0.09155625865137433]
     [0.10989614218808233, 0.6623365832040771, 0.0818599005816451]

Gen: 40
     [0.15805132121750656, 0.5537752049634389, 0.08271225273264099]
     [0.09274592564169881, 0.784525260358963, 0.1275937075954805]
     [0.11728754312109524, 0.5852260137380899, 0.09167217854390977]
     [0.10944450666162402, 0.7152947041879016, 0.0904857043497235]
     [0.10212562444119283, 0.5626523376911146, 0.12165451780734114]
     [0.09671242383240283, 0.7374113671615333, 0.1097011312417748]
     [0.10209257793925686, 0.6816973188566364, 0.1385992785691394]
     [0.09596612366368208, 0.7829049412807445, 0.12054986941965047]
     [0.10680813017384296, 0.5682888322623532, 0.10639400489591075]
     [0.10310508604023963, 0.6623365832040771, 0.10376876027084342]
     [0.10620686743028565, 0.818316530024374, 0.09579074413752191]
     [0.12798634812286688, 0.547293928650565, 0.08938105596203283]
     [0.10485471472607204, 0.5604919122534899, 0.11193088446878005]
     [0.10243681233442326, 0.6047252382007534, 0.10455974306696761]
     [0.13576971728717593, 0.6213300465322402, 0.07911191724683436]
     [0.09325539254654508, 0.7803844449368491, 0.13307603663068604]
     [0.08591172544966191, 0.8971720584976733, 0.18264201891539894]
     [0.13088158887581308, 0.4823426767117217, 0.09155625865137433]
     [0.10989614218808233, 0.6623365832040771, 0.0818599005816451]

Gen: 41
     [0.15805132121750656, 0.5537752049634389, 0.08271225273264099]
     [0.09274592564169881, 0.784525260358963, 0.1275937075954805]
     [0.11728754312109524, 0.5852260137380899, 0.09167217854390977]
     [0.10944450666162402, 0.7152947041879016, 0.0904857043497235]
     [0.10212562444119283, 0.5626523376911146, 0.12165451780734114]
     [0.09671242383240283, 0.7374113671615333, 0.1097011312417748]
     [0.10209257793925686, 0.6816973188566364, 0.1385992785691394]
     [0.09596612366368208, 0.7829049412807445, 0.12054986941965047]
     [0.10680813017384296, 0.5682888322623532, 0.10639400489591075]
     [0.10310508604023963, 0.6623365832040771, 0.10376876027084342]
     [0.10620686743028565, 0.818316530024374, 0.09579074413752191]
     [0.12798634812286688, 0.547293928650565, 0.08938105596203283]
     [0.10485471472607204, 0.5604919122534899, 0.11193088446878005]
     [0.10243681233442326, 0.6047252382007534, 0.10455974306696761]
     [0.13576971728717593, 0.6213300465322402, 0.07911191724683436]
     [0.09325539254654508, 0.7803844449368491, 0.13307603663068604]
     [0.08591172544966191, 0.8971720584976733, 0.18264201891539894]
     [0.13088158887581308, 0.4823426767117217, 0.09155625865137433]
     [0.10989614218808233, 0.6623365832040771, 0.0818599005816451]

Gen: 42
     [0.15805132121750656, 0.5537752049634389, 0.08271225273264099]
     [0.09274592564169881, 0.784525260358963, 0.1275937075954805]
     [0.11728754312109524, 0.5852260137380899, 0.09167217854390977]
     [0.10944450666162402, 0.7152947041879016, 0.0904857043497235]
     [0.10212562444119283, 0.5626523376911146, 0.12165451780734114]
     [0.09671242383240283, 0.7374113671615333, 0.1097011312417748]
     [0.10209257793925686, 0.6816973188566364, 0.1385992785691394]
     [0.09596612366368208, 0.7829049412807445, 0.12054986941965047]
     [0.10680813017384296, 0.5682888322623532, 0.10639400489591075]
     [0.10310508604023963, 0.6623365832040771, 0.10376876027084342]
     [0.10620686743028565, 0.818316530024374, 0.09579074413752191]
     [0.12798634812286688, 0.547293928650565, 0.08938105596203283]
     [0.10485471472607204, 0.5604919122534899, 0.11193088446878005]
     [0.10243681233442326, 0.6047252382007534, 0.10455974306696761]
     [0.13576971728717593, 0.6213300465322402, 0.07911191724683436]
     [0.09325539254654508, 0.7803844449368491, 0.13307603663068604]
     [0.08591172544966191, 0.8971720584976733, 0.18264201891539894]
     [0.13088158887581308, 0.4823426767117217, 0.09155625865137433]
     [0.10989614218808233, 0.6623365832040771, 0.0818599005816451]

Gen: 43
     [0.15805132121750656, 0.5537752049634389, 0.08271225273264099]
     [0.09274592564169881, 0.784525260358963, 0.1275937075954805]
     [0.11728754312109524, 0.5852260137380899, 0.09167217854390977]
     [0.10944450666162402, 0.7152947041879016, 0.0904857043497235]
     [0.10212562444119283, 0.5626523376911146, 0.12165451780734114]
     [0.09671242383240283, 0.7374113671615333, 0.1097011312417748]
     [0.10209257793925686, 0.6816973188566364, 0.1385992785691394]
     [0.09596612366368208, 0.7829049412807445, 0.12054986941965047]
     [0.10680813017384296, 0.5682888322623532, 0.10639400489591075]
     [0.10310508604023963, 0.6623365832040771, 0.10376876027084342]
     [0.10620686743028565, 0.818316530024374, 0.09579074413752191]
     [0.12798634812286688, 0.547293928650565, 0.08938105596203283]
     [0.10485471472607204, 0.5604919122534899, 0.11193088446878005]
     [0.10243681233442326, 0.6047252382007534, 0.10455974306696761]
     [0.13576971728717593, 0.6213300465322402, 0.07911191724683436]
     [0.09325539254654508, 0.7803844449368491, 0.13307603663068604]
     [0.08591172544966191, 0.8971720584976733, 0.18264201891539894]
     [0.13088158887581308, 0.4823426767117217, 0.09155625865137433]
     [0.10989614218808233, 0.6623365832040771, 0.0818599005816451]

Gen: 44
     [0.15805132121750656, 0.5537752049634389, 0.08271225273264099]
     [0.09274592564169881, 0.784525260358963, 0.1275937075954805]
     [0.11728754312109524, 0.5852260137380899, 0.09167217854390977]
     [0.10944450666162402, 0.7152947041879016, 0.0904857043497235]
     [0.10212562444119283, 0.5626523376911146, 0.12165451780734114]
     [0.09671242383240283, 0.7374113671615333, 0.1097011312417748]
     [0.10209257793925686, 0.6816973188566364, 0.1385992785691394]
     [0.09596612366368208, 0.7829049412807445, 0.12054986941965047]
     [0.10680813017384296, 0.5682888322623532, 0.10639400489591075]
     [0.10310508604023963, 0.6623365832040771, 0.10376876027084342]
     [0.10620686743028565, 0.818316530024374, 0.09579074413752191]
     [0.1123571886239253, 0.5989225570573897, 0.10343463822765303]
     [0.12798634812286688, 0.547293928650565, 0.08938105596203283]
     [0.10485471472607204, 0.5604919122534899, 0.11193088446878005]
     [0.10243681233442326, 0.6047252382007534, 0.10455974306696761]
     [0.13576971728717593, 0.6213300465322402, 0.07911191724683436]
     [0.09325539254654508, 0.7803844449368491, 0.13307603663068604]
     [0.08591172544966191, 0.8971720584976733, 0.18264201891539894]
     [0.13088158887581308, 0.4823426767117217, 0.09155625865137433]
     [0.10989614218808233, 0.6623365832040771, 0.0818599005816451]

Gen: 45
     [0.15805132121750656, 0.5537752049634389, 0.08271225273264099]
     [0.09274592564169881, 0.784525260358963, 0.1275937075954805]
     [0.11728754312109524, 0.5852260137380899, 0.09167217854390977]
     [0.10944450666162402, 0.7152947041879016, 0.0904857043497235]
     [0.10212562444119283, 0.5626523376911146, 0.12165451780734114]
     [0.09671242383240283, 0.7374113671615333, 0.1097011312417748]
     [0.10209257793925686, 0.6816973188566364, 0.1385992785691394]
     [0.09596612366368208, 0.7829049412807445, 0.12054986941965047]
     [0.10680813017384296, 0.5682888322623532, 0.10639400489591075]
     [0.10310508604023963, 0.6623365832040771, 0.10376876027084342]
     [0.10620686743028565, 0.818316530024374, 0.09579074413752191]
     [0.1123571886239253, 0.5989225570573897, 0.10343463822765303]
     [0.12798634812286688, 0.547293928650565, 0.08938105596203283]
     [0.10485471472607204, 0.5604919122534899, 0.11193088446878005]
     [0.10243681233442326, 0.6047252382007534, 0.10455974306696761]
     [0.13576971728717593, 0.6213300465322402, 0.07911191724683436]
     [0.09325539254654508, 0.7803844449368491, 0.13307603663068604]
     [0.08591172544966191, 0.8971720584976733, 0.18264201891539894]
     [0.13088158887581308, 0.4823426767117217, 0.09155625865137433]
     [0.10989614218808233, 0.6623365832040771, 0.0818599005816451]

Gen: 46
     [0.15805132121750656, 0.5537752049634389, 0.08271225273264099]
     [0.09274592564169881, 0.784525260358963, 0.1275937075954805]
     [0.11728754312109524, 0.5852260137380899, 0.09167217854390977]
     [0.10818598571289566, 0.77974739641037, 0.1028414011305599]
     [0.10944450666162402, 0.7152947041879016, 0.0904857043497235]
     [0.10212562444119283, 0.5626523376911146, 0.12165451780734114]
     [0.09671242383240283, 0.7374113671615333, 0.1097011312417748]
     [0.10209257793925686, 0.6816973188566364, 0.1385992785691394]
     [0.09596612366368208, 0.7829049412807445, 0.12054986941965047]
     [0.10680813017384296, 0.5682888322623532, 0.10639400489591075]
     [0.10310508604023963, 0.6623365832040771, 0.10376876027084342]
     [0.10620686743028565, 0.818316530024374, 0.09579074413752191]
     [0.1123571886239253, 0.5989225570573897, 0.10343463822765303]
     [0.12798634812286688, 0.547293928650565, 0.08938105596203283]
     [0.10485471472607204, 0.5604919122534899, 0.11193088446878005]
     [0.13024268983838425, 0.6125221582096166, 0.08645578337981494]
     [0.10243681233442326, 0.6047252382007534, 0.10455974306696761]
     [0.13576971728717593, 0.6213300465322402, 0.07911191724683436]
     [0.09325539254654508, 0.7803844449368491, 0.13307603663068604]
     [0.08591172544966191, 0.8971720584976733, 0.18264201891539894]
     [0.13088158887581308, 0.4823426767117217, 0.09155625865137433]
     [0.10989614218808233, 0.6623365832040771, 0.0818599005816451]

Gen: 47
     [0.15805132121750656, 0.5537752049634389, 0.08271225273264099]
     [0.09274592564169881, 0.784525260358963, 0.1275937075954805]
     [0.11728754312109524, 0.5852260137380899, 0.09167217854390977]
     [0.10818598571289566, 0.77974739641037, 0.1028414011305599]
     [0.10944450666162402, 0.7152947041879016, 0.0904857043497235]
     [0.10212562444119283, 0.5626523376911146, 0.12165451780734114]
     [0.09671242383240283, 0.7374113671615333, 0.1097011312417748]
     [0.10209257793925686, 0.6816973188566364, 0.1385992785691394]
     [0.09596612366368208, 0.7829049412807445, 0.12054986941965047]
     [0.10680813017384296, 0.5682888322623532, 0.10639400489591075]
     [0.10310508604023963, 0.6623365832040771, 0.10376876027084342]
     [0.10620686743028565, 0.818316530024374, 0.09579074413752191]
     [0.1123571886239253, 0.5989225570573897, 0.10343463822765303]
     [0.12798634812286688, 0.547293928650565, 0.08938105596203283]
     [0.10485471472607204, 0.5604919122534899, 0.11193088446878005]
     [0.13024268983838425, 0.6125221582096166, 0.08645578337981494]
     [0.10243681233442326, 0.6047252382007534, 0.10455974306696761]
     [0.13576971728717593, 0.6213300465322402, 0.07911191724683436]
     [0.09325539254654508, 0.7803844449368491, 0.13307603663068604]
     [0.08591172544966191, 0.8971720584976733, 0.18264201891539894]
     [0.13088158887581308, 0.4823426767117217, 0.09155625865137433]
     [0.10989614218808233, 0.6623365832040771, 0.0818599005816451]

Gen: 48
     [0.15805132121750656, 0.5537752049634389, 0.08271225273264099]
     [0.09274592564169881, 0.784525260358963, 0.1275937075954805]
     [0.11728754312109524, 0.5852260137380899, 0.09167217854390977]
     [0.10818598571289566, 0.77974739641037, 0.1028414011305599]
     [0.10944450666162402, 0.7152947041879016, 0.0904857043497235]
     [0.10212562444119283, 0.5626523376911146, 0.12165451780734114]
     [0.09671242383240283, 0.7374113671615333, 0.1097011312417748]
     [0.10209257793925686, 0.6816973188566364, 0.1385992785691394]
     [0.09596612366368208, 0.7829049412807445, 0.12054986941965047]
     [0.10680813017384296, 0.5682888322623532, 0.10639400489591075]
     [0.10310508604023963, 0.6623365832040771, 0.10376876027084342]
     [0.10620686743028565, 0.818316530024374, 0.09579074413752191]
     [0.1123571886239253, 0.5989225570573897, 0.10343463822765303]
     [0.12798634812286688, 0.547293928650565, 0.08938105596203283]
     [0.10485471472607204, 0.5604919122534899, 0.11193088446878005]
     [0.13024268983838425, 0.6125221582096166, 0.08645578337981494]
     [0.10243681233442326, 0.6047252382007534, 0.10455974306696761]
     [0.13576971728717593, 0.6213300465322402, 0.07911191724683436]
     [0.09325539254654508, 0.7803844449368491, 0.13307603663068604]
     [0.08591172544966191, 0.8971720584976733, 0.18264201891539894]
     [0.13088158887581308, 0.4823426767117217, 0.09155625865137433]
     [0.10989614218808233, 0.6623365832040771, 0.0818599005816451]

Gen: 49
     [0.15805132121750656, 0.5537752049634389, 0.08271225273264099]
     [0.09274592564169881, 0.784525260358963, 0.1275937075954805]
     [0.11728754312109524, 0.5852260137380899, 0.09167217854390977]
     [0.10818598571289566, 0.77974739641037, 0.1028414011305599]
     [0.10944450666162402, 0.7152947041879016, 0.0904857043497235]
     [0.10212562444119283, 0.5626523376911146, 0.12165451780734114]
     [0.09671242383240283, 0.7374113671615333, 0.1097011312417748]
     [0.10209257793925686, 0.6816973188566364, 0.1385992785691394]
     [0.09596612366368208, 0.7829049412807445, 0.12054986941965047]
     [0.10680813017384296, 0.5682888322623532, 0.10639400489591075]
     [0.10310508604023963, 0.6623365832040771, 0.10376876027084342]
     [0.10620686743028565, 0.818316530024374, 0.09579074413752191]
     [0.1123571886239253, 0.5989225570573897, 0.10343463822765303]
     [0.12798634812286688, 0.547293928650565, 0.08938105596203283]
     [0.10485471472607204, 0.5604919122534899, 0.11193088446878005]
     [0.13024268983838425, 0.6125221582096166, 0.08645578337981494]
     [0.10243681233442326, 0.6047252382007534, 0.10455974306696761]
     [0.13576971728717593, 0.6213300465322402, 0.07911191724683436]
     [0.09325539254654508, 0.7803844449368491, 0.13307603663068604]
     [0.08591172544966191, 0.8971720584976733, 0.18264201891539894]
     [0.13088158887581308, 0.4823426767117217, 0.09155625865137433]
     [0.10989614218808233, 0.6623365832040771, 0.0818599005816451]

Gen: 50
     [0.15805132121750656, 0.5537752049634389, 0.08271225273264099]
     [0.09274592564169881, 0.784525260358963, 0.1275937075954805]
     [0.11728754312109524, 0.5852260137380899, 0.09167217854390977]
     [0.10818598571289566, 0.77974739641037, 0.1028414011305599]
     [0.10944450666162402, 0.7152947041879016, 0.0904857043497235]
     [0.10212562444119283, 0.5626523376911146, 0.12165451780734114]
     [0.09671242383240283, 0.7374113671615333, 0.1097011312417748]
     [0.10209257793925686, 0.6816973188566364, 0.1385992785691394]
     [0.09596612366368208, 0.7829049412807445, 0.12054986941965047]
     [0.10680813017384296, 0.5682888322623532, 0.10639400489591075]
     [0.10310508604023963, 0.6623365832040771, 0.10376876027084342]
     [0.10620686743028565, 0.818316530024374, 0.09579074413752191]
     [0.1123571886239253, 0.5989225570573897, 0.10343463822765303]
     [0.12798634812286688, 0.547293928650565, 0.08938105596203283]
     [0.10485471472607204, 0.5604919122534899, 0.11193088446878005]
     [0.13024268983838425, 0.6125221582096166, 0.08645578337981494]
     [0.10243681233442326, 0.6047252382007534, 0.10455974306696761]
     [0.13576971728717593, 0.6213300465322402, 0.07911191724683436]
     [0.09325539254654508, 0.7803844449368491, 0.13307603663068604]
     [0.08591172544966191, 0.8971720584976733, 0.18264201891539894]
     [0.13088158887581308, 0.4823426767117217, 0.09155625865137433]
     [0.10989614218808233, 0.6623365832040771, 0.0818599005816451]

Gen: 51
     [0.09274592564169881, 0.784525260358963, 0.1275937075954805]
     [0.11728754312109524, 0.5852260137380899, 0.09167217854390977]
     [0.10818598571289566, 0.77974739641037, 0.1028414011305599]
     [0.10944450666162402, 0.7152947041879016, 0.0904857043497235]
     [0.10212562444119283, 0.5626523376911146, 0.12165451780734114]
     [0.09671242383240283, 0.7374113671615333, 0.1097011312417748]
     [0.1377167070262371, 0.4349656547750942, 0.07900963498871486]
     [0.10209257793925686, 0.6816973188566364, 0.1385992785691394]
     [0.09596612366368208, 0.7829049412807445, 0.12054986941965047]
     [0.10680813017384296, 0.5682888322623532, 0.10639400489591075]
     [0.10310508604023963, 0.6623365832040771, 0.10376876027084342]
     [0.10620686743028565, 0.818316530024374, 0.09579074413752191]
     [0.1123571886239253, 0.5989225570573897, 0.10343463822765303]
     [0.12798634812286688, 0.547293928650565, 0.08938105596203283]
     [0.10485471472607204, 0.5604919122534899, 0.11193088446878005]
     [0.13024268983838425, 0.6125221582096166, 0.08645578337981494]
     [0.10243681233442326, 0.6047252382007534, 0.10455974306696761]
     [0.13576971728717593, 0.6213300465322402, 0.07911191724683436]
     [0.09325539254654508, 0.7803844449368491, 0.13307603663068604]
     [0.08591172544966191, 0.8971720584976733, 0.18264201891539894]
     [0.13088158887581308, 0.4823426767117217, 0.09155625865137433]
     [0.10989614218808233, 0.6623365832040771, 0.0818599005816451]

Gen: 52
     [0.09274592564169881, 0.784525260358963, 0.1275937075954805]
     [0.11728754312109524, 0.5852260137380899, 0.09167217854390977]
     [0.10944450666162402, 0.7152947041879016, 0.0904857043497235]
     [0.10212562444119283, 0.5626523376911146, 0.12165451780734114]
     [0.09671242383240283, 0.7374113671615333, 0.1097011312417748]
     [0.1377167070262371, 0.4349656547750942, 0.07900963498871486]
     [0.09596612366368208, 0.7829049412807445, 0.12054986941965047]
     [0.10680813017384296, 0.5682888322623532, 0.10639400489591075]
     [0.10310508604023963, 0.6623365832040771, 0.10376876027084342]
     [0.10462614308768155, 0.6775565034345225, 0.09547707854595541]
     [0.1123571886239253, 0.5989225570573897, 0.10343463822765303]
     [0.12798634812286688, 0.547293928650565, 0.08938105596203283]
     [0.10485471472607204, 0.5604919122534899, 0.11193088446878005]
     [0.13024268983838425, 0.6125221582096166, 0.08645578337981494]
     [0.101054367003435, 0.6623365832040771, 0.12715048447696262]
     [0.10243681233442326, 0.6047252382007534, 0.10455974306696761]
     [0.13576971728717593, 0.6213300465322402, 0.07911191724683436]
     [0.09325539254654508, 0.7803844449368491, 0.13307603663068604]
     [0.08591172544966191, 0.8971720584976733, 0.18264201891539894]
     [0.13088158887581308, 0.4823426767117217, 0.09155625865137433]
     [0.10989614218808233, 0.6623365832040771, 0.0818599005816451]

Gen: 53
     [0.09274592564169881, 0.784525260358963, 0.1275937075954805]
     [0.11728754312109524, 0.5852260137380899, 0.09167217854390977]
     [0.10944450666162402, 0.7152947041879016, 0.0904857043497235]
     [0.10212562444119283, 0.5626523376911146, 0.12165451780734114]
     [0.09671242383240283, 0.7374113671615333, 0.1097011312417748]
     [0.1377167070262371, 0.4349656547750942, 0.07900963498871486]
     [0.09596612366368208, 0.7829049412807445, 0.12054986941965047]
     [0.10680813017384296, 0.5682888322623532, 0.10639400489591075]
     [0.10310508604023963, 0.6623365832040771, 0.10376876027084342]
     [0.10462614308768155, 0.6775565034345225, 0.09547707854595541]
     [0.1123571886239253, 0.5989225570573897, 0.10343463822765303]
     [0.12798634812286688, 0.547293928650565, 0.08938105596203283]
     [0.10485471472607204, 0.5604919122534899, 0.11193088446878005]
     [0.13024268983838425, 0.6125221582096166, 0.08645578337981494]
     [0.101054367003435, 0.6623365832040771, 0.12715048447696262]
     [0.10243681233442326, 0.6047252382007534, 0.10455974306696761]
     [0.13576971728717593, 0.6213300465322402, 0.07911191724683436]
     [0.09325539254654508, 0.7803844449368491, 0.13307603663068604]
     [0.08591172544966191, 0.8971720584976733, 0.18264201891539894]
     [0.13088158887581308, 0.4823426767117217, 0.09155625865137433]
     [0.10989614218808233, 0.6623365832040771, 0.0818599005816451]

