Gen: 2
     [0.13904280259588325, 0.7065699091513405, 0.1362945183528465]
     [0.1392119646116413, 0.5763488810104144, 0.09244952370561803]
     [0.13774812697032923, 1.0, 0.17057953127450512]
     [0.13454284174600323, 1.0, 0.177241515686689]

Gen: 3
     [0.13904280259588325, 0.7065699091513405, 0.1362945183528465]
     [0.1392119646116413, 0.5763488810104144, 0.09244952370561803]
     [0.13774812697032923, 1.0, 0.17057953127450512]
     [0.13454284174600323, 1.0, 0.177241515686689]
     [0.13706352326794216, 1.0, 0.17636188826686122]

Gen: 4
     [0.13904280259588325, 0.7065699091513405, 0.1362945183528465]
     [0.1392119646116413, 0.5763488810104144, 0.09244952370561803]
     [0.13774812697032923, 1.0, 0.17057953127450512]
     [0.13454284174600323, 1.0, 0.177241515686689]
     [0.13706352326794216, 1.0, 0.17636188826686122]

Gen: 5
     [0.13904280259588325, 0.7065699091513405, 0.1362945183528465]
     [0.1392119646116413, 0.5763488810104144, 0.09244952370561803]
     [0.13774812697032923, 1.0, 0.17057953127450512]
     [0.13454284174600323, 1.0, 0.177241515686689]
     [0.13706352326794216, 1.0, 0.17636188826686122]

Gen: 6
     [0.13904280259588325, 0.7065699091513405, 0.1362945183528465]
     [0.1392119646116413, 0.5763488810104144, 0.09244952370561803]
     [0.13774812697032923, 1.0, 0.17057953127450512]
     [0.13454284174600323, 1.0, 0.177241515686689]
     [0.13706352326794216, 1.0, 0.17636188826686122]

Gen: 7
     [0.13904280259588325, 0.7065699091513405, 0.1362945183528465]
     [0.1392119646116413, 0.5763488810104144, 0.09244952370561803]
     [0.1330199648863202, 0.7708287170396632, 0.1526324043831357]

Gen: 8
     [0.13746214267141157, 0.894651562153778, 0.1483024554560766]
     [0.13904280259588325, 0.7065699091513405, 0.1362945183528465]
     [0.1392119646116413, 0.5763488810104144, 0.09244952370561803]
     [0.1330199648863202, 0.7708287170396632, 0.1526324043831357]

Gen: 9
     [0.13746214267141157, 0.894651562153778, 0.1483024554560766]
     [0.13904280259588325, 0.7065699091513405, 0.1362945183528465]
     [0.1392119646116413, 0.5763488810104144, 0.09244952370561803]
     [0.1330199648863202, 0.7708287170396632, 0.1526324043831357]

Gen: 10
     [0.13746214267141157, 0.894651562153778, 0.1483024554560766]
     [0.13904280259588325, 0.7065699091513405, 0.1362945183528465]
     [0.1392119646116413, 0.5763488810104144, 0.09244952370561803]
     [0.1330199648863202, 0.7708287170396632, 0.1526324043831357]

Gen: 11
     [0.13706142967863824, 0.6696210946155551, 0.12978254791923793]
     [0.1392119646116413, 0.5763488810104144, 0.09244952370561803]
     [0.1330199648863202, 0.7708287170396632, 0.1526324043831357]

Gen: 12
     [0.13706142967863824, 0.6696210946155551, 0.12978254791923793]
     [0.1392119646116413, 0.5763488810104144, 0.09244952370561803]
     [0.1330199648863202, 0.7708287170396632, 0.1526324043831357]

Gen: 13
     [0.13706142967863824, 0.6696210946155551, 0.12978254791923793]
     [0.1392119646116413, 0.5763488810104144, 0.09244952370561803]
     [0.1330199648863202, 0.7708287170396632, 0.1526324043831357]

Gen: 14
     [0.13706142967863824, 0.6696210946155551, 0.12978254791923793]
     [0.1392119646116413, 0.5763488810104144, 0.09244952370561803]
     [0.1330199648863202, 0.7708287170396632, 0.1526324043831357]

Gen: 15
     [0.13706142967863824, 0.6696210946155551, 0.12978254791923793]
     [0.1392119646116413, 0.5763488810104144, 0.09244952370561803]
     [0.1330199648863202, 0.7708287170396632, 0.1526324043831357]

Gen: 16
     [0.13706142967863824, 0.6696210946155551, 0.12978254791923793]
     [0.1392119646116413, 0.5763488810104144, 0.09244952370561803]
     [0.1330199648863202, 0.7708287170396632, 0.1526324043831357]

Gen: 17
     [0.13706142967863824, 0.6696210946155551, 0.12978254791923793]
     [0.1392119646116413, 0.5763488810104144, 0.09244952370561803]
     [0.1330199648863202, 0.7708287170396632, 0.1526324043831357]

Gen: 18
     [0.13706142967863824, 0.6696210946155551, 0.12978254791923793]
     [0.1392119646116413, 0.5763488810104144, 0.09244952370561803]
     [0.1330199648863202, 0.7708287170396632, 0.1526324043831357]

Gen: 19
     [0.13706142967863824, 0.6696210946155551, 0.12978254791923793]
     [0.1392119646116413, 0.5763488810104144, 0.09244952370561803]
     [0.1330199648863202, 0.7708287170396632, 0.1526324043831357]

Gen: 20
     [0.13706142967863824, 0.6696210946155551, 0.12978254791923793]
     [0.1392119646116413, 0.5763488810104144, 0.09244952370561803]
     [0.1330199648863202, 0.7708287170396632, 0.1526324043831357]

Gen: 21
     [0.13706142967863824, 0.6696210946155551, 0.12978254791923793]
     [0.1392119646116413, 0.5763488810104144, 0.09244952370561803]
     [0.1330199648863202, 0.7708287170396632, 0.1526324043831357]
     [0.1675260850759324, 0.7425493020163971, 0.08974927209126304]

Gen: 22
     [0.13706142967863824, 0.6696210946155551, 0.12978254791923793]
     [0.1392119646116413, 0.5763488810104144, 0.09244952370561803]
     [0.1330199648863202, 0.7708287170396632, 0.1526324043831357]
     [0.13054492361120706, 0.8971720584976733, 0.17039542320989]
     [0.1675260850759324, 0.7425493020163971, 0.08974927209126304]

Gen: 23
     [0.13706142967863824, 0.6696210946155551, 0.12978254791923793]
     [0.1392119646116413, 0.5763488810104144, 0.09244952370561803]
     [0.1330199648863202, 0.7708287170396632, 0.1526324043831357]
     [0.13054492361120706, 0.8971720584976733, 0.17039542320989]
     [0.1675260850759324, 0.7425493020163971, 0.08974927209126304]

Gen: 24
     [0.13706142967863824, 0.6696210946155551, 0.12978254791923793]
     [0.1392119646116413, 0.5763488810104144, 0.09244952370561803]
     [0.1330199648863202, 0.7708287170396632, 0.1526324043831357]
     [0.13054492361120706, 0.8971720584976733, 0.17039542320989]
     [0.1675260850759324, 0.7425493020163971, 0.08974927209126304]

Gen: 25
     [0.13706142967863824, 0.6696210946155551, 0.12978254791923793]
     [0.1392119646116413, 0.5763488810104144, 0.09244952370561803]
     [0.1330199648863202, 0.7708287170396632, 0.1526324043831357]
     [0.13054492361120706, 0.8971720584976733, 0.17039542320989]
     [0.1675260850759324, 0.7425493020163971, 0.08974927209126304]

Gen: 26
     [0.13706142967863824, 0.6696210946155551, 0.12978254791923793]
     [0.1392119646116413, 0.5763488810104144, 0.09244952370561803]
     [0.1330199648863202, 0.7708287170396632, 0.1526324043831357]
     [0.13054492361120706, 0.8971720584976733, 0.17039542320989]
     [0.1675260850759324, 0.7425493020163971, 0.08974927209126304]

Gen: 27
     [0.13706142967863824, 0.6696210946155551, 0.12978254791923793]
     [0.1392119646116413, 0.5763488810104144, 0.09244952370561803]
     [0.1330199648863202, 0.7708287170396632, 0.1526324043831357]
     [0.13054492361120706, 0.8971720584976733, 0.17039542320989]
     [0.1675260850759324, 0.7425493020163971, 0.08974927209126304]

Gen: 28
     [0.13706142967863824, 0.6696210946155551, 0.12978254791923793]
     [0.1392119646116413, 0.5763488810104144, 0.09244952370561803]
     [0.1330199648863202, 0.7708287170396632, 0.1526324043831357]
     [0.13054492361120706, 0.8971720584976733, 0.17039542320989]
     [0.1675260850759324, 0.7425493020163971, 0.08974927209126304]

Gen: 29
     [0.13706142967863824, 0.6696210946155551, 0.12978254791923793]
     [0.1392119646116413, 0.5763488810104144, 0.09244952370561803]
     [0.1330199648863202, 0.7708287170396632, 0.1526324043831357]
     [0.13054492361120706, 0.8971720584976733, 0.17039542320989]
     [0.1675260850759324, 0.7425493020163971, 0.08974927209126304]

Gen: 30
     [0.13706142967863824, 0.6696210946155551, 0.12978254791923793]
     [0.1392119646116413, 0.5763488810104144, 0.09244952370561803]
     [0.1330199648863202, 0.7708287170396632, 0.1526324043831357]
     [0.13054492361120706, 0.8971720584976733, 0.17039542320989]
     [0.1675260850759324, 0.7425493020163971, 0.08974927209126304]

Gen: 31
     [0.13706142967863824, 0.6696210946155551, 0.12978254791923793]
     [0.1392119646116413, 0.5763488810104144, 0.09244952370561803]
     [0.1330199648863202, 0.7708287170396632, 0.1526324043831357]
     [0.13054492361120706, 0.8971720584976733, 0.17039542320989]
     [0.1675260850759324, 0.7425493020163971, 0.08974927209126304]

Gen: 32
     [0.13706142967863824, 0.6696210946155551, 0.12978254791923793]
     [0.1392119646116413, 0.5763488810104144, 0.09244952370561803]
     [0.1330199648863202, 0.7708287170396632, 0.1526324043831357]
     [0.13054492361120706, 0.8971720584976733, 0.17039542320989]
     [0.1675260850759324, 0.7425493020163971, 0.08974927209126304]
     [0.13611931449186704, 0.7829049412807445, 0.15173913932889202]

Gen: 33
     [0.13706142967863824, 0.6696210946155551, 0.12978254791923793]
     [0.1392119646116413, 0.5763488810104144, 0.09244952370561803]
     [0.1330199648863202, 0.7708287170396632, 0.1526324043831357]
     [0.13054492361120706, 0.8971720584976733, 0.17039542320989]
     [0.1675260850759324, 0.7425493020163971, 0.08974927209126304]
     [0.13611931449186704, 0.7829049412807445, 0.15173913932889202]

Gen: 34
     [0.13706142967863824, 0.6696210946155551, 0.12978254791923793]
     [0.1392119646116413, 0.5763488810104144, 0.09244952370561803]
     [0.1330199648863202, 0.7708287170396632, 0.1526324043831357]
     [0.13054492361120706, 0.8971720584976733, 0.17039542320989]
     [0.1675260850759324, 0.7425493020163971, 0.08974927209126304]
     [0.13611931449186704, 0.7829049412807445, 0.15173913932889202]

Gen: 35
     [0.13706142967863824, 0.6696210946155551, 0.12978254791923793]
     [0.1392119646116413, 0.5763488810104144, 0.09244952370561803]
     [0.1330199648863202, 0.7708287170396632, 0.1526324043831357]
     [0.13054492361120706, 0.8971720584976733, 0.17039542320989]
     [0.13184336769750818, 0.7838882118324839, 0.1541870947065522]
     [0.1675260850759324, 0.7425493020163971, 0.08974927209126304]
     [0.13611931449186704, 0.7829049412807445, 0.15173913932889202]

Gen: 36
     [0.13706142967863824, 0.6696210946155551, 0.12978254791923793]
     [0.1392119646116413, 0.5763488810104144, 0.09244952370561803]
     [0.1330199648863202, 0.7708287170396632, 0.1526324043831357]
     [0.13054492361120706, 0.8971720584976733, 0.17039542320989]
     [0.13184336769750818, 0.7838882118324839, 0.1541870947065522]
     [0.1675260850759324, 0.7425493020163971, 0.08974927209126304]
     [0.13611931449186704, 0.7829049412807445, 0.15173913932889202]

Gen: 37
     [0.13706142967863824, 0.6696210946155551, 0.12978254791923793]
     [0.1392119646116413, 0.5763488810104144, 0.09244952370561803]
     [0.1330199648863202, 0.7708287170396632, 0.1526324043831357]
     [0.13054492361120706, 0.8971720584976733, 0.17039542320989]
     [0.13184336769750818, 0.7838882118324839, 0.1541870947065522]
     [0.1675260850759324, 0.7425493020163971, 0.08974927209126304]
     [0.13611931449186704, 0.7829049412807445, 0.15173913932889202]

Gen: 38
     [0.13706142967863824, 0.6696210946155551, 0.12978254791923793]
     [0.1392119646116413, 0.5763488810104144, 0.09244952370561803]
     [0.1330199648863202, 0.7708287170396632, 0.1526324043831357]
     [0.13054492361120706, 0.8971720584976733, 0.17039542320989]
     [0.13184336769750818, 0.7838882118324839, 0.1541870947065522]
     [0.1675260850759324, 0.7425493020163971, 0.08974927209126304]
     [0.13611931449186704, 0.7829049412807445, 0.15173913932889202]

Gen: 39
     [0.13706142967863824, 0.6696210946155551, 0.12978254791923793]
     [0.1392119646116413, 0.5763488810104144, 0.09244952370561803]
     [0.1330199648863202, 0.7708287170396632, 0.1526324043831357]
     [0.13054492361120706, 0.8971720584976733, 0.17039542320989]
     [0.13184336769750818, 0.7838882118324839, 0.1541870947065522]
     [0.1675260850759324, 0.7425493020163971, 0.08974927209126304]
     [0.13611931449186704, 0.7829049412807445, 0.15173913932889202]

Gen: 40
     [0.13706142967863824, 0.6696210946155551, 0.12978254791923793]
     [0.1392119646116413, 0.5763488810104144, 0.09244952370561803]
     [0.1330199648863202, 0.7708287170396632, 0.1526324043831357]
     [0.13054492361120706, 0.8971720584976733, 0.17039542320989]
     [0.13184336769750818, 0.7838882118324839, 0.1541870947065522]
     [0.1675260850759324, 0.7425493020163971, 0.08974927209126304]
     [0.13611931449186704, 0.7829049412807445, 0.15173913932889202]

Gen: 41
     [0.13706142967863824, 0.6696210946155551, 0.12978254791923793]
     [0.1392119646116413, 0.5763488810104144, 0.09244952370561803]
     [0.1330199648863202, 0.7708287170396632, 0.1526324043831357]
     [0.13054492361120706, 0.8971720584976733, 0.17039542320989]
     [0.13184336769750818, 0.7838882118324839, 0.1541870947065522]
     [0.1675260850759324, 0.7425493020163971, 0.08974927209126304]
     [0.13611931449186704, 0.7829049412807445, 0.15173913932889202]

Gen: 42
     [0.13706142967863824, 0.6696210946155551, 0.12978254791923793]
     [0.1392119646116413, 0.5763488810104144, 0.09244952370561803]
     [0.1330199648863202, 0.7708287170396632, 0.1526324043831357]
     [0.13054492361120706, 0.8971720584976733, 0.17039542320989]
     [0.13184336769750818, 0.7838882118324839, 0.1541870947065522]
     [0.1675260850759324, 0.7425493020163971, 0.08974927209126304]
     [0.13611931449186704, 0.7829049412807445, 0.15173913932889202]

Gen: 43
     [0.13706142967863824, 0.6696210946155551, 0.12978254791923793]
     [0.1392119646116413, 0.5763488810104144, 0.09244952370561803]
     [0.1330199648863202, 0.7708287170396632, 0.1526324043831357]
     [0.13054492361120706, 0.8971720584976733, 0.17039542320989]
     [0.13184336769750818, 0.7838882118324839, 0.1541870947065522]
     [0.1675260850759324, 0.7425493020163971, 0.08974927209126304]
     [0.13611931449186704, 0.7829049412807445, 0.15173913932889202]

Gen: 44
     [0.13706142967863824, 0.6696210946155551, 0.12978254791923793]
     [0.1392119646116413, 0.5763488810104144, 0.09244952370561803]
     [0.1330199648863202, 0.7708287170396632, 0.1526324043831357]
     [0.13054492361120706, 0.8971720584976733, 0.17039542320989]
     [0.13184336769750818, 0.7838882118324839, 0.1541870947065522]
     [0.1675260850759324, 0.7425493020163971, 0.08974927209126304]
     [0.13611931449186704, 0.7829049412807445, 0.15173913932889202]

Gen: 45
     [0.13706142967863824, 0.6696210946155551, 0.12978254791923793]
     [0.1392119646116413, 0.5763488810104144, 0.09244952370561803]
     [0.1330199648863202, 0.7708287170396632, 0.1526324043831357]
     [0.13054492361120706, 0.8971720584976733, 0.17039542320989]
     [0.13184336769750818, 0.7838882118324839, 0.1541870947065522]
     [0.1675260850759324, 0.7425493020163971, 0.08974927209126304]
     [0.13611931449186704, 0.7829049412807445, 0.15173913932889202]

Gen: 46
     [0.13706142967863824, 0.6696210946155551, 0.12978254791923793]
     [0.1392119646116413, 0.5763488810104144, 0.09244952370561803]
     [0.1330199648863202, 0.7708287170396632, 0.1526324043831357]
     [0.13054492361120706, 0.8971720584976733, 0.17039542320989]
     [0.13184336769750818, 0.7838882118324839, 0.1541870947065522]
     [0.1675260850759324, 0.7425493020163971, 0.08974927209126304]
     [0.13611931449186704, 0.7829049412807445, 0.15173913932889202]

Gen: 47
     [0.13706142967863824, 0.6696210946155551, 0.12978254791923793]
     [0.1392119646116413, 0.5763488810104144, 0.09244952370561803]
     [0.1330199648863202, 0.7708287170396632, 0.1526324043831357]
     [0.13054492361120706, 0.8971720584976733, 0.17039542320989]
     [0.13184336769750818, 0.7838882118324839, 0.1541870947065522]
     [0.1675260850759324, 0.7425493020163971, 0.08974927209126304]
     [0.13611931449186704, 0.7829049412807445, 0.15173913932889202]

Gen: 48
     [0.13706142967863824, 0.6696210946155551, 0.12978254791923793]
     [0.1392119646116413, 0.5763488810104144, 0.09244952370561803]
     [0.1330199648863202, 0.7708287170396632, 0.1526324043831357]
     [0.1295236707487471, 0.8971720584976733, 0.1595944167524701]
     [0.13184336769750818, 0.7838882118324839, 0.1541870947065522]
     [0.1675260850759324, 0.7425493020163971, 0.08974927209126304]
     [0.13611931449186704, 0.7829049412807445, 0.15173913932889202]

Gen: 49
     [0.13706142967863824, 0.6696210946155551, 0.12978254791923793]
     [0.1392119646116413, 0.5763488810104144, 0.09244952370561803]
     [0.1330199648863202, 0.7708287170396632, 0.1526324043831357]
     [0.1295236707487471, 0.8971720584976733, 0.1595944167524701]
     [0.13184336769750818, 0.7838882118324839, 0.1541870947065522]
     [0.1675260850759324, 0.7425493020163971, 0.08974927209126304]
     [0.13611931449186704, 0.7829049412807445, 0.15173913932889202]

Gen: 50
     [0.13706142967863824, 0.6696210946155551, 0.12978254791923793]
     [0.1392119646116413, 0.5763488810104144, 0.09244952370561803]
     [0.1330199648863202, 0.7708287170396632, 0.1526324043831357]
     [0.1295236707487471, 0.8971720584976733, 0.1595944167524701]
     [0.13184336769750818, 0.7838882118324839, 0.1541870947065522]
     [0.1675260850759324, 0.7425493020163971, 0.08974927209126304]
     [0.13611931449186704, 0.7829049412807445, 0.15173913932889202]

Gen: 51
     [0.13706142967863824, 0.6696210946155551, 0.12978254791923793]
     [0.1392119646116413, 0.5763488810104144, 0.09244952370561803]
     [0.13455791558899158, 0.8971720584976733, 0.13205321404949097]
     [0.1330199648863202, 0.7708287170396632, 0.1526324043831357]
     [0.1295236707487471, 0.8971720584976733, 0.1595944167524701]
     [0.13184336769750818, 0.7838882118324839, 0.1541870947065522]
     [0.1675260850759324, 0.7425493020163971, 0.08974927209126304]
     [0.13611931449186704, 0.7829049412807445, 0.15173913932889202]

Gen: 52
     [0.13706142967863824, 0.6696210946155551, 0.12978254791923793]
     [0.1392119646116413, 0.5763488810104144, 0.09244952370561803]
     [0.13455791558899158, 0.8971720584976733, 0.13205321404949097]
     [0.1330199648863202, 0.7708287170396632, 0.1526324043831357]
     [0.1295236707487471, 0.8971720584976733, 0.1595944167524701]
     [0.13184336769750818, 0.7838882118324839, 0.1541870947065522]
     [0.1675260850759324, 0.7425493020163971, 0.08974927209126304]
     [0.13611931449186704, 0.7829049412807445, 0.15173913932889202]

Gen: 53
     [0.13706142967863824, 0.6696210946155551, 0.12978254791923793]
     [0.1392119646116413, 0.5763488810104144, 0.09244952370561803]
     [0.13455791558899158, 0.8971720584976733, 0.13205321404949097]
     [0.1329123543960979, 0.7934439397296699, 0.14459301889494247]
     [0.1330199648863202, 0.7708287170396632, 0.1526324043831357]
     [0.1295236707487471, 0.8971720584976733, 0.1595944167524701]
     [0.13184336769750818, 0.7838882118324839, 0.1541870947065522]
     [0.1675260850759324, 0.7425493020163971, 0.08974927209126304]
     [0.13611931449186704, 0.7829049412807445, 0.15173913932889202]

