Gen: 1
     [0.14188498248566742, 1.0, 0.08833891317673845]
     [0.13896397305914837, 1.0, 0.09242780446073115]
     [0.13846939453427767, 1.0, 0.10129268243393443]
     [0.13851846158722797, 1.0, 0.09868576163178422]

Gen: 2
     [0.14188498248566742, 1.0, 0.08833891317673845]
     [0.13896397305914837, 1.0, 0.09242780446073115]
     [0.13846939453427767, 1.0, 0.10129268243393443]
     [0.13851846158722797, 1.0, 0.09868576163178422]

Gen: 3
     [0.14188498248566742, 1.0, 0.08833891317673845]
     [0.1574974239797201, 1.0, 0.08830523202942385]
     [0.13896397305914837, 1.0, 0.09242780446073115]
     [0.13846939453427767, 1.0, 0.10129268243393443]
     [0.13851846158722797, 1.0, 0.09868576163178422]
     [0.13941122141789888, 1.0, 0.08846016530707101]

Gen: 4
     [0.14188498248566742, 1.0, 0.08833891317673845]
     [0.1554205415526292, 1.0, 0.08780001481970481]
     [0.13896397305914837, 1.0, 0.09242780446073115]
     [0.13846939453427767, 1.0, 0.10129268243393443]
     [0.13851846158722797, 1.0, 0.09868576163178422]
     [0.13941122141789888, 1.0, 0.08846016530707101]

Gen: 5
     [0.13797959244818975, 1.0, 0.09826811540508316]
     [0.14188498248566742, 1.0, 0.08833891317673845]
     [0.1554205415526292, 1.0, 0.08780001481970481]
     [0.13896397305914837, 1.0, 0.09242780446073115]
     [0.13941122141789888, 1.0, 0.08846016530707101]

Gen: 6
     [0.13797959244818975, 1.0, 0.09826811540508316]
     [0.14188498248566742, 1.0, 0.08833891317673845]
     [0.1554205415526292, 1.0, 0.08780001481970481]
     [0.13896397305914837, 1.0, 0.09242780446073115]
     [0.13941122141789888, 1.0, 0.08846016530707101]

Gen: 7
     [0.13797959244818975, 1.0, 0.09826811540508316]
     [0.14188498248566742, 1.0, 0.08833891317673845]
     [0.1554205415526292, 1.0, 0.08780001481970481]
     [0.13896397305914837, 1.0, 0.09242780446073115]
     [0.13941122141789888, 1.0, 0.08846016530707101]

Gen: 8
     [0.13332343307840178, 1.0, 0.08920788677745518]
     [0.14188498248566742, 1.0, 0.08833891317673845]
     [0.1554205415526292, 1.0, 0.08780001481970481]
     [0.13941122141789888, 1.0, 0.08846016530707101]

Gen: 9
     [0.13332343307840178, 1.0, 0.08920788677745518]
     [0.14188498248566742, 1.0, 0.08833891317673845]
     [0.1554205415526292, 1.0, 0.08780001481970481]
     [0.13941122141789888, 1.0, 0.08846016530707101]

Gen: 10
     [0.13332343307840178, 1.0, 0.08920788677745518]
     [0.1620784629941063, 1.0, 0.08348882796343575]
     [0.14188498248566742, 1.0, 0.08833891317673845]
     [0.1554205415526292, 1.0, 0.08780001481970481]
     [0.13941122141789888, 1.0, 0.08846016530707101]

Gen: 11
     [0.13332343307840178, 1.0, 0.08920788677745518]
     [0.1620784629941063, 1.0, 0.08348882796343575]
     [0.14188498248566742, 1.0, 0.08833891317673845]
     [0.1554205415526292, 1.0, 0.08780001481970481]
     [0.13941122141789888, 1.0, 0.08846016530707101]

Gen: 12
     [0.13332343307840178, 1.0, 0.08920788677745518]
     [0.1620784629941063, 1.0, 0.08348882796343575]
     [0.14188498248566742, 1.0, 0.08833891317673845]
     [0.1554205415526292, 1.0, 0.08780001481970481]
     [0.13941122141789888, 1.0, 0.08846016530707101]

