Gen: 2
     [0.13178685664437337, 0.7050944224857268, 0.12555271007778704]
     [0.12361296888630416, 0.7052591128678085, 0.12232037521940552]
     [0.11991567316080255, 0.7015627287366418, 0.1300894886772365]
     [0.1292396045362024, 0.6681305811740594, 0.15056733711238357]
     [0.12493166618202967, 0.7052591128678085, 0.1035018559548816]
     [0.11958854318115732, 0.6969330991070122, 0.11802338407235827]
     [0.12690026170398372, 0.6551017420582638, 0.15630305297384398]
     [0.12656295434719395, 0.6681305811740594, 0.1374557592150318]
     [0.1206353591160221, 0.6802078758600498, 0.1265981833702606]
     [0.12513957545798196, 0.6681305811740594, 0.11936619380581052]

Gen: 3
     [0.12493166618202967, 0.7052591128678085, 0.1035018559548816]
     [0.12493166618202967, 0.7052591128678085, 0.1035018559548816]
     [0.11958854318115732, 0.6969330991070122, 0.11802338407235827]
     [0.11958854318115732, 0.6969330991070122, 0.11802338407235827]
     [0.11958854318115732, 0.6969330991070122, 0.11802338407235827]
     [0.12690026170398372, 0.6551017420582638, 0.15630305297384398]
     [0.12656295434719395, 0.6681305811740594, 0.1374557592150318]
     [0.1206353591160221, 0.6802078758600498, 0.1265981833702606]
     [0.1206353591160221, 0.6802078758600498, 0.1265981833702606]
     [0.12513957545798196, 0.6681305811740594, 0.11936619380581052]

Gen: 4
     [0.11958854318115732, 0.6969330991070122, 0.11802338407235827]
     [0.11958854318115732, 0.6969330991070122, 0.11802338407235827]
     [0.11958854318115732, 0.6969330991070122, 0.11802338407235827]
     [0.11958854318115732, 0.6969330991070122, 0.11802338407235827]
     [0.12690026170398372, 0.6551017420582638, 0.15630305297384398]
     [0.12656295434719395, 0.6681305811740594, 0.1374557592150318]
     [0.1206353591160221, 0.6802078758600498, 0.1265981833702606]
     [0.1206353591160221, 0.6802078758600498, 0.1265981833702606]
     [0.1206353591160221, 0.6802078758600498, 0.1265981833702606]
     [0.12513957545798196, 0.6681305811740594, 0.11936619380581052]

Gen: 5
     [0.12656295434719395, 0.6681305811740594, 0.1374557592150318]
     [0.12656295434719395, 0.6681305811740594, 0.1374557592150318]
     [0.1206353591160221, 0.6802078758600498, 0.1265981833702606]
     [0.1206353591160221, 0.6802078758600498, 0.1265981833702606]
     [0.1206353591160221, 0.6802078758600498, 0.1265981833702606]
     [0.1206353591160221, 0.6802078758600498, 0.1265981833702606]
     [0.1206353591160221, 0.6802078758600498, 0.1265981833702606]
     [0.1206353591160221, 0.6802078758600498, 0.1265981833702606]
     [0.12513957545798196, 0.6681305811740594, 0.11936619380581052]
     [0.11494475138121547, 0.623078612209047, 0.12128449342502806]

Gen: 6
     [0.1206353591160221, 0.6802078758600498, 0.1265981833702606]
     [0.1206353591160221, 0.6802078758600498, 0.1265981833702606]
     [0.1206353591160221, 0.6802078758600498, 0.1265981833702606]
     [0.1206353591160221, 0.6802078758600498, 0.1265981833702606]
     [0.1206353591160221, 0.6802078758600498, 0.1265981833702606]
     [0.1206353591160221, 0.6802078758600498, 0.1265981833702606]
     [0.1206353591160221, 0.6802078758600498, 0.1265981833702606]
     [0.1206353591160221, 0.6802078758600498, 0.1265981833702606]
     [0.12513957545798196, 0.6681305811740594, 0.11936619380581052]
     [0.11494475138121547, 0.623078612209047, 0.12128449342502806]

Gen: 7
     [0.1206353591160221, 0.6802078758600498, 0.1265981833702606]
     [0.1206353591160221, 0.6802078758600498, 0.1265981833702606]
     [0.1206353591160221, 0.6802078758600498, 0.1265981833702606]
     [0.1206353591160221, 0.6802078758600498, 0.1265981833702606]
     [0.1206353591160221, 0.6802078758600498, 0.1265981833702606]
     [0.1206353591160221, 0.6802078758600498, 0.1265981833702606]
     [0.12513957545798196, 0.6681305811740594, 0.11936619380581052]
     [0.11928612968886304, 0.6551017420582638, 0.1276916141532146]
     [0.11494475138121547, 0.623078612209047, 0.12128449342502806]
     [0.11494475138121547, 0.623078612209047, 0.12128449342502806]

Gen: 8
     [0.1206353591160221, 0.6802078758600498, 0.1265981833702606]
     [0.1206353591160221, 0.6802078758600498, 0.1265981833702606]
     [0.1206353591160221, 0.6802078758600498, 0.1265981833702606]
     [0.1206353591160221, 0.6802078758600498, 0.1265981833702606]
     [0.1206353591160221, 0.6802078758600498, 0.1265981833702606]
     [0.12513957545798196, 0.6681305811740594, 0.11936619380581052]
     [0.12513957545798196, 0.6681305811740594, 0.11936619380581052]
     [0.11928612968886304, 0.6551017420582638, 0.1276916141532146]
     [0.11494475138121547, 0.623078612209047, 0.12128449342502806]
     [0.11494475138121547, 0.623078612209047, 0.12128449342502806]

Gen: 9
     [0.1206353591160221, 0.6802078758600498, 0.1265981833702606]
     [0.13193224774643791, 0.6718269653052261, 0.1259747359940149]
     [0.12513957545798196, 0.6681305811740594, 0.11936619380581052]
     [0.12513957545798196, 0.6681305811740594, 0.11936619380581052]
     [0.12513957545798196, 0.6681305811740594, 0.11936619380581052]
     [0.12513957545798196, 0.6681305811740594, 0.11936619380581052]
     [0.11928612968886304, 0.6551017420582638, 0.1276916141532146]
     [0.11494475138121547, 0.623078612209047, 0.12128449342502806]
     [0.11494475138121547, 0.623078612209047, 0.12128449342502806]
     [0.11494475138121547, 0.623078612209047, 0.12128449342502806]

Gen: 10
     [0.12513957545798196, 0.6681305811740594, 0.11936619380581052]
     [0.11928612968886304, 0.6551017420582638, 0.1276916141532146]
     [0.11928612968886304, 0.6551017420582638, 0.1276916141532146]
     [0.11494475138121547, 0.623078612209047, 0.12128449342502806]
     [0.11494475138121547, 0.623078612209047, 0.12128449342502806]
     [0.11494475138121547, 0.623078612209047, 0.12128449342502806]
     [0.11494475138121547, 0.623078612209047, 0.12128449342502806]
     [0.11494475138121547, 0.623078612209047, 0.12128449342502806]
     [0.11494475138121547, 0.623078612209047, 0.12128449342502806]
     [0.11494475138121547, 0.623078612209047, 0.12128449342502806]

Gen: 11
     [0.11928612968886304, 0.6551017420582638, 0.1276916141532146]
     [0.11494475138121547, 0.623078612209047, 0.12128449342502806]
     [0.11494475138121547, 0.623078612209047, 0.12128449342502806]
     [0.11494475138121547, 0.623078612209047, 0.12128449342502806]
     [0.11494475138121547, 0.623078612209047, 0.12128449342502806]
     [0.11494475138121547, 0.623078612209047, 0.12128449342502806]
     [0.11494475138121547, 0.623078612209047, 0.12128449342502806]
     [0.11494475138121547, 0.623078612209047, 0.12128449342502806]
     [0.11494475138121547, 0.623078612209047, 0.12128449342502806]
     [0.11494475138121547, 0.623078612209047, 0.12128449342502806]

Gen: 12
     [0.11494475138121547, 0.623078612209047, 0.12128449342502806]
     [0.11494475138121547, 0.623078612209047, 0.12128449342502806]
     [0.11494475138121547, 0.623078612209047, 0.12128449342502806]
     [0.11494475138121547, 0.623078612209047, 0.12128449342502806]
     [0.11494475138121547, 0.623078612209047, 0.12128449342502806]
     [0.11494475138121547, 0.623078612209047, 0.12128449342502806]
     [0.11494475138121547, 0.623078612209047, 0.12128449342502806]
     [0.11494475138121547, 0.623078612209047, 0.12128449342502806]
     [0.11494475138121547, 0.623078612209047, 0.12128449342502806]
     [0.11494475138121547, 0.623078612209047, 0.12128449342502806]

