Gen: 1
     [0.1092366967141611, 1.0, 0.18536529220498948]
     [0.12308519918580983, 1.0, 0.17305940014770907]
     [0.12297615585926142, 0.8758600497730933, 0.1423474232440365]
     [0.11790927595231172, 0.7351412677499634, 0.13739821022645526]
     [0.12393137539982553, 1.0, 0.16493540126032286]
     [0.11374091305612097, 1.0, 0.17237840378288685]
     [0.11382087816225647, 0.8424279022105109, 0.16080146558090908]
     [0.11387758069206165, 1.0, 0.18604628856981173]
     [0.1071198022681012, 1.0, 0.2008747446263632]
     [0.11712271009014248, 1.0, 0.1460497415091263]
     [0.12261994765920325, 0.8545051968965013, 0.16623984500139077]
     [0.11790927595231172, 0.7351412677499634, 0.13739821022645526]
     [0.12156150043617331, 0.8424279022105109, 0.13757085719218484]
     [0.11737132887467287, 0.8257026789635485, 0.18055036016075351]
     [0.128096830473975, 1.0, 0.18065586663981048]
     [0.11688136086071532, 0.8758600497730933, 0.11726565572276734]
     [0.1141378307647572, 1.0, 0.17398977546302957]
     [0.11012503634777551, 0.8758600497730933, 0.16083983157329343]
     [0.11283076475719686, 1.0, 0.1544327108451069]
     [0.11790927595231172, 0.7351412677499634, 0.13739821022645526]

Gen: 2
     continue

Gen: 3
     continue

Gen: 4
     continue

Gen: 5
     continue

Gen: 6
     continue

Gen: 7
     continue

Gen: 8
     [0.1092366967141611, 1.0, 0.18536529220498948]
     [0.12308519918580983, 1.0, 0.17305940014770907]
     [0.12297615585926142, 0.8758600497730933, 0.1423474232440365]
     [0.11790927595231172, 0.7351412677499634, 0.13739821022645526]
     [0.11680866530968305, 0.8293990630947152, 0.16486826077365024]
     [0.11374091305612097, 1.0, 0.17237840378288685]
     [0.11382087816225647, 0.8424279022105109, 0.16080146558090908]
     [0.11387758069206165, 1.0, 0.18604628856981173]
     [0.11680866530968305, 0.8293990630947152, 0.16486826077365024]
     [0.11712271009014248, 1.0, 0.1460497415091263]
     [0.12261994765920325, 0.8545051968965013, 0.16623984500139077]
     [0.11790927595231172, 0.7351412677499634, 0.13739821022645526]
     [0.12156150043617331, 0.8424279022105109, 0.13757085719218484]
     [0.11737132887467287, 0.8257026789635485, 0.18055036016075351]
     [0.128096830473975, 1.0, 0.18065586663981048]
     [0.11688136086071532, 0.8758600497730933, 0.11726565572276734]
     [0.11680866530968305, 0.8293990630947152, 0.16486826077365024]
     [0.11012503634777551, 0.8758600497730933, 0.16083983157329343]
     [0.11283076475719686, 1.0, 0.1544327108451069]
     [0.11790927595231172, 0.7351412677499634, 0.13739821022645526]

Gen: 9
     [0.1092366967141611, 1.0, 0.18536529220498948]
     [0.12308519918580983, 1.0, 0.17305940014770907]
     [0.12785693515556848, 0.8545051968965013, 0.1738746774858765]
     [0.11790927595231172, 0.7351412677499634, 0.13739821022645526]
     [0.11680866530968305, 0.8293990630947152, 0.16486826077365024]
     [0.11374091305612097, 1.0, 0.17237840378288685]
     [0.11382087816225647, 0.8424279022105109, 0.16080146558090908]
     [0.11387758069206165, 1.0, 0.18604628856981173]
     [0.11680866530968305, 0.8293990630947152, 0.16486826077365024]
     [0.11712271009014248, 1.0, 0.1460497415091263]
     [0.12261994765920325, 0.8545051968965013, 0.16623984500139077]
     [0.11790927595231172, 0.7351412677499634, 0.13739821022645526]
     [0.12156150043617331, 0.8424279022105109, 0.13757085719218484]
     [0.11737132887467287, 0.8257026789635485, 0.18055036016075351]
     [0.128096830473975, 1.0, 0.18065586663981048]
     [0.11688136086071532, 0.8758600497730933, 0.11726565572276734]
     [0.11680866530968305, 0.8293990630947152, 0.16486826077365024]
     [0.11012503634777551, 0.8758600497730933, 0.16083983157329343]
     [0.11283076475719686, 1.0, 0.1544327108451069]
     [0.11790927595231172, 0.7351412677499634, 0.13739821022645526]

Gen: 10
     continue

Gen: 11
     continue

Gen: 12
     [0.11698458854318115, 0.8545051968965013, 0.1402372936628972]
     [0.12308519918580983, 1.0, 0.17305940014770907]
     [0.12785693515556848, 0.8545051968965013, 0.1738746774858765]
     [0.11790927595231172, 0.7351412677499634, 0.13739821022645526]
     [0.11680866530968305, 0.8293990630947152, 0.16486826077365024]
     [0.11374091305612097, 1.0, 0.17237840378288685]
     [0.11382087816225647, 0.8424279022105109, 0.16080146558090908]
     [0.11387758069206165, 1.0, 0.18604628856981173]
     [0.11680866530968305, 0.8293990630947152, 0.16486826077365024]
     [0.11712271009014248, 1.0, 0.1460497415091263]
     [0.12261994765920325, 0.8545051968965013, 0.16623984500139077]
     [0.11790927595231172, 0.7351412677499634, 0.13739821022645526]
     [0.12156150043617331, 0.8424279022105109, 0.13757085719218484]
     [0.11737132887467287, 0.8257026789635485, 0.18055036016075351]
     [0.128096830473975, 1.0, 0.18065586663981048]
     [0.11698458854318115, 0.8545051968965013, 0.1402372936628972]
     [0.11680866530968305, 0.8293990630947152, 0.16486826077365024]
     [0.11012503634777551, 0.8758600497730933, 0.16083983157329343]
     [0.11283076475719686, 1.0, 0.1544327108451069]
     [0.11790927595231172, 0.7351412677499634, 0.13739821022645526]

Gen: 13
     continue

Gen: 14
     continue

Gen: 15
     continue

Gen: 16
     continue

Gen: 17
     continue

Gen: 18
     continue

Gen: 19
     continue

Gen: 20
     continue

Gen: 21
     [0.11698458854318115, 0.8545051968965013, 0.1402372936628972]
     [0.1098371619656877, 0.8545051968965013, 0.12835342752184464]
     [0.12785693515556848, 0.8545051968965013, 0.1738746774858765]
     [0.11790927595231172, 0.7351412677499634, 0.13739821022645526]
     [0.1098371619656877, 0.8545051968965013, 0.12835342752184464]
     [0.11374091305612097, 1.0, 0.17237840378288685]
     [0.11382087816225647, 0.8424279022105109, 0.16080146558090908]
     [0.1098371619656877, 0.8545051968965013, 0.12835342752184464]
     [0.11680866530968305, 0.8293990630947152, 0.16486826077365024]
     [0.11712271009014248, 1.0, 0.1460497415091263]
     [0.12261994765920325, 0.8545051968965013, 0.16623984500139077]
     [0.11790927595231172, 0.7351412677499634, 0.13739821022645526]
     [0.12156150043617331, 0.8424279022105109, 0.13757085719218484]
     [0.11737132887467287, 0.8257026789635485, 0.18055036016075351]
     [0.128096830473975, 1.0, 0.18065586663981048]
     [0.11698458854318115, 0.8545051968965013, 0.1402372936628972]
     [0.11680866530968305, 0.8293990630947152, 0.16486826077365024]
     [0.11012503634777551, 0.8758600497730933, 0.16083983157329343]
     [0.11283076475719686, 1.0, 0.1544327108451069]
     [0.11790927595231172, 0.7351412677499634, 0.13739821022645526]

Gen: 22
     continue

Gen: 23
     [0.11698458854318115, 0.8545051968965013, 0.1402372936628972]
     [0.1098371619656877, 0.8545051968965013, 0.12835342752184464]
     [0.12785693515556848, 0.8545051968965013, 0.1738746774858765]
     [0.11790927595231172, 0.7351412677499634, 0.13739821022645526]
     [0.11862314626344868, 0.5942760942760943, 0.1205555395697254]
     [0.11374091305612097, 1.0, 0.17237840378288685]
     [0.11382087816225647, 0.8424279022105109, 0.16080146558090908]
     [0.11862314626344868, 0.5942760942760943, 0.1205555395697254]
     [0.11680866530968305, 0.8293990630947152, 0.16486826077365024]
     [0.11712271009014248, 1.0, 0.1460497415091263]
     [0.12261994765920325, 0.8545051968965013, 0.16623984500139077]
     [0.11790927595231172, 0.7351412677499634, 0.13739821022645526]
     [0.12156150043617331, 0.8424279022105109, 0.13757085719218484]
     [0.11737132887467287, 0.8257026789635485, 0.18055036016075351]
     [0.128096830473975, 1.0, 0.18065586663981048]
     [0.11698458854318115, 0.8545051968965013, 0.1402372936628972]
     [0.11862314626344868, 0.5942760942760943, 0.1205555395697254]
     [0.11012503634777551, 0.8758600497730933, 0.16083983157329343]
     [0.11283076475719686, 1.0, 0.1544327108451069]
     [0.11790927595231172, 0.7351412677499634, 0.13739821022645526]

Gen: 24
     continue

Gen: 25
     continue

Gen: 26
     continue

Gen: 27
     [0.11698458854318115, 0.8545051968965013, 0.1402372936628972]
     [0.1098371619656877, 0.8545051968965013, 0.12835342752184464]
     [0.12785693515556848, 0.8545051968965013, 0.1738746774858765]
     [0.11790927595231172, 0.7351412677499634, 0.13739821022645526]
     [0.11862314626344868, 0.5942760942760943, 0.1205555395697254]
     [0.11374091305612097, 1.0, 0.17237840378288685]
     [0.11382087816225647, 0.8424279022105109, 0.16080146558090908]
     [0.11862314626344868, 0.5942760942760943, 0.1205555395697254]
     [0.11680866530968305, 0.8293990630947152, 0.16486826077365024]
     [0.11712271009014248, 1.0, 0.1460497415091263]
     [0.12261994765920325, 0.8545051968965013, 0.16623984500139077]
     [0.11790927595231172, 0.7351412677499634, 0.13739821022645526]
     [0.12156150043617331, 0.8424279022105109, 0.13757085719218484]
     [0.11737132887467287, 0.8257026789635485, 0.18055036016075351]
     [0.128096830473975, 1.0, 0.18065586663981048]
     [0.11698458854318115, 0.8545051968965013, 0.1402372936628972]
     [0.11862314626344868, 0.5942760942760943, 0.1205555395697254]
     [0.11012503634777551, 0.8758600497730933, 0.16083983157329343]
     [0.11283076475719686, 1.0, 0.1544327108451069]
     [0.11790927595231172, 0.7351412677499634, 0.13739821022645526]

Gen: 28
     continue

Gen: 29
     continue

Gen: 30
     [0.11698458854318115, 0.8545051968965013, 0.1402372936628972]
     [0.1098371619656877, 0.8545051968965013, 0.12835342752184464]
     [0.12785693515556848, 0.8545051968965013, 0.1738746774858765]
     [0.11790927595231172, 0.7351412677499634, 0.13739821022645526]
     [0.11862314626344868, 0.5942760942760943, 0.1205555395697254]
     [0.11374091305612097, 1.0, 0.17237840378288685]
     [0.11382087816225647, 0.8424279022105109, 0.16080146558090908]
     [0.11862314626344868, 0.5942760942760943, 0.1205555395697254]
     [0.11680866530968305, 0.8293990630947152, 0.16486826077365024]
     [0.11712271009014248, 1.0, 0.1460497415091263]
     [0.12261994765920325, 0.8545051968965013, 0.16623984500139077]
     [0.11790927595231172, 0.7351412677499634, 0.13739821022645526]
     [0.12156150043617331, 0.8424279022105109, 0.13757085719218484]
     [0.11737132887467287, 0.8257026789635485, 0.18055036016075351]
     [0.128096830473975, 1.0, 0.18065586663981048]
     [0.11698458854318115, 0.8545051968965013, 0.1402372936628972]
     [0.11862314626344868, 0.5942760942760943, 0.1205555395697254]
     [0.11012503634777551, 0.8758600497730933, 0.16083983157329343]
     [0.11283076475719686, 1.0, 0.1544327108451069]
     [0.11790927595231172, 0.7351412677499634, 0.13739821022645526]

Gen: 31
     [0.11698458854318115, 0.8545051968965013, 0.1402372936628972]
     [0.1098371619656877, 0.8545051968965013, 0.12835342752184464]
     [0.12785693515556848, 0.8545051968965013, 0.1738746774858765]
     [0.11790927595231172, 0.7351412677499634, 0.13739821022645526]
     [0.11862314626344868, 0.5942760942760943, 0.1205555395697254]
     [0.11374091305612097, 1.0, 0.17237840378288685]
     [0.11382087816225647, 0.8424279022105109, 0.16080146558090908]
     [0.11862314626344868, 0.5942760942760943, 0.1205555395697254]
     [0.11680866530968305, 0.8293990630947152, 0.16486826077365024]
     [0.11712271009014248, 1.0, 0.1460497415091263]
     [0.12261994765920325, 0.8545051968965013, 0.16623984500139077]
     [0.11790927595231172, 0.7351412677499634, 0.13739821022645526]
     [0.12156150043617331, 0.8424279022105109, 0.13757085719218484]
     [0.11737132887467287, 0.8257026789635485, 0.18055036016075351]
     [0.128096830473975, 1.0, 0.18065586663981048]
     [0.11698458854318115, 0.8545051968965013, 0.1402372936628972]
     [0.11862314626344868, 0.5942760942760943, 0.1205555395697254]
     [0.11012503634777551, 0.8758600497730933, 0.16083983157329343]
     [0.11283076475719686, 1.0, 0.1544327108451069]
     [0.11790927595231172, 0.7351412677499634, 0.13739821022645526]

Gen: 32
     continue

Gen: 33
     continue

Gen: 34
     continue

Gen: 35
     continue

Gen: 36
     continue

Gen: 37
     continue

Gen: 38
     continue

Gen: 39
     continue

Gen: 40
     continue

Gen: 41
     [0.11698458854318115, 0.8545051968965013, 0.1402372936628972]
     [0.1098371619656877, 0.8545051968965013, 0.12835342752184464]
     [0.12785693515556848, 0.8545051968965013, 0.1738746774858765]
     [0.11790927595231172, 0.7351412677499634, 0.13739821022645526]
     [0.11862314626344868, 0.5942760942760943, 0.1205555395697254]
     [0.12339779005524862, 0.7351412677499634, 0.1436614584832005]
     [0.12339779005524862, 0.7351412677499634, 0.1436614584832005]
     [0.11862314626344868, 0.5942760942760943, 0.1205555395697254]
     [0.11680866530968305, 0.8293990630947152, 0.16486826077365024]
     [0.11712271009014248, 1.0, 0.1460497415091263]
     [0.12261994765920325, 0.8545051968965013, 0.16623984500139077]
     [0.11790927595231172, 0.7351412677499634, 0.13739821022645526]
     [0.12156150043617331, 0.8424279022105109, 0.13757085719218484]
     [0.11737132887467287, 0.8257026789635485, 0.18055036016075351]
     [0.128096830473975, 1.0, 0.18065586663981048]
     [0.11698458854318115, 0.8545051968965013, 0.1402372936628972]
     [0.11862314626344868, 0.5942760942760943, 0.1205555395697254]
     [0.11012503634777551, 0.8758600497730933, 0.16083983157329343]
     [0.11283076475719686, 1.0, 0.1544327108451069]
     [0.11790927595231172, 0.7351412677499634, 0.13739821022645526]

Gen: 42
     continue

Gen: 43
     continue

Gen: 44
     continue

Gen: 45
     continue

Gen: 46
     continue

Gen: 47
     [0.13269409712125618, 0.6551017420582638, 0.10873881391534544]
     [0.1098371619656877, 0.8545051968965013, 0.12835342752184464]
     [0.12785693515556848, 0.8545051968965013, 0.1738746774858765]
     [0.11790927595231172, 0.7351412677499634, 0.13739821022645526]
     [0.11862314626344868, 0.5942760942760943, 0.1205555395697254]
     [0.12339779005524862, 0.7351412677499634, 0.1436614584832005]
     [0.12339779005524862, 0.7351412677499634, 0.1436614584832005]
     [0.11862314626344868, 0.5942760942760943, 0.1205555395697254]
     [0.11680866530968305, 0.8293990630947152, 0.16486826077365024]
     [0.11712271009014248, 1.0, 0.1460497415091263]
     [0.12261994765920325, 0.8545051968965013, 0.16623984500139077]
     [0.11790927595231172, 0.7351412677499634, 0.13739821022645526]
     [0.12156150043617331, 0.8424279022105109, 0.13757085719218484]
     [0.11737132887467287, 0.8257026789635485, 0.18055036016075351]
     [0.128096830473975, 1.0, 0.18065586663981048]
     [0.13269409712125618, 0.6551017420582638, 0.10873881391534544]
     [0.11862314626344868, 0.5942760942760943, 0.1205555395697254]
     [0.11012503634777551, 0.8758600497730933, 0.16083983157329343]
     [0.11283076475719686, 1.0, 0.1544327108451069]
     [0.13269409712125618, 0.6551017420582638, 0.10873881391534544]

Gen: 48
     continue

Gen: 49
     [0.13269409712125618, 0.6551017420582638, 0.10873881391534544]
     [0.11334399534748474, 0.7087908066168935, 0.11467595123682368]
     [0.12785693515556848, 0.8545051968965013, 0.1738746774858765]
     [0.11790927595231172, 0.7351412677499634, 0.13739821022645526]
     [0.11862314626344868, 0.5942760942760943, 0.1205555395697254]
     [0.12339779005524862, 0.7351412677499634, 0.1436614584832005]
     [0.12339779005524862, 0.7351412677499634, 0.1436614584832005]
     [0.11862314626344868, 0.5942760942760943, 0.1205555395697254]
     [0.11680866530968305, 0.8293990630947152, 0.16486826077365024]
     [0.11334399534748474, 0.7087908066168935, 0.11467595123682368]
     [0.12261994765920325, 0.8545051968965013, 0.16623984500139077]
     [0.11790927595231172, 0.7351412677499634, 0.13739821022645526]
     [0.12156150043617331, 0.8424279022105109, 0.13757085719218484]
     [0.11737132887467287, 0.8257026789635485, 0.18055036016075351]
     [0.128096830473975, 1.0, 0.18065586663981048]
     [0.13269409712125618, 0.6551017420582638, 0.10873881391534544]
     [0.11862314626344868, 0.5942760942760943, 0.1205555395697254]
     [0.11012503634777551, 0.8758600497730933, 0.16083983157329343]
     [0.11283076475719686, 1.0, 0.1544327108451069]
     [0.13269409712125618, 0.6551017420582638, 0.10873881391534544]

Gen: 50
     continue

Gen: 51
     continue

Gen: 52
     continue

Gen: 53
     continue

Gen: 54
     continue

Gen: 55
     continue

Gen: 56
     continue

Gen: 57
     continue

Gen: 58
     continue

Gen: 59
     [0.13269409712125618, 0.6551017420582638, 0.10873881391534544]
     [0.11334399534748474, 0.7087908066168935, 0.11467595123682368]
     [0.12785693515556848, 0.8545051968965013, 0.1738746774858765]
     [0.11790927595231172, 0.7351412677499634, 0.13739821022645526]
     [0.11862314626344868, 0.5942760942760943, 0.1205555395697254]
     [0.12163564989822623, 0.6969330991070122, 0.12609942546926403]
     [0.12163564989822623, 0.6969330991070122, 0.12609942546926403]
     [0.11862314626344868, 0.5942760942760943, 0.1205555395697254]
     [0.12163564989822623, 0.6969330991070122, 0.12609942546926403]
     [0.11334399534748474, 0.7087908066168935, 0.11467595123682368]
     [0.12261994765920325, 0.8545051968965013, 0.16623984500139077]
     [0.11790927595231172, 0.7351412677499634, 0.13739821022645526]
     [0.12156150043617331, 0.8424279022105109, 0.13757085719218484]
     [0.11737132887467287, 0.8257026789635485, 0.18055036016075351]
     [0.128096830473975, 1.0, 0.18065586663981048]
     [0.13269409712125618, 0.6551017420582638, 0.10873881391534544]
     [0.11862314626344868, 0.5942760942760943, 0.1205555395697254]
     [0.11012503634777551, 0.8758600497730933, 0.16083983157329343]
     [0.11283076475719686, 1.0, 0.1544327108451069]
     [0.13269409712125618, 0.6551017420582638, 0.10873881391534544]

Gen: 60
     continue

Gen: 61
     continue

Gen: 62
     continue

Gen: 63
     [0.13269409712125618, 0.6551017420582638, 0.10873881391534544]
     [0.11334399534748474, 0.7087908066168935, 0.11467595123682368]
     [0.12785693515556848, 0.8545051968965013, 0.1738746774858765]
     [0.11790927595231172, 0.7351412677499634, 0.13739821022645526]
     [0.11862314626344868, 0.5942760942760943, 0.1205555395697254]
     [0.12163564989822623, 0.6969330991070122, 0.12609942546926403]
     [0.12163564989822623, 0.6969330991070122, 0.12609942546926403]
     [0.11862314626344868, 0.5942760942760943, 0.1205555395697254]
     [0.12163564989822623, 0.6969330991070122, 0.12609942546926403]
     [0.11334399534748474, 0.7087908066168935, 0.11467595123682368]
     [0.12261994765920325, 0.8545051968965013, 0.16623984500139077]
     [0.11790927595231172, 0.7351412677499634, 0.13739821022645526]
     [0.12156150043617331, 0.8424279022105109, 0.13757085719218484]
     [0.11737132887467287, 0.8257026789635485, 0.18055036016075351]
     [0.128096830473975, 1.0, 0.18065586663981048]
     [0.13269409712125618, 0.6551017420582638, 0.10873881391534544]
     [0.11862314626344868, 0.5942760942760943, 0.1205555395697254]
     [0.11012503634777551, 0.8758600497730933, 0.16083983157329343]
     [0.11283076475719686, 1.0, 0.1544327108451069]
     [0.13269409712125618, 0.6551017420582638, 0.10873881391534544]

Gen: 64
     [0.13269409712125618, 0.6551017420582638, 0.10873881391534544]
     [0.11334399534748474, 0.7087908066168935, 0.11467595123682368]
     [0.11611078801977319, 0.8293990630947152, 0.12307810356899644]
     [0.11790927595231172, 0.7351412677499634, 0.13739821022645526]
     [0.11862314626344868, 0.5942760942760943, 0.1205555395697254]
     [0.12163564989822623, 0.6969330991070122, 0.12609942546926403]
     [0.12163564989822623, 0.6969330991070122, 0.12609942546926403]
     [0.11862314626344868, 0.5942760942760943, 0.1205555395697254]
     [0.12163564989822623, 0.6969330991070122, 0.12609942546926403]
     [0.11334399534748474, 0.7087908066168935, 0.11467595123682368]
     [0.12261994765920325, 0.8545051968965013, 0.16623984500139077]
     [0.11790927595231172, 0.7351412677499634, 0.13739821022645526]
     [0.11611078801977319, 0.8293990630947152, 0.12307810356899644]
     [0.11611078801977319, 0.8293990630947152, 0.12307810356899644]
     [0.128096830473975, 1.0, 0.18065586663981048]
     [0.13269409712125618, 0.6551017420582638, 0.10873881391534544]
     [0.11862314626344868, 0.5942760942760943, 0.1205555395697254]
     [0.11012503634777551, 0.8758600497730933, 0.16083983157329343]
     [0.11283076475719686, 1.0, 0.1544327108451069]
     [0.13269409712125618, 0.6551017420582638, 0.10873881391534544]

Gen: 65
     continue

Gen: 66
     continue

Gen: 67
     continue

Gen: 68
     continue

Gen: 69
     continue

Gen: 70
     continue

Gen: 71
     continue

Gen: 72
     continue

Gen: 73
     continue

Gen: 74
     continue

Gen: 75
     continue

Gen: 76
     continue

Gen: 77
     continue

Gen: 78
     continue

Gen: 79
     continue

Gen: 80
     continue

Gen: 81
     continue

Gen: 82
     continue

Gen: 83
     continue

Gen: 84
     continue

Gen: 85
     continue

Gen: 86
     continue

Gen: 87
     continue

Gen: 88
     continue

Gen: 89
     continue

Gen: 90
     continue

Gen: 91
     continue

Gen: 92
     continue

Gen: 93
     continue

Gen: 94
     [0.13269409712125618, 0.6551017420582638, 0.10873881391534544]
     [0.11334399534748474, 0.7087908066168935, 0.11467595123682368]
     [0.11611078801977319, 0.8293990630947152, 0.12307810356899644]
     [0.11790927595231172, 0.7351412677499634, 0.13739821022645526]
     [0.11862314626344868, 0.5942760942760943, 0.1205555395697254]
     [0.1165644082582146, 0.7015627287366418, 0.14518650668047842]
     [0.1165644082582146, 0.7015627287366418, 0.14518650668047842]
     [0.11862314626344868, 0.5942760942760943, 0.1205555395697254]
     [0.1165644082582146, 0.7015627287366418, 0.14518650668047842]
     [0.11334399534748474, 0.7087908066168935, 0.11467595123682368]
     [0.12261994765920325, 0.8545051968965013, 0.16623984500139077]
     [0.11790927595231172, 0.7351412677499634, 0.13739821022645526]
     [0.11611078801977319, 0.8293990630947152, 0.12307810356899644]
     [0.11611078801977319, 0.8293990630947152, 0.12307810356899644]
     [0.128096830473975, 1.0, 0.18065586663981048]
     [0.13269409712125618, 0.6551017420582638, 0.10873881391534544]
     [0.11862314626344868, 0.5942760942760943, 0.1205555395697254]
     [0.11012503634777551, 0.8758600497730933, 0.16083983157329343]
     [0.11283076475719686, 1.0, 0.1544327108451069]
     [0.13269409712125618, 0.6551017420582638, 0.10873881391534544]

Gen: 95
     continue

Gen: 96
     continue

Gen: 97
     continue

Gen: 98
     [0.13269409712125618, 0.6551017420582638, 0.10873881391534544]
     [0.11334399534748474, 0.7087908066168935, 0.11467595123682368]
     [0.11611078801977319, 0.8293990630947152, 0.12307810356899644]
     [0.11790927595231172, 0.7351412677499634, 0.13739821022645526]
     [0.11862314626344868, 0.5942760942760943, 0.1205555395697254]
     [0.1165644082582146, 0.7015627287366418, 0.14518650668047842]
     [0.1165644082582146, 0.7015627287366418, 0.14518650668047842]
     [0.11862314626344868, 0.5942760942760943, 0.1205555395697254]
     [0.1165644082582146, 0.7015627287366418, 0.14518650668047842]
     [0.11334399534748474, 0.7087908066168935, 0.11467595123682368]
     [0.12261994765920325, 0.8545051968965013, 0.16623984500139077]
     [0.11790927595231172, 0.7351412677499634, 0.13739821022645526]
     [0.11611078801977319, 0.8293990630947152, 0.12307810356899644]
     [0.11611078801977319, 0.8293990630947152, 0.12307810356899644]
     [0.128096830473975, 1.0, 0.18065586663981048]
     [0.13269409712125618, 0.6551017420582638, 0.10873881391534544]
     [0.11862314626344868, 0.5942760942760943, 0.1205555395697254]
     [0.11012503634777551, 0.8758600497730933, 0.16083983157329343]
     [0.107247746437918, 1.0, 0.16509845672795634]
     [0.13269409712125618, 0.6551017420582638, 0.10873881391534544]

Gen: 99
     [0.13269409712125618, 0.6551017420582638, 0.10873881391534544]
     [0.11334399534748474, 0.7087908066168935, 0.11467595123682368]
     [0.11611078801977319, 0.8293990630947152, 0.12307810356899644]
     [0.11790927595231172, 0.7351412677499634, 0.13739821022645526]
     [0.11862314626344868, 0.5942760942760943, 0.1205555395697254]
     [0.1165644082582146, 0.7015627287366418, 0.14518650668047842]
     [0.1165644082582146, 0.7015627287366418, 0.14518650668047842]
     [0.11862314626344868, 0.5942760942760943, 0.1205555395697254]
     [0.1165644082582146, 0.7015627287366418, 0.14518650668047842]
     [0.11334399534748474, 0.7087908066168935, 0.11467595123682368]
     [0.12261994765920325, 0.8545051968965013, 0.16623984500139077]
     [0.11790927595231172, 0.7351412677499634, 0.13739821022645526]
     [0.11611078801977319, 0.8293990630947152, 0.12307810356899644]
     [0.11611078801977319, 0.8293990630947152, 0.12307810356899644]
     [0.128096830473975, 1.0, 0.18065586663981048]
     [0.13269409712125618, 0.6551017420582638, 0.10873881391534544]
     [0.11862314626344868, 0.5942760942760943, 0.1205555395697254]
     [0.11012503634777551, 0.8758600497730933, 0.16083983157329343]
     [0.10638121546961327, 0.8793917435221783, 0.16454214983838325]
     [0.13269409712125618, 0.6551017420582638, 0.10873881391534544]

Gen: 100
     continue

Gen: 101
     continue

Gen: 102
     [0.13269409712125618, 0.6551017420582638, 0.10873881391534544]
     [0.11334399534748474, 0.7087908066168935, 0.11467595123682368]
     [0.11611078801977319, 0.8293990630947152, 0.12307810356899644]
     [0.11790927595231172, 0.7351412677499634, 0.13739821022645526]
     [0.11862314626344868, 0.5942760942760943, 0.1205555395697254]
     [0.1165644082582146, 0.7015627287366418, 0.14518650668047842]
     [0.1165644082582146, 0.7015627287366418, 0.14518650668047842]
     [0.11862314626344868, 0.5942760942760943, 0.1205555395697254]
     [0.1165644082582146, 0.7015627287366418, 0.14518650668047842]
     [0.11334399534748474, 0.7087908066168935, 0.11467595123682368]
     [0.12261994765920325, 0.8545051968965013, 0.16623984500139077]
     [0.11790927595231172, 0.7351412677499634, 0.13739821022645526]
     [0.11611078801977319, 0.8293990630947152, 0.12307810356899644]
     [0.11611078801977319, 0.8293990630947152, 0.12307810356899644]
     [0.128096830473975, 1.0, 0.18065586663981048]
     [0.13269409712125618, 0.6551017420582638, 0.10873881391534544]
     [0.11862314626344868, 0.5942760942760943, 0.1205555395697254]
     [0.11012503634777551, 0.8758600497730933, 0.16083983157329343]
     [0.10638121546961327, 0.8793917435221783, 0.16454214983838325]
     [0.13269409712125618, 0.6551017420582638, 0.10873881391534544]

Gen: 103
     continue

Gen: 104
     continue

Gen: 105
     continue

Gen: 106
     continue

Gen: 107
     continue

Gen: 108
     [0.13269409712125618, 0.6551017420582638, 0.10873881391534544]
     [0.11334399534748474, 0.7087908066168935, 0.11467595123682368]
     [0.11611078801977319, 0.8293990630947152, 0.12307810356899644]
     [0.11790927595231172, 0.7351412677499634, 0.13739821022645526]
     [0.11862314626344868, 0.5942760942760943, 0.1205555395697254]
     [0.1165644082582146, 0.7015627287366418, 0.14518650668047842]
     [0.1165644082582146, 0.7015627287366418, 0.14518650668047842]
     [0.11862314626344868, 0.5942760942760943, 0.1205555395697254]
     [0.1165644082582146, 0.7015627287366418, 0.14518650668047842]
     [0.11334399534748474, 0.7087908066168935, 0.11467595123682368]
     [0.12261994765920325, 0.8545051968965013, 0.16623984500139077]
     [0.11790927595231172, 0.7351412677499634, 0.13739821022645526]
     [0.11611078801977319, 0.8293990630947152, 0.12307810356899644]
     [0.11611078801977319, 0.8293990630947152, 0.12307810356899644]
     [0.128096830473975, 1.0, 0.18065586663981048]
     [0.13269409712125618, 0.6551017420582638, 0.10873881391534544]
     [0.11862314626344868, 0.5942760942760943, 0.1205555395697254]
     [0.11012503634777551, 0.8758600497730933, 0.16083983157329343]
     [0.10638121546961327, 0.8793917435221783, 0.16454214983838325]
     [0.13269409712125618, 0.6551017420582638, 0.10873881391534544]

Gen: 109
     continue

Gen: 110
     continue

Gen: 111
     continue

Gen: 112
     continue

Gen: 113
     [0.13269409712125618, 0.6551017420582638, 0.10873881391534544]
     [0.11334399534748474, 0.7087908066168935, 0.11467595123682368]
     [0.11611078801977319, 0.8293990630947152, 0.12307810356899644]
     [0.11790927595231172, 0.7351412677499634, 0.13739821022645526]
     [0.11862314626344868, 0.5942760942760943, 0.1205555395697254]
     [0.1165644082582146, 0.7015627287366418, 0.14518650668047842]
     [0.1165644082582146, 0.7015627287366418, 0.14518650668047842]
     [0.11862314626344868, 0.5942760942760943, 0.1205555395697254]
     [0.1165644082582146, 0.7015627287366418, 0.14518650668047842]
     [0.11334399534748474, 0.7087908066168935, 0.11467595123682368]
     [0.12261994765920325, 0.8545051968965013, 0.16623984500139077]
     [0.11790927595231172, 0.7351412677499634, 0.13739821022645526]
     [0.11611078801977319, 0.8293990630947152, 0.12307810356899644]
     [0.11611078801977319, 0.8293990630947152, 0.12307810356899644]
     [0.128096830473975, 1.0, 0.18065586663981048]
     [0.13269409712125618, 0.6551017420582638, 0.10873881391534544]
     [0.11862314626344868, 0.5942760942760943, 0.1205555395697254]
     [0.11012503634777551, 0.8758600497730933, 0.16083983157329343]
     [0.10638121546961327, 0.8793917435221783, 0.16454214983838325]
     [0.13269409712125618, 0.6551017420582638, 0.10873881391534544]

Gen: 114
     continue

Gen: 115
     continue

Gen: 116
     continue

Gen: 117
     [0.13269409712125618, 0.6551017420582638, 0.10873881391534544]
     [0.11334399534748474, 0.7087908066168935, 0.11467595123682368]
     [0.11611078801977319, 0.8293990630947152, 0.12307810356899644]
     [0.11790927595231172, 0.7351412677499634, 0.13739821022645526]
     [0.11862314626344868, 0.5942760942760943, 0.1205555395697254]
     [0.1165644082582146, 0.7015627287366418, 0.14518650668047842]
     [0.1165644082582146, 0.7015627287366418, 0.14518650668047842]
     [0.11862314626344868, 0.5942760942760943, 0.1205555395697254]
     [0.1165644082582146, 0.7015627287366418, 0.14518650668047842]
     [0.11334399534748474, 0.7087908066168935, 0.11467595123682368]
     [0.12261994765920325, 0.8545051968965013, 0.16623984500139077]
     [0.11790927595231172, 0.7351412677499634, 0.13739821022645526]
     [0.11611078801977319, 0.8293990630947152, 0.12307810356899644]
     [0.11611078801977319, 0.8293990630947152, 0.12307810356899644]
     [0.128096830473975, 1.0, 0.18065586663981048]
     [0.13269409712125618, 0.6551017420582638, 0.10873881391534544]
     [0.11862314626344868, 0.5942760942760943, 0.1205555395697254]
     [0.11012503634777551, 0.8758600497730933, 0.16083983157329343]
     [0.10638121546961327, 0.8793917435221783, 0.16454214983838325]
     [0.13269409712125618, 0.6551017420582638, 0.10873881391534544]

Gen: 118
     continue

Gen: 119
     continue

Gen: 120
     continue

Gen: 121
     continue

Gen: 122
     continue

Gen: 123
     continue

Gen: 124
     continue

Gen: 125
     [0.13269409712125618, 0.6551017420582638, 0.10873881391534544]
     [0.11334399534748474, 0.7087908066168935, 0.11467595123682368]
     [0.11611078801977319, 0.8293990630947152, 0.12307810356899644]
     [0.11587089270136668, 0.6802078758600498, 0.12307810356899644]
     [0.11862314626344868, 0.5942760942760943, 0.1205555395697254]
     [0.1165644082582146, 0.7015627287366418, 0.14518650668047842]
     [0.1165644082582146, 0.7015627287366418, 0.14518650668047842]
     [0.11862314626344868, 0.5942760942760943, 0.1205555395697254]
     [0.1165644082582146, 0.7015627287366418, 0.14518650668047842]
     [0.11334399534748474, 0.7087908066168935, 0.11467595123682368]
     [0.12261994765920325, 0.8545051968965013, 0.16623984500139077]
     [0.11587089270136668, 0.6802078758600498, 0.12307810356899644]
     [0.11611078801977319, 0.8293990630947152, 0.12307810356899644]
     [0.11611078801977319, 0.8293990630947152, 0.12307810356899644]
     [0.128096830473975, 1.0, 0.18065586663981048]
     [0.13269409712125618, 0.6551017420582638, 0.10873881391534544]
     [0.11862314626344868, 0.5942760942760943, 0.1205555395697254]
     [0.11012503634777551, 0.8758600497730933, 0.16083983157329343]
     [0.10638121546961327, 0.8793917435221783, 0.16454214983838325]
     [0.13269409712125618, 0.6551017420582638, 0.10873881391534544]

Gen: 126
     continue

Gen: 127
     [0.13269409712125618, 0.6551017420582638, 0.10873881391534544]
     [0.11334399534748474, 0.7087908066168935, 0.11467595123682368]
     [0.11611078801977319, 0.8293990630947152, 0.12307810356899644]
     [0.11587089270136668, 0.6802078758600498, 0.12307810356899644]
     [0.11862314626344868, 0.5942760942760943, 0.1205555395697254]
     [0.1165644082582146, 0.7015627287366418, 0.14518650668047842]
     [0.1165644082582146, 0.7015627287366418, 0.14518650668047842]
     [0.11862314626344868, 0.5942760942760943, 0.1205555395697254]
     [0.1165644082582146, 0.7015627287366418, 0.14518650668047842]
     [0.11334399534748474, 0.7087908066168935, 0.11467595123682368]
     [0.12261994765920325, 0.8545051968965013, 0.16623984500139077]
     [0.11587089270136668, 0.6802078758600498, 0.12307810356899644]
     [0.11611078801977319, 0.8293990630947152, 0.12307810356899644]
     [0.11611078801977319, 0.8293990630947152, 0.12307810356899644]
     [0.128096830473975, 1.0, 0.18065586663981048]
     [0.13269409712125618, 0.6551017420582638, 0.10873881391534544]
     [0.11862314626344868, 0.5942760942760943, 0.1205555395697254]
     [0.11012503634777551, 0.8758600497730933, 0.16083983157329343]
     [0.10638121546961327, 0.8793917435221783, 0.16454214983838325]
     [0.13269409712125618, 0.6551017420582638, 0.10873881391534544]

Gen: 128
     continue

Gen: 129
     continue

Gen: 130
     continue

Gen: 131
     continue

Gen: 132
     continue

Gen: 133
     [0.13269409712125618, 0.6551017420582638, 0.10873881391534544]
     [0.11334399534748474, 0.7087908066168935, 0.11467595123682368]
     [0.11611078801977319, 0.8293990630947152, 0.12307810356899644]
     [0.11587089270136668, 0.6802078758600498, 0.12307810356899644]
     [0.11862314626344868, 0.5942760942760943, 0.1205555395697254]
     [0.10731608025588835, 0.7303652466695945, 0.1472294957749451]
     [0.10731608025588835, 0.7303652466695945, 0.1472294957749451]
     [0.11862314626344868, 0.5942760942760943, 0.1205555395697254]
     [0.10731608025588835, 0.7303652466695945, 0.1472294957749451]
     [0.11334399534748474, 0.7087908066168935, 0.11467595123682368]
     [0.12261994765920325, 0.8545051968965013, 0.16623984500139077]
     [0.11587089270136668, 0.6802078758600498, 0.12307810356899644]
     [0.11611078801977319, 0.8293990630947152, 0.12307810356899644]
     [0.11611078801977319, 0.8293990630947152, 0.12307810356899644]
     [0.128096830473975, 1.0, 0.18065586663981048]
     [0.13269409712125618, 0.6551017420582638, 0.10873881391534544]
     [0.11862314626344868, 0.5942760942760943, 0.1205555395697254]
     [0.11012503634777551, 0.8758600497730933, 0.16083983157329343]
     [0.10638121546961327, 0.8793917435221783, 0.16454214983838325]
     [0.13269409712125618, 0.6551017420582638, 0.10873881391534544]

Gen: 134
     [0.13269409712125618, 0.6551017420582638, 0.10873881391534544]
     [0.11334399534748474, 0.7087908066168935, 0.11467595123682368]
     [0.11611078801977319, 0.8293990630947152, 0.12307810356899644]
     [0.11587089270136668, 0.6802078758600498, 0.12307810356899644]
     [0.11862314626344868, 0.5942760942760943, 0.1205555395697254]
     [0.10731608025588835, 0.7303652466695945, 0.1472294957749451]
     [0.10731608025588835, 0.7303652466695945, 0.1472294957749451]
     [0.11862314626344868, 0.5942760942760943, 0.1205555395697254]
     [0.10731608025588835, 0.7303652466695945, 0.1472294957749451]
     [0.11334399534748474, 0.7087908066168935, 0.11467595123682368]
     [0.12261994765920325, 0.8545051968965013, 0.16623984500139077]
     [0.11587089270136668, 0.6802078758600498, 0.12307810356899644]
     [0.11611078801977319, 0.8293990630947152, 0.12307810356899644]
     [0.11611078801977319, 0.8293990630947152, 0.12307810356899644]
     [0.128096830473975, 1.0, 0.18065586663981048]
     [0.13269409712125618, 0.6551017420582638, 0.10873881391534544]
     [0.11862314626344868, 0.5942760942760943, 0.1205555395697254]
     [0.11012503634777551, 0.8758600497730933, 0.16083983157329343]
     [0.10638121546961327, 0.8793917435221783, 0.16454214983838325]
     [0.13269409712125618, 0.6551017420582638, 0.10873881391534544]

Gen: 135
     continue

Gen: 136
     continue

Gen: 137
     continue

Gen: 138
     continue

Gen: 139
     continue

Gen: 140
     [0.13269409712125618, 0.6551017420582638, 0.10873881391534544]
     [0.11334399534748474, 0.7087908066168935, 0.11467595123682368]
     [0.11611078801977319, 0.8293990630947152, 0.12307810356899644]
     [0.11587089270136668, 0.6802078758600498, 0.12307810356899644]
     [0.11862314626344868, 0.5942760942760943, 0.1205555395697254]
     [0.10731608025588835, 0.7303652466695945, 0.1472294957749451]
     [0.10731608025588835, 0.7303652466695945, 0.1472294957749451]
     [0.11862314626344868, 0.5942760942760943, 0.1205555395697254]
     [0.10731608025588835, 0.7303652466695945, 0.1472294957749451]
     [0.11334399534748474, 0.7087908066168935, 0.11467595123682368]
     [0.12261994765920325, 0.8545051968965013, 0.16623984500139077]
     [0.11587089270136668, 0.6802078758600498, 0.12307810356899644]
     [0.11611078801977319, 0.8293990630947152, 0.12307810356899644]
     [0.11611078801977319, 0.8293990630947152, 0.12307810356899644]
     [0.128096830473975, 1.0, 0.18065586663981048]
     [0.13269409712125618, 0.6551017420582638, 0.10873881391534544]
     [0.11862314626344868, 0.5942760942760943, 0.1205555395697254]
     [0.11012503634777551, 0.8758600497730933, 0.16083983157329343]
     [0.10638121546961327, 0.8793917435221783, 0.16454214983838325]
     [0.13269409712125618, 0.6551017420582638, 0.10873881391534544]

Gen: 141
     [0.13269409712125618, 0.6551017420582638, 0.10873881391534544]
     [0.11334399534748474, 0.7087908066168935, 0.11467595123682368]
     [0.11611078801977319, 0.8293990630947152, 0.12307810356899644]
     [0.11587089270136668, 0.6802078758600498, 0.12307810356899644]
     [0.11862314626344868, 0.5942760942760943, 0.1205555395697254]
     [0.10731608025588835, 0.7303652466695945, 0.1472294957749451]
     [0.10731608025588835, 0.7303652466695945, 0.1472294957749451]
     [0.11862314626344868, 0.5942760942760943, 0.1205555395697254]
     [0.10731608025588835, 0.7303652466695945, 0.1472294957749451]
     [0.11334399534748474, 0.7087908066168935, 0.11467595123682368]
     [0.12261994765920325, 0.8545051968965013, 0.16623984500139077]
     [0.11587089270136668, 0.6802078758600498, 0.12307810356899644]
     [0.11611078801977319, 0.8293990630947152, 0.12307810356899644]
     [0.11611078801977319, 0.8293990630947152, 0.12307810356899644]
     [0.128096830473975, 1.0, 0.18065586663981048]
     [0.13269409712125618, 0.6551017420582638, 0.10873881391534544]
     [0.11862314626344868, 0.5942760942760943, 0.1205555395697254]
     [0.11012503634777551, 0.8758600497730933, 0.16083983157329343]
     [0.10638121546961327, 0.8793917435221783, 0.16454214983838325]
     [0.13269409712125618, 0.6551017420582638, 0.10873881391534544]

Gen: 142
     continue

Gen: 143
     [0.13269409712125618, 0.6551017420582638, 0.10873881391534544]
     [0.11334399534748474, 0.7087908066168935, 0.11467595123682368]
     [0.11611078801977319, 0.8293990630947152, 0.12307810356899644]
     [0.11587089270136668, 0.6802078758600498, 0.12307810356899644]
     [0.11862314626344868, 0.5942760942760943, 0.1205555395697254]
     [0.10731608025588835, 0.7303652466695945, 0.1472294957749451]
     [0.10731608025588835, 0.7303652466695945, 0.1472294957749451]
     [0.11862314626344868, 0.5942760942760943, 0.1205555395697254]
     [0.10731608025588835, 0.7303652466695945, 0.1472294957749451]
     [0.11334399534748474, 0.7087908066168935, 0.11467595123682368]
     [0.12261994765920325, 0.8545051968965013, 0.16623984500139077]
     [0.11587089270136668, 0.6802078758600498, 0.12307810356899644]
     [0.11611078801977319, 0.8293990630947152, 0.12307810356899644]
     [0.11611078801977319, 0.8293990630947152, 0.12307810356899644]
     [0.128096830473975, 1.0, 0.18065586663981048]
     [0.13269409712125618, 0.6551017420582638, 0.10873881391534544]
     [0.11862314626344868, 0.5942760942760943, 0.1205555395697254]
     [0.11012503634777551, 0.8758600497730933, 0.16083983157329343]
     [0.10638121546961327, 0.8793917435221783, 0.16454214983838325]
     [0.13269409712125618, 0.6551017420582638, 0.10873881391534544]

Gen: 144
     continue

Gen: 145
     [0.13269409712125618, 0.6551017420582638, 0.10873881391534544]
     [0.11334399534748474, 0.7087908066168935, 0.11467595123682368]
     [0.11611078801977319, 0.8293990630947152, 0.12307810356899644]
     [0.11587089270136668, 0.6802078758600498, 0.12307810356899644]
     [0.11862314626344868, 0.5942760942760943, 0.1205555395697254]
     [0.10731608025588835, 0.7303652466695945, 0.1472294957749451]
     [0.10731608025588835, 0.7303652466695945, 0.1472294957749451]
     [0.11862314626344868, 0.5942760942760943, 0.1205555395697254]
     [0.10731608025588835, 0.7303652466695945, 0.1472294957749451]
     [0.11334399534748474, 0.7087908066168935, 0.11467595123682368]
     [0.12664873509741204, 0.6802078758600498, 0.10792353657717799]
     [0.11587089270136668, 0.6802078758600498, 0.12307810356899644]
     [0.11611078801977319, 0.8293990630947152, 0.12307810356899644]
     [0.11611078801977319, 0.8293990630947152, 0.12307810356899644]
     [0.128096830473975, 1.0, 0.18065586663981048]
     [0.13269409712125618, 0.6551017420582638, 0.10873881391534544]
     [0.11862314626344868, 0.5942760942760943, 0.1205555395697254]
     [0.12664873509741204, 0.6802078758600498, 0.10792353657717799]
     [0.10638121546961327, 0.8793917435221783, 0.16454214983838325]
     [0.13269409712125618, 0.6551017420582638, 0.10873881391534544]

Gen: 146
     continue

Gen: 147
     [0.13269409712125618, 0.6551017420582638, 0.10873881391534544]
     [0.11334399534748474, 0.7087908066168935, 0.11467595123682368]
     [0.1194315207909276, 0.8257026789635485, 0.1352784891472199]
     [0.11587089270136668, 0.6802078758600498, 0.12307810356899644]
     [0.11862314626344868, 0.5942760942760943, 0.1205555395697254]
     [0.10731608025588835, 0.7303652466695945, 0.1472294957749451]
     [0.10731608025588835, 0.7303652466695945, 0.1472294957749451]
     [0.11862314626344868, 0.5942760942760943, 0.1205555395697254]
     [0.10731608025588835, 0.7303652466695945, 0.1472294957749451]
     [0.11334399534748474, 0.7087908066168935, 0.11467595123682368]
     [0.12664873509741204, 0.6802078758600498, 0.10792353657717799]
     [0.11587089270136668, 0.6802078758600498, 0.12307810356899644]
     [0.1194315207909276, 0.8257026789635485, 0.1352784891472199]
     [0.1194315207909276, 0.8257026789635485, 0.1352784891472199]
     [0.128096830473975, 1.0, 0.18065586663981048]
     [0.13269409712125618, 0.6551017420582638, 0.10873881391534544]
     [0.11862314626344868, 0.5942760942760943, 0.1205555395697254]
     [0.12664873509741204, 0.6802078758600498, 0.10792353657717799]
     [0.10638121546961327, 0.8793917435221783, 0.16454214983838325]
     [0.13269409712125618, 0.6551017420582638, 0.10873881391534544]

Gen: 148
     continue

Gen: 149
     continue

Gen: 150
     continue

Gen: 151
     continue

Gen: 152
     continue

Gen: 153
     continue

Gen: 154
     continue

Gen: 155
     continue

Gen: 156
     continue

Gen: 157
     continue

Gen: 158
     continue

Gen: 159
     continue

Gen: 160
     [0.13269409712125618, 0.6551017420582638, 0.10873881391534544]
     [0.11334399534748474, 0.7087908066168935, 0.11467595123682368]
     [0.1194315207909276, 0.8257026789635485, 0.1352784891472199]
     [0.11587089270136668, 0.6802078758600498, 0.12307810356899644]
     [0.11862314626344868, 0.5942760942760943, 0.1205555395697254]
     [0.10731608025588835, 0.7303652466695945, 0.1472294957749451]
     [0.10731608025588835, 0.7303652466695945, 0.1472294957749451]
     [0.11862314626344868, 0.5942760942760943, 0.1205555395697254]
     [0.10731608025588835, 0.7303652466695945, 0.1472294957749451]
     [0.11334399534748474, 0.7087908066168935, 0.11467595123682368]
     [0.12664873509741204, 0.6802078758600498, 0.10792353657717799]
     [0.11587089270136668, 0.6802078758600498, 0.12307810356899644]
     [0.1194315207909276, 0.8257026789635485, 0.1352784891472199]
     [0.1194315207909276, 0.8257026789635485, 0.1352784891472199]
     [0.1085344576911893, 0.7472185624359537, 0.1329477551098706]
     [0.13269409712125618, 0.6551017420582638, 0.10873881391534544]
     [0.11862314626344868, 0.5942760942760943, 0.1205555395697254]
     [0.12664873509741204, 0.6802078758600498, 0.10792353657717799]
     [0.10638121546961327, 0.8793917435221783, 0.16454214983838325]
     [0.13269409712125618, 0.6551017420582638, 0.10873881391534544]

Gen: 161
     continue

Gen: 162
     [0.13269409712125618, 0.6551017420582638, 0.10873881391534544]
     [0.11334399534748474, 0.7087908066168935, 0.11467595123682368]
     [0.1194315207909276, 0.8257026789635485, 0.1352784891472199]
     [0.11587089270136668, 0.6802078758600498, 0.12307810356899644]
     [0.11862314626344868, 0.5942760942760943, 0.1205555395697254]
     [0.12767955801104972, 0.5476870150783194, 0.1100816236487977]
     [0.10731608025588835, 0.7303652466695945, 0.1472294957749451]
     [0.11862314626344868, 0.5942760942760943, 0.1205555395697254]
     [0.12767955801104972, 0.5476870150783194, 0.1100816236487977]
     [0.11334399534748474, 0.7087908066168935, 0.11467595123682368]
     [0.12664873509741204, 0.6802078758600498, 0.10792353657717799]
     [0.11587089270136668, 0.6802078758600498, 0.12307810356899644]
     [0.1194315207909276, 0.8257026789635485, 0.1352784891472199]
     [0.1194315207909276, 0.8257026789635485, 0.1352784891472199]
     [0.1085344576911893, 0.7472185624359537, 0.1329477551098706]
     [0.13269409712125618, 0.6551017420582638, 0.10873881391534544]
     [0.11862314626344868, 0.5942760942760943, 0.1205555395697254]
     [0.12664873509741204, 0.6802078758600498, 0.10792353657717799]
     [0.10638121546961327, 0.8793917435221783, 0.16454214983838325]
     [0.13269409712125618, 0.6551017420582638, 0.10873881391534544]

Gen: 163
     continue

Gen: 164
     [0.13269409712125618, 0.6551017420582638, 0.10873881391534544]
     [0.11334399534748474, 0.7087908066168935, 0.11467595123682368]
     [0.1194315207909276, 0.8257026789635485, 0.1352784891472199]
     [0.11587089270136668, 0.6802078758600498, 0.12307810356899644]
     [0.11862314626344868, 0.5942760942760943, 0.1205555395697254]
     [0.12767955801104972, 0.5476870150783194, 0.1100816236487977]
     [0.10731608025588835, 0.7303652466695945, 0.1472294957749451]
     [0.11862314626344868, 0.5942760942760943, 0.1205555395697254]
     [0.12767955801104972, 0.5476870150783194, 0.1100816236487977]
     [0.11334399534748474, 0.7087908066168935, 0.11467595123682368]
     [0.12664873509741204, 0.6802078758600498, 0.10792353657717799]
     [0.11587089270136668, 0.6802078758600498, 0.12307810356899644]
     [0.1194315207909276, 0.8257026789635485, 0.1352784891472199]
     [0.1194315207909276, 0.8257026789635485, 0.1352784891472199]
     [0.1085344576911893, 0.7472185624359537, 0.1329477551098706]
     [0.13269409712125618, 0.6551017420582638, 0.10873881391534544]
     [0.11862314626344868, 0.5942760942760943, 0.1205555395697254]
     [0.12664873509741204, 0.6802078758600498, 0.10792353657717799]
     [0.10638121546961327, 0.8793917435221783, 0.16454214983838325]
     [0.13269409712125618, 0.6551017420582638, 0.10873881391534544]

Gen: 165
     [0.13269409712125618, 0.6551017420582638, 0.10873881391534544]
     [0.11334399534748474, 0.7087908066168935, 0.11467595123682368]
     [0.1194315207909276, 0.8257026789635485, 0.1352784891472199]
     [0.1201468450130852, 0.7221124286341678, 0.10722335721616359]
     [0.11862314626344868, 0.5942760942760943, 0.1205555395697254]
     [0.12767955801104972, 0.5476870150783194, 0.1100816236487977]
     [0.10731608025588835, 0.7303652466695945, 0.1472294957749451]
     [0.11862314626344868, 0.5942760942760943, 0.1205555395697254]
     [0.12767955801104972, 0.5476870150783194, 0.1100816236487977]
     [0.11334399534748474, 0.7087908066168935, 0.11467595123682368]
     [0.12664873509741204, 0.6802078758600498, 0.10792353657717799]
     [0.11587089270136668, 0.6802078758600498, 0.12307810356899644]
     [0.1194315207909276, 0.8257026789635485, 0.1352784891472199]
     [0.1194315207909276, 0.8257026789635485, 0.1352784891472199]
     [0.1085344576911893, 0.7472185624359537, 0.1329477551098706]
     [0.13269409712125618, 0.6551017420582638, 0.10873881391534544]
     [0.11862314626344868, 0.5942760942760943, 0.1205555395697254]
     [0.12664873509741204, 0.6802078758600498, 0.10792353657717799]
     [0.10638121546961327, 0.8793917435221783, 0.16454214983838325]
     [0.13269409712125618, 0.6551017420582638, 0.10873881391534544]

Gen: 166
     continue

Gen: 167
     [0.13269409712125618, 0.6551017420582638, 0.10873881391534544]
     [0.11334399534748474, 0.7087908066168935, 0.11467595123682368]
     [0.1194315207909276, 0.8257026789635485, 0.1352784891472199]
     [0.1201468450130852, 0.7221124286341678, 0.10722335721616359]
     [0.11862314626344868, 0.5942760942760943, 0.1205555395697254]
     [0.12767955801104972, 0.5476870150783194, 0.1100816236487977]
     [0.10731608025588835, 0.7303652466695945, 0.1472294957749451]
     [0.11862314626344868, 0.5942760942760943, 0.1205555395697254]
     [0.12767955801104972, 0.5476870150783194, 0.1100816236487977]
     [0.11334399534748474, 0.7087908066168935, 0.11467595123682368]
     [0.12664873509741204, 0.6802078758600498, 0.10792353657717799]
     [0.11587089270136668, 0.6802078758600498, 0.12307810356899644]
     [0.1194315207909276, 0.8257026789635485, 0.1352784891472199]
     [0.1194315207909276, 0.8257026789635485, 0.1352784891472199]
     [0.1085344576911893, 0.7472185624359537, 0.1329477551098706]
     [0.13269409712125618, 0.6551017420582638, 0.10873881391534544]
     [0.11862314626344868, 0.5942760942760943, 0.1205555395697254]
     [0.12664873509741204, 0.6802078758600498, 0.10792353657717799]
     [0.10638121546961327, 0.8793917435221783, 0.16454214983838325]
     [0.13269409712125618, 0.6551017420582638, 0.10873881391534544]

Gen: 168
     continue

Gen: 169
     continue

Gen: 170
     continue

Gen: 171
     continue

Gen: 172
     continue

Gen: 173
     [0.13269409712125618, 0.6551017420582638, 0.10873881391534544]
     [0.11334399534748474, 0.7087908066168935, 0.11467595123682368]
     [0.1194315207909276, 0.8257026789635485, 0.1352784891472199]
     [0.1201468450130852, 0.7221124286341678, 0.10722335721616359]
     [0.11862314626344868, 0.5942760942760943, 0.1205555395697254]
     [0.12767955801104972, 0.5476870150783194, 0.1100816236487977]
     [0.10731608025588835, 0.7303652466695945, 0.1472294957749451]
     [0.11862314626344868, 0.5942760942760943, 0.1205555395697254]
     [0.12767955801104972, 0.5476870150783194, 0.1100816236487977]
     [0.11334399534748474, 0.7087908066168935, 0.11467595123682368]
     [0.12664873509741204, 0.6802078758600498, 0.10792353657717799]
     [0.11587089270136668, 0.6802078758600498, 0.12307810356899644]
     [0.1194315207909276, 0.8257026789635485, 0.1352784891472199]
     [0.1194315207909276, 0.8257026789635485, 0.1352784891472199]
     [0.1085344576911893, 0.7472185624359537, 0.1329477551098706]
     [0.13269409712125618, 0.6551017420582638, 0.10873881391534544]
     [0.11862314626344868, 0.5942760942760943, 0.1205555395697254]
     [0.12664873509741204, 0.6802078758600498, 0.10792353657717799]
     [0.10638121546961327, 0.8793917435221783, 0.16454214983838325]
     [0.13269409712125618, 0.6551017420582638, 0.10873881391534544]

Gen: 174
     continue

Gen: 175
     continue

Gen: 176
     [0.13269409712125618, 0.6551017420582638, 0.10873881391534544]
     [0.11334399534748474, 0.7087908066168935, 0.11467595123682368]
     [0.1194315207909276, 0.8257026789635485, 0.1352784891472199]
     [0.1201468450130852, 0.7221124286341678, 0.10722335721616359]
     [0.11862314626344868, 0.5942760942760943, 0.1205555395697254]
     [0.12767955801104972, 0.5476870150783194, 0.1100816236487977]
     [0.10731608025588835, 0.7303652466695945, 0.1472294957749451]
     [0.11862314626344868, 0.5942760942760943, 0.1205555395697254]
     [0.12767955801104972, 0.5476870150783194, 0.1100816236487977]
     [0.11334399534748474, 0.7087908066168935, 0.11467595123682368]
     [0.12664873509741204, 0.6802078758600498, 0.10792353657717799]
     [0.11587089270136668, 0.6802078758600498, 0.12307810356899644]
     [0.1194315207909276, 0.8257026789635485, 0.1352784891472199]
     [0.1194315207909276, 0.8257026789635485, 0.1352784891472199]
     [0.1085344576911893, 0.7472185624359537, 0.1329477551098706]
     [0.13269409712125618, 0.6551017420582638, 0.10873881391534544]
     [0.11862314626344868, 0.5942760942760943, 0.1205555395697254]
     [0.12664873509741204, 0.6802078758600498, 0.10792353657717799]
     [0.10638121546961327, 0.8793917435221783, 0.16454214983838325]
     [0.13269409712125618, 0.6551017420582638, 0.10873881391534544]

Gen: 177
     continue

Gen: 178
     continue

Gen: 179
     continue

Gen: 180
     [0.13269409712125618, 0.6551017420582638, 0.10873881391534544]
     [0.11334399534748474, 0.7087908066168935, 0.11467595123682368]
     [0.1194315207909276, 0.8257026789635485, 0.1352784891472199]
     [0.1201468450130852, 0.7221124286341678, 0.10722335721616359]
     [0.11862314626344868, 0.5942760942760943, 0.1205555395697254]
     [0.12767955801104972, 0.5476870150783194, 0.1100816236487977]
     [0.10731608025588835, 0.7303652466695945, 0.1472294957749451]
     [0.11862314626344868, 0.5942760942760943, 0.1205555395697254]
     [0.12767955801104972, 0.5476870150783194, 0.1100816236487977]
     [0.11334399534748474, 0.7087908066168935, 0.11467595123682368]
     [0.12664873509741204, 0.6802078758600498, 0.10792353657717799]
     [0.11587089270136668, 0.6802078758600498, 0.12307810356899644]
     [0.1194315207909276, 0.8257026789635485, 0.1352784891472199]
     [0.1194315207909276, 0.8257026789635485, 0.1352784891472199]
     [0.1085344576911893, 0.7472185624359537, 0.1329477551098706]
     [0.13269409712125618, 0.6551017420582638, 0.10873881391534544]
     [0.11862314626344868, 0.5942760942760943, 0.1205555395697254]
     [0.12664873509741204, 0.6802078758600498, 0.10792353657717799]
     [0.10638121546961327, 0.8793917435221783, 0.16454214983838325]
     [0.13269409712125618, 0.6551017420582638, 0.10873881391534544]

Gen: 181
     continue

Gen: 182
     continue

Gen: 183
     continue

Gen: 184
     continue

Gen: 185
     continue

Gen: 186
     [0.1285693515556848, 0.5475223246962377, 0.11347701397481273]
     [0.11334399534748474, 0.7087908066168935, 0.11467595123682368]
     [0.1194315207909276, 0.8257026789635485, 0.1352784891472199]
     [0.1201468450130852, 0.7221124286341678, 0.10722335721616359]
     [0.11862314626344868, 0.5942760942760943, 0.1205555395697254]
     [0.12767955801104972, 0.5476870150783194, 0.1100816236487977]
     [0.10731608025588835, 0.7303652466695945, 0.1472294957749451]
     [0.11862314626344868, 0.5942760942760943, 0.1205555395697254]
     [0.12767955801104972, 0.5476870150783194, 0.1100816236487977]
     [0.11334399534748474, 0.7087908066168935, 0.11467595123682368]
     [0.12664873509741204, 0.6802078758600498, 0.10792353657717799]
     [0.11587089270136668, 0.6802078758600498, 0.12307810356899644]
     [0.1194315207909276, 0.8257026789635485, 0.1352784891472199]
     [0.1194315207909276, 0.8257026789635485, 0.1352784891472199]
     [0.1085344576911893, 0.7472185624359537, 0.1329477551098706]
     [0.1285693515556848, 0.5475223246962377, 0.11347701397481273]
     [0.11862314626344868, 0.5942760942760943, 0.1205555395697254]
     [0.12664873509741204, 0.6802078758600498, 0.10792353657717799]
     [0.10638121546961327, 0.8793917435221783, 0.16454214983838325]
     [0.1285693515556848, 0.5475223246962377, 0.11347701397481273]

Gen: 187
     continue

Gen: 188
     continue

Gen: 189
     continue

Gen: 190
     [0.1285693515556848, 0.5475223246962377, 0.11347701397481273]
     [0.11334399534748474, 0.7087908066168935, 0.11467595123682368]
     [0.1194315207909276, 0.8257026789635485, 0.1352784891472199]
     [0.1201468450130852, 0.7221124286341678, 0.10722335721616359]
     [0.11862314626344868, 0.5942760942760943, 0.1205555395697254]
     [0.12767955801104972, 0.5476870150783194, 0.1100816236487977]
     [0.10731608025588835, 0.7303652466695945, 0.1472294957749451]
     [0.11862314626344868, 0.5942760942760943, 0.1205555395697254]
     [0.12767955801104972, 0.5476870150783194, 0.1100816236487977]
     [0.11334399534748474, 0.7087908066168935, 0.11467595123682368]
     [0.12664873509741204, 0.6802078758600498, 0.10792353657717799]
     [0.11587089270136668, 0.6802078758600498, 0.12307810356899644]
     [0.1194315207909276, 0.8257026789635485, 0.1352784891472199]
     [0.1194315207909276, 0.8257026789635485, 0.1352784891472199]
     [0.1085344576911893, 0.7472185624359537, 0.1329477551098706]
     [0.1285693515556848, 0.5475223246962377, 0.11347701397481273]
     [0.11862314626344868, 0.5942760942760943, 0.1205555395697254]
     [0.12664873509741204, 0.6802078758600498, 0.10792353657717799]
     [0.10638121546961327, 0.8793917435221783, 0.16454214983838325]
     [0.1285693515556848, 0.5475223246962377, 0.11347701397481273]

Gen: 191
     continue

Gen: 192
     continue

Gen: 193
     continue

Gen: 194
     continue

Gen: 195
     continue

Gen: 196
     continue

Gen: 197
     [0.1285693515556848, 0.5475223246962377, 0.11347701397481273]
     [0.11334399534748474, 0.7087908066168935, 0.11467595123682368]
     [0.1194315207909276, 0.8257026789635485, 0.1352784891472199]
     [0.1201468450130852, 0.7221124286341678, 0.10722335721616359]
     [0.11862314626344868, 0.5942760942760943, 0.1205555395697254]
     [0.12767955801104972, 0.5476870150783194, 0.1100816236487977]
     [0.10731608025588835, 0.7303652466695945, 0.1472294957749451]
     [0.11862314626344868, 0.5942760942760943, 0.1205555395697254]
     [0.12767955801104972, 0.5476870150783194, 0.1100816236487977]
     [0.11334399534748474, 0.7087908066168935, 0.11467595123682368]
     [0.12664873509741204, 0.6802078758600498, 0.10792353657717799]
     [0.11587089270136668, 0.6802078758600498, 0.12307810356899644]
     [0.1194315207909276, 0.8257026789635485, 0.1352784891472199]
     [0.1194315207909276, 0.8257026789635485, 0.1352784891472199]
     [0.1085344576911893, 0.7472185624359537, 0.1329477551098706]
     [0.1285693515556848, 0.5475223246962377, 0.11347701397481273]
     [0.11862314626344868, 0.5942760942760943, 0.1205555395697254]
     [0.12664873509741204, 0.6802078758600498, 0.10792353657717799]
     [0.10638121546961327, 0.8793917435221783, 0.16454214983838325]
     [0.1285693515556848, 0.5475223246962377, 0.11347701397481273]

Gen: 198
     continue

Gen: 199
     [0.1285693515556848, 0.5475223246962377, 0.11347701397481273]
     [0.11334399534748474, 0.7087908066168935, 0.11467595123682368]
     [0.1194315207909276, 0.8257026789635485, 0.1352784891472199]
     [0.1201468450130852, 0.7221124286341678, 0.10722335721616359]
     [0.11862314626344868, 0.5942760942760943, 0.1205555395697254]
     [0.12767955801104972, 0.5476870150783194, 0.1100816236487977]
     [0.10731608025588835, 0.7303652466695945, 0.1472294957749451]
     [0.11862314626344868, 0.5942760942760943, 0.1205555395697254]
     [0.12767955801104972, 0.5476870150783194, 0.1100816236487977]
     [0.11334399534748474, 0.7087908066168935, 0.11467595123682368]
     [0.12664873509741204, 0.6802078758600498, 0.10792353657717799]
     [0.11587089270136668, 0.6802078758600498, 0.12307810356899644]
     [0.1194315207909276, 0.8257026789635485, 0.1352784891472199]
     [0.1194315207909276, 0.8257026789635485, 0.1352784891472199]
     [0.1085344576911893, 0.7472185624359537, 0.1329477551098706]
     [0.1285693515556848, 0.5475223246962377, 0.11347701397481273]
     [0.11862314626344868, 0.5942760942760943, 0.1205555395697254]
     [0.12664873509741204, 0.6802078758600498, 0.10792353657717799]
     [0.10638121546961327, 0.8793917435221783, 0.16454214983838325]
     [0.1285693515556848, 0.5475223246962377, 0.11347701397481273]

Gen: 200
     continue

Gen: 201
     continue

Gen: 202
     continue

Gen: 203
     continue

Gen: 204
     [0.1285693515556848, 0.5475223246962377, 0.11347701397481273]
     [0.11334399534748474, 0.7087908066168935, 0.11467595123682368]
     [0.1194315207909276, 0.8257026789635485, 0.1352784891472199]
     [0.1201468450130852, 0.7221124286341678, 0.10722335721616359]
     [0.11862314626344868, 0.5942760942760943, 0.1205555395697254]
     [0.12767955801104972, 0.5476870150783194, 0.1100816236487977]
     [0.10731608025588835, 0.7303652466695945, 0.1472294957749451]
     [0.11862314626344868, 0.5942760942760943, 0.1205555395697254]
     [0.12767955801104972, 0.5476870150783194, 0.1100816236487977]
     [0.11334399534748474, 0.7087908066168935, 0.11467595123682368]
     [0.12664873509741204, 0.6802078758600498, 0.10792353657717799]
     [0.11587089270136668, 0.6802078758600498, 0.12307810356899644]
     [0.1194315207909276, 0.8257026789635485, 0.1352784891472199]
     [0.1194315207909276, 0.8257026789635485, 0.1352784891472199]
     [0.1085344576911893, 0.7472185624359537, 0.1329477551098706]
     [0.1285693515556848, 0.5475223246962377, 0.11347701397481273]
     [0.11862314626344868, 0.5942760942760943, 0.1205555395697254]
     [0.12664873509741204, 0.6802078758600498, 0.10792353657717799]
     [0.10638121546961327, 0.8793917435221783, 0.16454214983838325]
     [0.1285693515556848, 0.5475223246962377, 0.11347701397481273]

Gen: 205
     [0.1285693515556848, 0.5475223246962377, 0.11347701397481273]
     [0.11334399534748474, 0.7087908066168935, 0.11467595123682368]
     [0.1194315207909276, 0.8257026789635485, 0.1352784891472199]
     [0.1201468450130852, 0.7221124286341678, 0.10722335721616359]
     [0.11862314626344868, 0.5942760942760943, 0.1205555395697254]
     [0.12767955801104972, 0.5476870150783194, 0.1100816236487977]
     [0.10731608025588835, 0.7303652466695945, 0.1472294957749451]
     [0.11862314626344868, 0.5942760942760943, 0.1205555395697254]
     [0.12767955801104972, 0.5476870150783194, 0.1100816236487977]
     [0.11334399534748474, 0.7087908066168935, 0.11467595123682368]
     [0.12664873509741204, 0.6802078758600498, 0.10792353657717799]
     [0.11587089270136668, 0.6802078758600498, 0.12307810356899644]
     [0.1194315207909276, 0.8257026789635485, 0.1352784891472199]
     [0.1194315207909276, 0.8257026789635485, 0.1352784891472199]
     [0.1085344576911893, 0.7472185624359537, 0.1329477551098706]
     [0.1285693515556848, 0.5475223246962377, 0.11347701397481273]
     [0.11862314626344868, 0.5942760942760943, 0.1205555395697254]
     [0.12664873509741204, 0.6802078758600498, 0.10792353657717799]
     [0.10638121546961327, 0.8793917435221783, 0.16454214983838325]
     [0.1285693515556848, 0.5475223246962377, 0.11347701397481273]

