Gen: 2
     [0.1244023824166813, 0.589231061235142, 0.09247064508926524]
     [0.10935257790077901, 0.5889463569716956, 0.09372161237142411]
     [0.13229587653019387, 0.5861586277254502, 0.09778037418908875]
     [0.1175178827681134, 0.5806187572658901, 0.08691622801249133]
     [0.12885019475194753, 0.5773624522527225, 0.07689625535637275]
     [0.10554310900251859, 0.5750255047569337, 0.10747613527574806]
     [0.1272239061676331, 0.5650549241974898, 0.10519136129097377]
     [0.12481101373513735, 0.5577297207525682, 0.10140175624795456]
     [0.11479611447900193, 0.513120121473819, 0.08624027747616586]
     [0.12292893018215896, 0.4169493938171724, 0.06939045166341945]

Gen: 3
     [0.1175178827681134, 0.5806187572658901, 0.08691622801249133]
     [0.12885019475194753, 0.5773624522527225, 0.07689625535637275]
     [0.12885019475194753, 0.5773624522527225, 0.07689625535637275]
     [0.10554310900251859, 0.5750255047569337, 0.10747613527574806]
     [0.1272239061676331, 0.5650549241974898, 0.10519136129097377]
     [0.12481101373513735, 0.5577297207525682, 0.10140175624795456]
     [0.11775079804369472, 0.5434411255308548, 0.07188321042860157]
     [0.11479611447900193, 0.513120121473819, 0.08624027747616586]
     [0.11479611447900193, 0.513120121473819, 0.0910300446249698]
     [0.12292893018215896, 0.4169493938171724, 0.06939045166341945]

Gen: 4
     [0.12885019475194753, 0.5773624522527225, 0.07689625535637275]
     [0.10554310900251859, 0.5750255047569337, 0.10747613527574806]
     [0.1272239061676331, 0.5650549241974898, 0.10519136129097377]
     [0.12481101373513735, 0.5577297207525682, 0.10140175624795456]
     [0.11775079804369472, 0.5434411255308548, 0.07188321042860157]
     [0.12761194576231477, 0.5419049087760089, 0.0795817059034033]
     [0.11479611447900193, 0.513120121473819, 0.08624027747616586]
     [0.11479611447900193, 0.513120121473819, 0.0910300446249698]
     [0.12255141524629531, 0.43283945052077155, 0.08599558949921547]
     [0.12292893018215896, 0.4169493938171724, 0.06939045166341945]

Gen: 5
     [0.11775079804369472, 0.5434411255308548, 0.07188321042860157]
     [0.11775079804369472, 0.5434411255308548, 0.07188321042860157]
     [0.12761194576231477, 0.5419049087760089, 0.0795817059034033]
     [0.1280869281907105, 0.523826188047166, 0.07237564498221424]
     [0.11479611447900193, 0.513120121473819, 0.08624027747616586]
     [0.11479611447900193, 0.513120121473819, 0.0910300446249698]
     [0.10411129780940667, 0.48905074853495933, 0.08569890532716312]
     [0.12255141524629531, 0.43283945052077155, 0.08599558949921547]
     [0.12255141524629531, 0.43283945052077155, 0.08599558949921547]
     [0.12292893018215896, 0.4169493938171724, 0.06939045166341945]

Gen: 6
     [0.1280869281907105, 0.523826188047166, 0.07237564498221424]
     [0.11479611447900193, 0.513120121473819, 0.08624027747616586]
     [0.11479611447900193, 0.513120121473819, 0.08624027747616586]
     [0.11479611447900193, 0.513120121473819, 0.0910300446249698]
     [0.10411129780940667, 0.48905074853495933, 0.08569890532716312]
     [0.10411129780940667, 0.48905074853495933, 0.08569890532716312]
     [0.11548387805306624, 0.4549930010201903, 0.08186342128846572]
     [0.12255141524629531, 0.43283945052077155, 0.08599558949921547]
     [0.12255141524629531, 0.43283945052077155, 0.08599558949921547]
     [0.12292893018215896, 0.4169493938171724, 0.06939045166341945]

Gen: 7
     [0.11479611447900193, 0.513120121473819, 0.0910300446249698]
     [0.11392256779710654, 0.48905074853495933, 0.08674188782891416]
     [0.10411129780940667, 0.48905074853495933, 0.08569890532716312]
     [0.10411129780940667, 0.48905074853495933, 0.08569890532716312]
     [0.10411129780940667, 0.48905074853495933, 0.08569890532716312]
     [0.11548387805306624, 0.4549930010201903, 0.08186342128846572]
     [0.12255141524629531, 0.43283945052077155, 0.08599558949921547]
     [0.12255141524629531, 0.43283945052077155, 0.08599558949921547]
     [0.12255141524629531, 0.43283945052077155, 0.08599558949921547]
     [0.12292893018215896, 0.4169493938171724, 0.06939045166341945]

Gen: 8
     [0.10411129780940667, 0.48905074853495933, 0.08569890532716312]
     [0.10411129780940667, 0.48905074853495933, 0.08569890532716312]
     [0.10411129780940667, 0.48905074853495933, 0.08569890532716312]
     [0.10411129780940667, 0.48905074853495933, 0.08569890532716312]
     [0.11548387805306624, 0.4549930010201903, 0.08186342128846572]
     [0.12255141524629531, 0.43283945052077155, 0.08599558949921547]
     [0.12255141524629531, 0.43283945052077155, 0.08599558949921547]
     [0.12255141524629531, 0.43283945052077155, 0.08599558949921547]
     [0.12255141524629531, 0.43283945052077155, 0.08599558949921547]
     [0.12292893018215896, 0.4169493938171724, 0.06939045166341945]

Gen: 9
     [0.1298967119135477, 0.46098958456902894, 0.07417104301308775]
     [0.11548387805306624, 0.4549930010201903, 0.08186342128846572]
     [0.11548387805306624, 0.4549930010201903, 0.08186342128846572]
     [0.1194891971241141, 0.45475574746731834, 0.07274573554735171]
     [0.12255141524629531, 0.43283945052077155, 0.08599558949921547]
     [0.12255141524629531, 0.43283945052077155, 0.08599558949921547]
     [0.12255141524629531, 0.43283945052077155, 0.08599558949921547]
     [0.12255141524629531, 0.43283945052077155, 0.08599558949921547]
     [0.12255141524629531, 0.43283945052077155, 0.08599558949921547]
     [0.12292893018215896, 0.4169493938171724, 0.06939045166341945]

Gen: 10
     [0.11548387805306624, 0.4549930010201903, 0.08186342128846572]
     [0.1194891971241141, 0.45475574746731834, 0.07274573554735171]
     [0.12255141524629531, 0.43283945052077155, 0.08599558949921547]
     [0.12255141524629531, 0.43283945052077155, 0.08599558949921547]
     [0.12255141524629531, 0.43283945052077155, 0.08599558949921547]
     [0.12255141524629531, 0.43283945052077155, 0.08599558949921547]
     [0.12255141524629531, 0.43283945052077155, 0.08599558949921547]
     [0.12255141524629531, 0.43283945052077155, 0.08599558949921547]
     [0.1307711737831664, 0.4254193456547012, 0.0737367218540008]
     [0.12292893018215896, 0.4169493938171724, 0.06939045166341945]

Gen: 11
     [0.12255141524629531, 0.43283945052077155, 0.08599558949921547]
     [0.12255141524629531, 0.43283945052077155, 0.08599558949921547]
     [0.12255141524629531, 0.43283945052077155, 0.08599558949921547]
     [0.12255141524629531, 0.43283945052077155, 0.08599558949921547]
     [0.12255141524629531, 0.43283945052077155, 0.08599558949921547]
     [0.12255141524629531, 0.43283945052077155, 0.08599558949921547]
     [0.12255141524629531, 0.43283945052077155, 0.08599558949921547]
     [0.1307711737831664, 0.4254193456547012, 0.0737367218540008]
     [0.13060140646049317, 0.4169493938171724, 0.0643131761416988]
     [0.12292893018215896, 0.4169493938171724, 0.06939045166341945]

Gen: 12
     [0.12255141524629531, 0.43283945052077155, 0.08599558949921547]
     [0.12255141524629531, 0.43283945052077155, 0.08599558949921547]
     [0.12255141524629531, 0.43283945052077155, 0.08599558949921547]
     [0.12255141524629531, 0.43283945052077155, 0.08599558949921547]
     [0.12255141524629531, 0.43283945052077155, 0.08599558949921547]
     [0.12255141524629531, 0.43283945052077155, 0.08599558949921547]
     [0.1307711737831664, 0.4254193456547012, 0.0737367218540008]
     [0.12748107391788205, 0.42135637856176894, 0.06178677277968601]
     [0.13060140646049317, 0.4169493938171724, 0.0643131761416988]
     [0.12292893018215896, 0.4169493938171724, 0.06939045166341945]

Gen: 13
     [0.12255141524629531, 0.43283945052077155, 0.08599558949921547]
     [0.12255141524629531, 0.43283945052077155, 0.08599558949921547]
     [0.12255141524629531, 0.43283945052077155, 0.08599558949921547]
     [0.1307711737831664, 0.4254193456547012, 0.0737367218540008]
     [0.1307711737831664, 0.4254193456547012, 0.0737367218540008]
     [0.12748107391788205, 0.42135637856176894, 0.06178677277968601]
     [0.13060140646049317, 0.4169493938171724, 0.0643131761416988]
     [0.12292893018215896, 0.4169493938171724, 0.06939045166341945]
     [0.12292893018215896, 0.4169493938171724, 0.06939045166341945]
     [0.13247433813623852, 0.3678201143562125, 0.0572661624055275]

Gen: 14
     [0.1307711737831664, 0.4254193456547012, 0.0737367218540008]
     [0.1307711737831664, 0.4254193456547012, 0.0737367218540008]
     [0.12748107391788205, 0.42135637856176894, 0.06178677277968601]
     [0.12440924632460611, 0.42135637856176894, 0.067313662459053]
     [0.13060140646049317, 0.4169493938171724, 0.0643131761416988]
     [0.13060140646049317, 0.4169493938171724, 0.0643131761416988]
     [0.12292893018215896, 0.4169493938171724, 0.06939045166341945]
     [0.12292893018215896, 0.4169493938171724, 0.06939045166341945]
     [0.12292893018215896, 0.4169493938171724, 0.06939045166341945]
     [0.13247433813623852, 0.3678201143562125, 0.0572661624055275]

Gen: 15
     [0.12440924632460611, 0.42135637856176894, 0.067313662459053]
     [0.13060140646049317, 0.4169493938171724, 0.0643131761416988]
     [0.13060140646049317, 0.4169493938171724, 0.0643131761416988]
     [0.13060140646049317, 0.4169493938171724, 0.0643131761416988]
     [0.12292893018215896, 0.4169493938171724, 0.06939045166341945]
     [0.13060140646049317, 0.4169493938171724, 0.0643131761416988]
     [0.12292893018215896, 0.4169493938171724, 0.06939045166341945]
     [0.12292893018215896, 0.4169493938171724, 0.06939045166341945]
     [0.13060140646049317, 0.4169493938171724, 0.0643131761416988]
     [0.13247433813623852, 0.3678201143562125, 0.0572661624055275]

Gen: 16
     [0.12292893018215896, 0.4169493938171724, 0.06939045166341945]
     [0.12292893018215896, 0.4169493938171724, 0.06939045166341945]
     [0.13060140646049317, 0.4169493938171724, 0.0643131761416988]
     [0.12292893018215896, 0.4169493938171724, 0.06939045166341945]
     [0.1263517322673227, 0.4169493938171724, 0.06914576368646906]
     [0.12292893018215896, 0.4169493938171724, 0.06939045166341945]
     [0.13060140646049317, 0.4169493938171724, 0.0643131761416988]
     [0.1285024234170913, 0.4040072125080073, 0.06666829791984634]
     [0.13247433813623852, 0.3678201143562125, 0.0572661624055275]
     [0.13614927443917296, 0.3634131296116159, 0.05979256576754031]

Gen: 17
     [0.12292893018215896, 0.4169493938171724, 0.06939045166341945]
     [0.13060140646049317, 0.4169493938171724, 0.0643131761416988]
     [0.1285024234170913, 0.4040072125080073, 0.06666829791984634]
     [0.13247433813623852, 0.3678201143562125, 0.0572661624055275]
     [0.13247433813623852, 0.3678201143562125, 0.0572661624055275]
     [0.13614927443917296, 0.3634131296116159, 0.05979256576754031]
     [0.13614927443917296, 0.3634131296116159, 0.05979256576754031]
     [0.13614927443917296, 0.3634131296116159, 0.05979256576754031]
     [0.13614927443917296, 0.3634131296116159, 0.05979256576754031]
     [0.13614927443917296, 0.3634131296116159, 0.05979256576754031]

Gen: 18
     [0.13247433813623852, 0.3678201143562125, 0.0572661624055275]
     [0.13247433813623852, 0.3678201143562125, 0.0572661624055275]
     [0.13247433813623852, 0.3678201143562125, 0.0572661624055275]
     [0.13614927443917296, 0.3634131296116159, 0.05979256576754031]
     [0.13614927443917296, 0.3634131296116159, 0.05979256576754031]
     [0.13614927443917296, 0.3634131296116159, 0.05979256576754031]
     [0.13614927443917296, 0.3634131296116159, 0.05979256576754031]
     [0.13614927443917296, 0.3634131296116159, 0.05979256576754031]
     [0.13614927443917296, 0.3634131296116159, 0.05979256576754031]
     [0.13614927443917296, 0.3634131296116159, 0.05979256576754031]

Gen: 19
     [0.13247433813623852, 0.3678201143562125, 0.0572661624055275]
     [0.13247433813623852, 0.3678201143562125, 0.0572661624055275]
     [0.13614927443917296, 0.3634131296116159, 0.05979256576754031]
     [0.13614927443917296, 0.3634131296116159, 0.05979256576754031]
     [0.13614927443917296, 0.3634131296116159, 0.05979256576754031]
     [0.13614927443917296, 0.3634131296116159, 0.05979256576754031]
     [0.13614927443917296, 0.3634131296116159, 0.05979256576754031]
     [0.13614927443917296, 0.3634131296116159, 0.05979256576754031]
     [0.13614927443917296, 0.3634131296116159, 0.05979256576754031]
     [0.13614927443917296, 0.3634131296116159, 0.05979256576754031]

Gen: 20
     [0.13614927443917296, 0.3634131296116159, 0.05979256576754031]
     [0.13614927443917296, 0.3634131296116159, 0.05979256576754031]
     [0.13614927443917296, 0.3634131296116159, 0.05979256576754031]
     [0.13614927443917296, 0.3634131296116159, 0.05979256576754031]
     [0.13614927443917296, 0.3634131296116159, 0.05979256576754031]
     [0.13614927443917296, 0.3634131296116159, 0.05979256576754031]
     [0.13614927443917296, 0.3634131296116159, 0.05979256576754031]
     [0.13614927443917296, 0.3634131296116159, 0.05979256576754031]
     [0.13614927443917296, 0.3634131296116159, 0.05979256576754031]
     [0.13614927443917296, 0.3634131296116159, 0.05979256576754031]

