Gen: 1
     [0.18230829793101244, 0.6840705668698923, 0.4252708305470108]
     [0.1820005675028675, 0.6840705668698923, 0.4422896883776916]
     [0.18311359249297615, 0.6840705668698923, 0.31657081717266283]
     [0.17104816181025423, 0.752821377610585, 0.3459275110338371]
     [0.21535135221545926, 0.6840705668698923, 0.22258258659890331]
     [0.19201779241384548, 0.4494422104034246, 0.23482011501939282]

Gen: 2
     [0.18215043621787314, 0.6840705668698923, 0.36913200481476527]
     [0.1820005675028675, 0.6840705668698923, 0.4422896883776916]
     [0.18311359249297615, 0.6840705668698923, 0.31657081717266283]
     [0.17104816181025423, 0.752821377610585, 0.3459275110338371]
     [0.21535135221545926, 0.6840705668698923, 0.22258258659890331]
     [0.19201779241384548, 0.4494422104034246, 0.23482011501939282]

Gen: 3
     [0.18215043621787314, 0.6840705668698923, 0.36913200481476527]
     [0.1820005675028675, 0.6840705668698923, 0.4422896883776916]
     [0.18311359249297615, 0.6840705668698923, 0.31657081717266283]
     [0.17104816181025423, 0.752821377610585, 0.3459275110338371]
     [0.21535135221545926, 0.6840705668698923, 0.22258258659890331]
     [0.19201779241384548, 0.4494422104034246, 0.23482011501939282]

Gen: 4
     [0.17104816181025423, 0.752821377610585, 0.3459275110338371]
     [0.18011821644239645, 0.43689194448047736, 0.22191386919887657]

Gen: 5
     [0.17104816181025423, 0.752821377610585, 0.3459275110338371]
     [0.18011821644239645, 0.43689194448047736, 0.22191386919887657]

Gen: 6
     [0.17104816181025423, 0.752821377610585, 0.3459275110338371]
     [0.18011821644239645, 0.43689194448047736, 0.22191386919887657]

Gen: 7
     [0.17611772087651217, 0.6840705668698923, 0.40403905309616156]
     [0.17104816181025423, 0.752821377610585, 0.3459275110338371]
     [0.18011821644239645, 0.43689194448047736, 0.22191386919887657]

Gen: 8
     [0.17611772087651217, 0.6840705668698923, 0.40403905309616156]
     [0.17104816181025423, 0.752821377610585, 0.3459275110338371]
     [0.18011821644239645, 0.43689194448047736, 0.22191386919887657]

Gen: 9
     [0.17611772087651217, 0.6840705668698923, 0.40403905309616156]
     [0.17104816181025423, 0.752821377610585, 0.3459275110338371]
     [0.18011821644239645, 0.43689194448047736, 0.22191386919887657]

Gen: 10
     [0.17611772087651217, 0.6840705668698923, 0.40403905309616156]
     [0.17104816181025423, 0.752821377610585, 0.3459275110338371]
     [0.18011821644239645, 0.43689194448047736, 0.22191386919887657]

Gen: 11
     [0.17611772087651217, 0.6840705668698923, 0.40403905309616156]
     [0.17104816181025423, 0.752821377610585, 0.3459275110338371]
     [0.18011821644239645, 0.43689194448047736, 0.22191386919887657]

Gen: 12
     [0.17611772087651217, 0.6840705668698923, 0.40403905309616156]
     [0.17104816181025423, 0.752821377610585, 0.3459275110338371]
     [0.18011821644239645, 0.43689194448047736, 0.22191386919887657]

Gen: 13
     [0.17611772087651217, 0.6840705668698923, 0.40403905309616156]
     [0.17104816181025423, 0.752821377610585, 0.3459275110338371]
     [0.18011821644239645, 0.43689194448047736, 0.22191386919887657]

Gen: 14
     [0.17611772087651217, 0.6840705668698923, 0.40403905309616156]
     [0.17104816181025423, 0.752821377610585, 0.3459275110338371]
     [0.18011821644239645, 0.43689194448047736, 0.22191386919887657]

Gen: 15
     [0.17611772087651217, 0.6840705668698923, 0.40403905309616156]
     [0.17104816181025423, 0.752821377610585, 0.3459275110338371]
     [0.18011821644239645, 0.43689194448047736, 0.22191386919887657]

Gen: 16
     [0.17611772087651217, 0.6840705668698923, 0.40403905309616156]
     [0.17104816181025423, 0.752821377610585, 0.3459275110338371]
     [0.18011821644239645, 0.43689194448047736, 0.22191386919887657]

Gen: 17
     [0.17611772087651217, 0.6840705668698923, 0.40403905309616156]
     [0.17104816181025423, 0.752821377610585, 0.3459275110338371]
     [0.18011821644239645, 0.43689194448047736, 0.22191386919887657]

Gen: 18
     [0.17611772087651217, 0.6840705668698923, 0.40403905309616156]
     [0.17104816181025423, 0.752821377610585, 0.3459275110338371]
     [0.18011821644239645, 0.43689194448047736, 0.22191386919887657]

Gen: 19
     [0.17611772087651217, 0.6840705668698923, 0.40403905309616156]
     [0.17104816181025423, 0.752821377610585, 0.3459275110338371]
     [0.18011821644239645, 0.43689194448047736, 0.22191386919887657]

Gen: 20
     [0.17611772087651217, 0.6840705668698923, 0.40403905309616156]
     [0.17104816181025423, 0.752821377610585, 0.3459275110338371]
     [0.18011821644239645, 0.43689194448047736, 0.22191386919887657]

Gen: 21
     [0.17939085361223567, 0.752821377610585, 0.3275043466631002]
     [0.17611772087651217, 0.6840705668698923, 0.40403905309616156]
     [0.17104816181025423, 0.752821377610585, 0.3459275110338371]
     [0.18011821644239645, 0.43689194448047736, 0.22191386919887657]

Gen: 22
     [0.17939085361223567, 0.752821377610585, 0.3275043466631002]
     [0.17611772087651217, 0.6840705668698923, 0.40403905309616156]
     [0.18011821644239645, 0.43689194448047736, 0.22191386919887657]
     [0.17104816181025423, 0.752821377610585, 0.34241674468369665]

Gen: 23
     [0.17939085361223567, 0.752821377610585, 0.3275043466631002]
     [0.17611772087651217, 0.6840705668698923, 0.40403905309616156]
     [0.18011821644239645, 0.43689194448047736, 0.22191386919887657]
     [0.17104816181025423, 0.752821377610585, 0.34241674468369665]

Gen: 24
     [0.17939085361223567, 0.752821377610585, 0.3275043466631002]
     [0.17611772087651217, 0.6840705668698923, 0.40403905309616156]
     [0.18011821644239645, 0.43689194448047736, 0.22191386919887657]
     [0.17104816181025423, 0.752821377610585, 0.34241674468369665]

Gen: 25
     [0.17939085361223567, 0.752821377610585, 0.3275043466631002]
     [0.17611772087651217, 0.6840705668698923, 0.40403905309616156]
     [0.18011821644239645, 0.43689194448047736, 0.22191386919887657]
     [0.17104816181025423, 0.752821377610585, 0.34241674468369665]

Gen: 26
     [0.17939085361223567, 0.752821377610585, 0.3275043466631002]
     [0.17611772087651217, 0.6840705668698923, 0.40403905309616156]
     [0.22445537708966945, 0.7653716435335323, 0.2195399224287816]
     [0.1773806145816265, 0.6840705668698923, 0.37886184298515446]
     [0.18011821644239645, 0.43689194448047736, 0.22191386919887657]
     [0.17104816181025423, 0.752821377610585, 0.34241674468369665]

Gen: 27
     [0.17939085361223567, 0.752821377610585, 0.3275043466631002]
     [0.17611772087651217, 0.6840705668698923, 0.40403905309616156]
     [0.22445537708966945, 0.7653716435335323, 0.2195399224287816]
     [0.1773806145816265, 0.6840705668698923, 0.37886184298515446]
     [0.18011821644239645, 0.43689194448047736, 0.22191386919887657]
     [0.17104816181025423, 0.752821377610585, 0.34241674468369665]

Gen: 28
     [0.17939085361223567, 0.752821377610585, 0.3275043466631002]
     [0.17611772087651217, 0.6840705668698923, 0.40403905309616156]
     [0.22445537708966945, 0.7653716435335323, 0.2195399224287816]
     [0.1773806145816265, 0.6840705668698923, 0.37886184298515446]
     [0.18011821644239645, 0.43689194448047736, 0.22191386919887657]
     [0.17104816181025423, 0.752821377610585, 0.34241674468369665]

Gen: 29
     [0.17939085361223567, 0.752821377610585, 0.3275043466631002]
     [0.17611772087651217, 0.6840705668698923, 0.40403905309616156]
     [0.22445537708966945, 0.7653716435335323, 0.2195399224287816]
     [0.1773806145816265, 0.6840705668698923, 0.37886184298515446]
     [0.18011821644239645, 0.43689194448047736, 0.22191386919887657]
     [0.17104816181025423, 0.752821377610585, 0.34241674468369665]

Gen: 30
     [0.17939085361223567, 0.752821377610585, 0.3275043466631002]
     [0.17611772087651217, 0.6840705668698923, 0.40403905309616156]
     [0.22445537708966945, 0.7653716435335323, 0.2195399224287816]
     [0.1773806145816265, 0.6840705668698923, 0.37886184298515446]
     [0.18011821644239645, 0.43689194448047736, 0.22191386919887657]
     [0.17104816181025423, 0.752821377610585, 0.34241674468369665]

Gen: 31
     [0.17939085361223567, 0.752821377610585, 0.3275043466631002]
     [0.17611772087651217, 0.6840705668698923, 0.40403905309616156]
     [0.22445537708966945, 0.7653716435335323, 0.2195399224287816]
     [0.1773806145816265, 0.6840705668698923, 0.37886184298515446]
     [0.18011821644239645, 0.43689194448047736, 0.22191386919887657]
     [0.17104816181025423, 0.752821377610585, 0.34241674468369665]

Gen: 32
     [0.17939085361223567, 0.752821377610585, 0.3275043466631002]
     [0.17611772087651217, 0.6840705668698923, 0.40403905309616156]
     [0.22445537708966945, 0.7653716435335323, 0.2195399224287816]
     [0.1773806145816265, 0.6840705668698923, 0.37886184298515446]
     [0.18011821644239645, 0.43689194448047736, 0.22191386919887657]
     [0.17104816181025423, 0.752821377610585, 0.34241674468369665]

Gen: 33
     [0.17939085361223567, 0.752821377610585, 0.3275043466631002]
     [0.17611772087651217, 0.6840705668698923, 0.40403905309616156]
     [0.22445537708966945, 0.7653716435335323, 0.2195399224287816]
     [0.1773806145816265, 0.6840705668698923, 0.37886184298515446]
     [0.18011821644239645, 0.43689194448047736, 0.22191386919887657]
     [0.17104816181025423, 0.752821377610585, 0.34241674468369665]

Gen: 34
     [0.17939085361223567, 0.752821377610585, 0.3275043466631002]
     [0.1766492552523989, 0.752821377610585, 0.33606392938344254]
     [0.17611772087651217, 0.6840705668698923, 0.40403905309616156]
     [0.22445537708966945, 0.7653716435335323, 0.2195399224287816]
     [0.1773806145816265, 0.6840705668698923, 0.37886184298515446]
     [0.18011821644239645, 0.43689194448047736, 0.22191386919887657]
     [0.17104816181025423, 0.752821377610585, 0.34241674468369665]

Gen: 35
     [0.17939085361223567, 0.752821377610585, 0.3275043466631002]
     [0.1766492552523989, 0.752821377610585, 0.33606392938344254]
     [0.17611772087651217, 0.6840705668698923, 0.40403905309616156]
     [0.22445537708966945, 0.7653716435335323, 0.2195399224287816]
     [0.1773806145816265, 0.6840705668698923, 0.37886184298515446]
     [0.18011821644239645, 0.43689194448047736, 0.22191386919887657]
     [0.17104816181025423, 0.752821377610585, 0.34241674468369665]

Gen: 36
     [0.16227384810905646, 0.6840705668698923, 0.31934599438277383]
     [0.22445537708966945, 0.7653716435335323, 0.2195399224287816]
     [0.18011821644239645, 0.43689194448047736, 0.22191386919887657]

Gen: 37
     [0.16227384810905646, 0.6840705668698923, 0.31934599438277383]
     [0.22445537708966945, 0.7653716435335323, 0.2195399224287816]
     [0.18011821644239645, 0.43689194448047736, 0.22191386919887657]

Gen: 38
     [0.16227384810905646, 0.6840705668698923, 0.31934599438277383]
     [0.22445537708966945, 0.7653716435335323, 0.2195399224287816]
     [0.18011821644239645, 0.43689194448047736, 0.22191386919887657]

Gen: 39
     [0.16227384810905646, 0.6840705668698923, 0.31934599438277383]
     [0.22445537708966945, 0.7653716435335323, 0.2195399224287816]
     [0.18011821644239645, 0.43689194448047736, 0.22191386919887657]

Gen: 40
     [0.16227384810905646, 0.6840705668698923, 0.31934599438277383]
     [0.22445537708966945, 0.7653716435335323, 0.2195399224287816]
     [0.18011821644239645, 0.43689194448047736, 0.22191386919887657]

Gen: 41
     [0.16227384810905646, 0.6840705668698923, 0.31934599438277383]
     [0.22445537708966945, 0.7653716435335323, 0.2195399224287816]
     [0.17104816181025423, 0.43689194448047736, 0.28129597432125186]
     [0.18011821644239645, 0.43689194448047736, 0.22191386919887657]

Gen: 42
     [0.16227384810905646, 0.6840705668698923, 0.31934599438277383]
     [0.22445537708966945, 0.7653716435335323, 0.2195399224287816]
     [0.17104816181025423, 0.43689194448047736, 0.28129597432125186]
     [0.18011821644239645, 0.43689194448047736, 0.22191386919887657]

Gen: 43
     [0.16227384810905646, 0.6840705668698923, 0.31934599438277383]
     [0.22445537708966945, 0.7653716435335323, 0.2195399224287816]
     [0.17104816181025423, 0.43689194448047736, 0.28129597432125186]
     [0.18011821644239645, 0.43689194448047736, 0.22191386919887657]

Gen: 44
     [0.16227384810905646, 0.6840705668698923, 0.31934599438277383]
     [0.22445537708966945, 0.7653716435335323, 0.2195399224287816]
     [0.17104816181025423, 0.43689194448047736, 0.28129597432125186]
     [0.18011821644239645, 0.43689194448047736, 0.22191386919887657]

Gen: 45
     [0.16227384810905646, 0.6840705668698923, 0.31934599438277383]
     [0.22445537708966945, 0.7653716435335323, 0.2195399224287816]
     [0.17104816181025423, 0.43689194448047736, 0.28129597432125186]
     [0.18011821644239645, 0.43689194448047736, 0.22191386919887657]

Gen: 46
     [0.16227384810905646, 0.6840705668698923, 0.31934599438277383]
     [0.22445537708966945, 0.7653716435335323, 0.2195399224287816]
     [0.17104816181025423, 0.43689194448047736, 0.28129597432125186]
     [0.18011821644239645, 0.43689194448047736, 0.22191386919887657]

Gen: 47
     [0.16227384810905646, 0.6840705668698923, 0.31934599438277383]
     [0.22445537708966945, 0.7653716435335323, 0.2195399224287816]
     [0.17104816181025423, 0.43689194448047736, 0.28129597432125186]
     [0.18011821644239645, 0.43689194448047736, 0.22191386919887657]

Gen: 48
     [0.16227384810905646, 0.6840705668698923, 0.31934599438277383]
     [0.22445537708966945, 0.7653716435335323, 0.2195399224287816]
     [0.17104816181025423, 0.43689194448047736, 0.28129597432125186]
     [0.18011821644239645, 0.43689194448047736, 0.22191386919887657]

Gen: 49
     [0.16227384810905646, 0.6840705668698923, 0.31934599438277383]
     [0.22445537708966945, 0.7653716435335323, 0.2195399224287816]
     [0.17104816181025423, 0.43689194448047736, 0.28129597432125186]
     [0.18011821644239645, 0.43689194448047736, 0.22191386919887657]

Gen: 50
     [0.16227384810905646, 0.6840705668698923, 0.31934599438277383]
     [0.2024546497268393, 0.7977364119859904, 0.22010833221880433]
     [0.22445537708966945, 0.7653716435335323, 0.2195399224287816]
     [0.17104816181025423, 0.43689194448047736, 0.28129597432125186]
     [0.18011821644239645, 0.43689194448047736, 0.22191386919887657]

Gen: 51
     [0.16227384810905646, 0.6840705668698923, 0.31934599438277383]
     [0.2024546497268393, 0.7977364119859904, 0.22010833221880433]
     [0.22445537708966945, 0.7653716435335323, 0.2195399224287816]
     [0.17104816181025423, 0.43689194448047736, 0.28129597432125186]
     [0.18011821644239645, 0.43689194448047736, 0.22191386919887657]

Gen: 52
     [0.16227384810905646, 0.6840705668698923, 0.31934599438277383]
     [0.2024546497268393, 0.7977364119859904, 0.22010833221880433]
     [0.22445537708966945, 0.7653716435335323, 0.2195399224287816]
     [0.17104816181025423, 0.43689194448047736, 0.28129597432125186]
     [0.18011821644239645, 0.43689194448047736, 0.22191386919887657]

Gen: 53
     [0.16227384810905646, 0.6840705668698923, 0.31934599438277383]
     [0.2024546497268393, 0.7977364119859904, 0.22010833221880433]
     [0.22445537708966945, 0.7653716435335323, 0.2195399224287816]
     [0.17104816181025423, 0.43689194448047736, 0.28129597432125186]
     [0.18011821644239645, 0.43689194448047736, 0.22191386919887657]

Gen: 54
     [0.16227384810905646, 0.6840705668698923, 0.31934599438277383]
     [0.2024546497268393, 0.7977364119859904, 0.22010833221880433]
     [0.22445537708966945, 0.7653716435335323, 0.2195399224287816]
     [0.17104816181025423, 0.43689194448047736, 0.28129597432125186]
     [0.18011821644239645, 0.43689194448047736, 0.22191386919887657]

Gen: 55
     [0.16227384810905646, 0.6840705668698923, 0.31934599438277383]
     [0.2024546497268393, 0.7977364119859904, 0.22010833221880433]
     [0.22445537708966945, 0.7653716435335323, 0.2195399224287816]
     [0.17104816181025423, 0.43689194448047736, 0.28129597432125186]
     [0.18011821644239645, 0.43689194448047736, 0.22191386919887657]

Gen: 56
     [0.16227384810905646, 0.6840705668698923, 0.31934599438277383]
     [0.2024546497268393, 0.7977364119859904, 0.22010833221880433]
     [0.22445537708966945, 0.7653716435335323, 0.2195399224287816]
     [0.17104816181025423, 0.43689194448047736, 0.28129597432125186]
     [0.18011821644239645, 0.43689194448047736, 0.22191386919887657]

Gen: 57
     [0.16227384810905646, 0.6840705668698923, 0.31934599438277383]
     [0.2024546497268393, 0.7977364119859904, 0.22010833221880433]
     [0.22445537708966945, 0.7653716435335323, 0.2195399224287816]
     [0.17104816181025423, 0.43689194448047736, 0.28129597432125186]
     [0.18011821644239645, 0.43689194448047736, 0.22191386919887657]

Gen: 58
     [0.16227384810905646, 0.6840705668698923, 0.31934599438277383]
     [0.2024546497268393, 0.7977364119859904, 0.22010833221880433]
     [0.22445537708966945, 0.7653716435335323, 0.2195399224287816]
     [0.17104816181025423, 0.43689194448047736, 0.28129597432125186]
     [0.18011821644239645, 0.43689194448047736, 0.22191386919887657]

Gen: 59
     [0.16227384810905646, 0.6840705668698923, 0.31934599438277383]
     [0.2024546497268393, 0.7977364119859904, 0.22010833221880433]
     [0.22445537708966945, 0.7653716435335323, 0.2195399224287816]
     [0.17104816181025423, 0.43689194448047736, 0.28129597432125186]
     [0.18011821644239645, 0.43689194448047736, 0.22191386919887657]

Gen: 60
     [0.16227384810905646, 0.6840705668698923, 0.31934599438277383]
     [0.2024546497268393, 0.7977364119859904, 0.22010833221880433]
     [0.22445537708966945, 0.7653716435335323, 0.2195399224287816]
     [0.17104816181025423, 0.43689194448047736, 0.28129597432125186]
     [0.18011821644239645, 0.43689194448047736, 0.22191386919887657]

Gen: 61
     [0.16141859730875752, 0.752821377610585, 0.4390798448575632]
     [0.16227384810905646, 0.6840705668698923, 0.31934599438277383]
     [0.2024546497268393, 0.7977364119859904, 0.22010833221880433]
     [0.22445537708966945, 0.7653716435335323, 0.2195399224287816]
     [0.17104816181025423, 0.43689194448047736, 0.28129597432125186]
     [0.18011821644239645, 0.43689194448047736, 0.22191386919887657]

Gen: 62
     [0.16141859730875752, 0.752821377610585, 0.4390798448575632]
     [0.16227384810905646, 0.6840705668698923, 0.31934599438277383]
     [0.2024546497268393, 0.7977364119859904, 0.22010833221880433]
     [0.22445537708966945, 0.7653716435335323, 0.2195399224287816]
     [0.17104816181025423, 0.43689194448047736, 0.28129597432125186]
     [0.18011821644239645, 0.43689194448047736, 0.22191386919887657]

Gen: 63
     [0.16141859730875752, 0.752821377610585, 0.4390798448575632]
     [0.16227384810905646, 0.6840705668698923, 0.31934599438277383]
     [0.2024546497268393, 0.7977364119859904, 0.22010833221880433]
     [0.22445537708966945, 0.7653716435335323, 0.2195399224287816]
     [0.17104816181025423, 0.43689194448047736, 0.28129597432125186]
     [0.18011821644239645, 0.43689194448047736, 0.22191386919887657]

Gen: 64
     [0.16141859730875752, 0.752821377610585, 0.4390798448575632]
     [0.16227384810905646, 0.6840705668698923, 0.31934599438277383]
     [0.2024546497268393, 0.7977364119859904, 0.22010833221880433]
     [0.22445537708966945, 0.7653716435335323, 0.2195399224287816]
     [0.17104816181025423, 0.43689194448047736, 0.28129597432125186]
     [0.18011821644239645, 0.43689194448047736, 0.22191386919887657]

Gen: 65
     [0.16141859730875752, 0.752821377610585, 0.4390798448575632]
     [0.22731687042151075, 0.7653716435335323, 0.21836966697873478]
     [0.16227384810905646, 0.6840705668698923, 0.31934599438277383]
     [0.2024546497268393, 0.7977364119859904, 0.22010833221880433]
     [0.22445537708966945, 0.7653716435335323, 0.2195399224287816]
     [0.17104816181025423, 0.43689194448047736, 0.28129597432125186]
     [0.18011821644239645, 0.43689194448047736, 0.22191386919887657]

Gen: 66
     [0.16141859730875752, 0.752821377610585, 0.4390798448575632]
     [0.22731687042151075, 0.7653716435335323, 0.21836966697873478]
     [0.16227384810905646, 0.6840705668698923, 0.31934599438277383]
     [0.2024546497268393, 0.7977364119859904, 0.22010833221880433]
     [0.22445537708966945, 0.7653716435335323, 0.2195399224287816]
     [0.17104816181025423, 0.43689194448047736, 0.28129597432125186]
     [0.18011821644239645, 0.43689194448047736, 0.22191386919887657]

Gen: 67
     [0.16141859730875752, 0.752821377610585, 0.4390798448575632]
     [0.22731687042151075, 0.7653716435335323, 0.21836966697873478]
     [0.16227384810905646, 0.6840705668698923, 0.31934599438277383]
     [0.2024546497268393, 0.7977364119859904, 0.22010833221880433]
     [0.22445537708966945, 0.7653716435335323, 0.2195399224287816]
     [0.17104816181025423, 0.43689194448047736, 0.28129597432125186]
     [0.18011821644239645, 0.43689194448047736, 0.22191386919887657]

Gen: 68
     [0.16141859730875752, 0.752821377610585, 0.4390798448575632]
     [0.22731687042151075, 0.7653716435335323, 0.21836966697873478]
     [0.16227384810905646, 0.6840705668698923, 0.31934599438277383]
     [0.2024546497268393, 0.7977364119859904, 0.22010833221880433]
     [0.22445537708966945, 0.7653716435335323, 0.2195399224287816]
     [0.17104816181025423, 0.43689194448047736, 0.28129597432125186]
     [0.18011821644239645, 0.43689194448047736, 0.22191386919887657]

Gen: 69
     [0.16141859730875752, 0.752821377610585, 0.4390798448575632]
     [0.22731687042151075, 0.7653716435335323, 0.21836966697873478]
     [0.16227384810905646, 0.6840705668698923, 0.31934599438277383]
     [0.2024546497268393, 0.7977364119859904, 0.22010833221880433]
     [0.22445537708966945, 0.7653716435335323, 0.2195399224287816]
     [0.17104816181025423, 0.43689194448047736, 0.28129597432125186]
     [0.17812795990712135, 0.43689194448047736, 0.2709977263608399]
     [0.18011821644239645, 0.43689194448047736, 0.22191386919887657]

Gen: 70
     [0.16141859730875752, 0.752821377610585, 0.4390798448575632]
     [0.22731687042151075, 0.7653716435335323, 0.21836966697873478]
     [0.16227384810905646, 0.6840705668698923, 0.31934599438277383]
     [0.2024546497268393, 0.7977364119859904, 0.22010833221880433]
     [0.22445537708966945, 0.7653716435335323, 0.2195399224287816]
     [0.17104816181025423, 0.43689194448047736, 0.28129597432125186]
     [0.17812795990712135, 0.43689194448047736, 0.2709977263608399]
     [0.18011821644239645, 0.43689194448047736, 0.22191386919887657]

Gen: 71
     [0.16141859730875752, 0.752821377610585, 0.4390798448575632]
     [0.22731687042151075, 0.7653716435335323, 0.21836966697873478]
     [0.16227384810905646, 0.6840705668698923, 0.31934599438277383]
     [0.2024546497268393, 0.7977364119859904, 0.22010833221880433]
     [0.22445537708966945, 0.7653716435335323, 0.2195399224287816]
     [0.17104816181025423, 0.43689194448047736, 0.28129597432125186]
     [0.17812795990712135, 0.43689194448047736, 0.2709977263608399]
     [0.18011821644239645, 0.43689194448047736, 0.22191386919887657]

Gen: 72
     [0.16141859730875752, 0.752821377610585, 0.4390798448575632]
     [0.22731687042151075, 0.7653716435335323, 0.21836966697873478]
     [0.16227384810905646, 0.6840705668698923, 0.31934599438277383]
     [0.2024546497268393, 0.7977364119859904, 0.22010833221880433]
     [0.22445537708966945, 0.7653716435335323, 0.2195399224287816]
     [0.17104816181025423, 0.43689194448047736, 0.28129597432125186]
     [0.17812795990712135, 0.43689194448047736, 0.2709977263608399]
     [0.18011821644239645, 0.43689194448047736, 0.22191386919887657]

Gen: 73
     [0.16141859730875752, 0.752821377610585, 0.4390798448575632]
     [0.22731687042151075, 0.7653716435335323, 0.21836966697873478]
     [0.16227384810905646, 0.6840705668698923, 0.31934599438277383]
     [0.2024546497268393, 0.7977364119859904, 0.22010833221880433]
     [0.22445537708966945, 0.7653716435335323, 0.2195399224287816]
     [0.17104816181025423, 0.43689194448047736, 0.28129597432125186]
     [0.17812795990712135, 0.43689194448047736, 0.2709977263608399]
     [0.18011821644239645, 0.43689194448047736, 0.22191386919887657]

Gen: 74
     [0.16141859730875752, 0.752821377610585, 0.4390798448575632]
     [0.22731687042151075, 0.7653716435335323, 0.21836966697873478]
     [0.16227384810905646, 0.6840705668698923, 0.31934599438277383]
     [0.2024546497268393, 0.7977364119859904, 0.22010833221880433]
     [0.22445537708966945, 0.7653716435335323, 0.2195399224287816]
     [0.17104816181025423, 0.43689194448047736, 0.28129597432125186]
     [0.17812795990712135, 0.43689194448047736, 0.2709977263608399]
     [0.18011821644239645, 0.43689194448047736, 0.22191386919887657]

