Gen: 2
     [0.1434697784886821, 0.5874580982093868, 0.08501810021804941]
     [0.17967015656051574, 0.5593713830294244, 0.06701102948959502]
     [0.13505586253695895, 0.5739694262107965, 0.09080170205559202]
     [0.12285274586786873, 0.5805615741055945, 0.0947244744585812]
     [0.13280803160292765, 0.560396650259721, 0.08886466117662002]
     [0.11088531821046, 0.5631520559411433, 0.09733895039905159]
     [0.1299312927148466, 0.5615500758938048, 0.07898469420157928]
     [0.14184479666521255, 0.5320936677733679, 0.08996972712068929]
     [0.14671307740778441, 0.5119167290771394, 0.08175582700002117]
     [0.12129986428190587, 0.4736614455466957, 0.08006223934627517]

Gen: 3
     [0.11902295089913237, 0.5584622593525598, 0.09079958507102483]
     [0.14184479666521255, 0.5320936677733679, 0.08996972712068929]
     [0.12369431922834569, 0.5495872898903044, 0.08645341575459915]
     [0.1303996413164655, 0.5430191716962165, 0.07350593814171094]
     [0.14118498860937423, 0.5211441341498092, 0.07976586150686961]
     [0.14671307740778441, 0.5119167290771394, 0.08175582700002117]
     [0.1305232417236198, 0.5248286882586878, 0.08212418231471093]
     [0.16316889632107023, 0.4834255139352239, 0.08194847259563477]
     [0.12828268140177404, 0.5140073130389161, 0.08259626987319263]
     [0.12129986428190587, 0.4736614455466957, 0.08006223934627517]

Gen: 4
     [0.12795186854733168, 0.5419138054635529, 0.08571670512521963]
     [0.1303996413164655, 0.5430191716962165, 0.07350593814171094]
     [0.1303996413164655, 0.5430191716962165, 0.07350593814171094]
     [0.14118498860937423, 0.5211441341498092, 0.07976586150686961]
     [0.14671307740778441, 0.5119167290771394, 0.08175582700002117]
     [0.1305232417236198, 0.5248286882586878, 0.08212418231471093]
     [0.14183207309388784, 0.5063258187119279, 0.0811715392594788]
     [0.16316889632107023, 0.4834255139352239, 0.08194847259563477]
     [0.12828268140177404, 0.5140073130389161, 0.08259626987319263]
     [0.12129986428190587, 0.4736614455466957, 0.08006223934627517]

Gen: 5
     [0.16316889632107023, 0.4834255139352239, 0.08194847259563477]
     [0.12828268140177404, 0.5140073130389161, 0.08259626987319263]
     [0.12795186854733168, 0.516145956402113, 0.07912864915214768]
     [0.12478369928748001, 0.5018723141803269, 0.09084404174693567]
     [0.12457345741844797, 0.4994292946081357, 0.0902957427440354]
     [0.1275477436866851, 0.48187960318954226, 0.07534771471515973]
     [0.12751744946924531, 0.47491098998361975, 0.08169655143214007]
     [0.12129986428190587, 0.4736614455466957, 0.08006223934627517]
     [0.12129986428190587, 0.4736614455466957, 0.08006223934627517]
     [0.1386057389365518, 0.43933902303246813, 0.07165781061456061]

Gen: 6
     [0.12751744946924531, 0.47491098998361975, 0.08169655143214007]
     [0.14351643158353933, 0.46106988237461505, 0.07504286893748545]
     [0.12007840143473414, 0.4736614455466957, 0.081510256790228]
     [0.12129986428190587, 0.4736614455466957, 0.08006223934627517]
     [0.12129986428190587, 0.4736614455466957, 0.08006223934627517]
     [0.10951601958218216, 0.48173942993540014, 0.07343184368185957]
     [0.13883536910474528, 0.44802175488904283, 0.07321802824057412]
     [0.1386057389365518, 0.43933902303246813, 0.07167051252196371]
     [0.1386057389365518, 0.43933902303246813, 0.07165781061456061]
     [0.12007840143473414, 0.4432037998966723, 0.07788809619577873]

Gen: 7
     [0.12995795162619359, 0.45126576448490335, 0.07455172851789911]
     [0.12995795162619359, 0.45126576448490335, 0.07455172851789911]
     [0.1386057389365518, 0.43933902303246813, 0.07167051252196371]
     [0.1386057389365518, 0.43933902303246813, 0.07165781061456061]
     [0.1386057389365518, 0.43933902303246813, 0.07165781061456061]
     [0.13294677911880182, 0.4427472355831808, 0.07187374304041323]
     [0.11512832630507489, 0.4590353677144951, 0.07071786946673159]
     [0.13202280548688866, 0.43625921639145987, 0.075315959946652]
     [0.12007840143473414, 0.4432037998966723, 0.07788809619577873]
     [0.12007840143473414, 0.4432037998966723, 0.07788809619577873]

Gen: 8
     [0.13294677911880182, 0.4427472355831808, 0.07187374304041323]
     [0.13294677911880182, 0.4427472355831808, 0.07187374304041323]
     [0.11512832630507489, 0.4590353677144951, 0.07071786946673159]
     [0.13202280548688866, 0.43625921639145987, 0.075315959946652]
     [0.12007840143473414, 0.4432037998966723, 0.07788809619577873]
     [0.12007840143473414, 0.4432037998966723, 0.07788809619577873]
     [0.12007840143473414, 0.4432037998966723, 0.07788809619577873]
     [0.12828268140177404, 0.4360509589853058, 0.06999597772932235]
     [0.14549282632931027, 0.39626578450965394, 0.06924233122340538]
     [0.12424749163879599, 0.4122895899331574, 0.07049135211804305]

Gen: 9
     [0.12828268140177404, 0.4360509589853058, 0.06999597772932235]
     [0.12828268140177404, 0.4360509589853058, 0.06999597772932235]
     [0.12848383500557414, 0.4291023705299751, 0.07232889472235747]
     [0.12478915224661917, 0.4274723558318081, 0.0749031479560514]
     [0.14919477970045078, 0.404327749097885, 0.06591866545292885]
     [0.13172531627163006, 0.4122895899331574, 0.06969959988991681]
     [0.14549282632931027, 0.39626578450965394, 0.06924233122340538]
     [0.13437969560370316, 0.4058015707414364, 0.07034528018290746]
     [0.12424749163879599, 0.4122895899331574, 0.07049135211804305]
     [0.1356938587562406, 0.35740174856122164, 0.06374240531786524]

Gen: 10
     [0.15025750084823808, 0.38795551301408543, 0.07432944513834494]
     [0.14549282632931027, 0.39626578450965394, 0.06924233122340538]
     [0.14549282632931027, 0.39626578450965394, 0.06924233122340538]
     [0.13437969560370316, 0.4058015707414364, 0.07034528018290746]
     [0.13437969560370316, 0.4058015707414364, 0.07034528018290746]
     [0.1386184625078765, 0.40295004625717384, 0.0676905815356606]
     [0.12424749163879599, 0.4122895899331574, 0.07049135211804305]
     [0.12424749163879599, 0.4122895899331574, 0.07049135211804305]
     [0.1342948717948718, 0.3878593942112451, 0.06591654846836166]
     [0.1356938587562406, 0.35740174856122164, 0.06374240531786524]

Gen: 11
     [0.12424749163879599, 0.4122895899331574, 0.07049135211804305]
     [0.12478915224661917, 0.39108337905651386, 0.07266126129940513]
     [0.1342948717948718, 0.3878593942112451, 0.06591654846836166]
     [0.1342948717948718, 0.3878593942112451, 0.06591654846836166]
     [0.13649968494013862, 0.3778790585163262, 0.07153290852509685]
     [0.13437969560370316, 0.3694125939661422, 0.06781336664055719]
     [0.13437969560370316, 0.3694125939661422, 0.06781336664055719]
     [0.1356938587562406, 0.35740174856122164, 0.06374240531786524]
     [0.1356938587562406, 0.35740174856122164, 0.06374240531786524]
     [0.13172531627163006, 0.3405008590618004, 0.06296335499714208]

Gen: 12
     [0.13437969560370316, 0.3694125939661422, 0.06781336664055719]
     [0.13437969560370316, 0.3694125939661422, 0.06781336664055719]
     [0.1356938587562406, 0.35740174856122164, 0.06374240531786524]
     [0.1356938587562406, 0.35740174856122164, 0.06374240531786524]
     [0.1356938587562406, 0.35740174856122164, 0.06374240531786524]
     [0.1356938587562406, 0.35740174856122164, 0.06374240531786524]
     [0.1356938587562406, 0.35740174856122164, 0.06374240531786524]
     [0.13542726964277058, 0.34856282365003144, 0.059639689226665536]
     [0.13172531627163006, 0.3405008590618004, 0.06296335499714208]
     [0.13172531627163006, 0.3405008590618004, 0.06296335499714208]

Gen: 13
     [0.1356938587562406, 0.35740174856122164, 0.06374240531786524]
     [0.1356938587562406, 0.35740174856122164, 0.06374240531786524]
     [0.12358768358295769, 0.35568362496045114, 0.06737515083515042]
     [0.13542726964277058, 0.34856282365003144, 0.059639689226665536]
     [0.13172531627163006, 0.3405008590618004, 0.06296335499714208]
     [0.13172531627163006, 0.3405008590618004, 0.06296335499714208]
     [0.13172531627163006, 0.3405008590618004, 0.06296335499714208]
     [0.13172531627163006, 0.3405008590618004, 0.06296335499714208]
     [0.13172531627163006, 0.3405008590618004, 0.06296335499714208]
     [0.13094433134603267, 0.31078012423355267, 0.05908292228549654]

Gen: 14
     [0.13172531627163006, 0.3405008590618004, 0.06296335499714208]
     [0.13172531627163006, 0.3405008590618004, 0.06296335499714208]
     [0.13172531627163006, 0.3405008590618004, 0.06296335499714208]
     [0.13172531627163006, 0.3405008590618004, 0.06296335499714208]
     [0.13172531627163006, 0.3405008590618004, 0.06296335499714208]
     [0.13172531627163006, 0.3405008590618004, 0.06296335499714208]
     [0.13172531627163006, 0.3405008590618004, 0.06296335499714208]
     [0.13308492075032718, 0.31078012423355267, 0.05911044308486991]
     [0.13094433134603267, 0.31078012423355267, 0.05908292228549654]
     [0.13094433134603267, 0.31078012423355267, 0.05908292228549654]

Gen: 15
     [0.13172531627163006, 0.3405008590618004, 0.06296335499714208]
     [0.13172531627163006, 0.3405008590618004, 0.06296335499714208]
     [0.13308492075032718, 0.31078012423355267, 0.05911044308486991]
     [0.13308492075032718, 0.31078012423355267, 0.05911044308486991]
     [0.13308492075032718, 0.31078012423355267, 0.05911044308486991]
     [0.13094433134603267, 0.31078012423355267, 0.05908292228549654]
     [0.13094433134603267, 0.31078012423355267, 0.05908292228549654]
     [0.13094433134603267, 0.31078012423355267, 0.05908292228549654]
     [0.13094433134603267, 0.31078012423355267, 0.05908292228549654]
     [0.13094433134603267, 0.31078012423355267, 0.05908292228549654]

Gen: 16
     [0.13094433134603267, 0.31078012423355267, 0.05908292228549654]
     [0.13094433134603267, 0.31078012423355267, 0.05908292228549654]
     [0.13094433134603267, 0.31078012423355267, 0.05908292228549654]
     [0.13094433134603267, 0.31078012423355267, 0.05908292228549654]
     [0.13094433134603267, 0.31078012423355267, 0.05908292228549654]
     [0.13094433134603267, 0.31078012423355267, 0.05908292228549654]
     [0.13094433134603267, 0.31078012423355267, 0.05908292228549654]
     [0.13094433134603267, 0.31078012423355267, 0.05908292228549654]
     [0.13094433134603267, 0.31078012423355267, 0.05908292228549654]
     [0.13094433134603267, 0.31078012423355267, 0.05908292228549654]

Gen: 17
     [0.13094433134603267, 0.31078012423355267, 0.05908292228549654]
     [0.13094433134603267, 0.31078012423355267, 0.05908292228549654]
     [0.13094433134603267, 0.31078012423355267, 0.05908292228549654]
     [0.13094433134603267, 0.31078012423355267, 0.05908292228549654]
     [0.13094433134603267, 0.31078012423355267, 0.05908292228549654]
     [0.13094433134603267, 0.31078012423355267, 0.05908292228549654]
     [0.13094433134603267, 0.31078012423355267, 0.05908292228549654]
     [0.13094433134603267, 0.31078012423355267, 0.05908292228549654]
     [0.13094433134603267, 0.31078012423355267, 0.05908292228549654]
     [0.13094433134603267, 0.31078012423355267, 0.05908292228549654]

Gen: 18
     [0.13094433134603267, 0.31078012423355267, 0.05908292228549654]
     [0.13094433134603267, 0.31078012423355267, 0.05908292228549654]
     [0.13094433134603267, 0.31078012423355267, 0.05908292228549654]
     [0.13094433134603267, 0.31078012423355267, 0.05908292228549654]
     [0.13094433134603267, 0.31078012423355267, 0.05908292228549654]
     [0.13094433134603267, 0.31078012423355267, 0.05908292228549654]
     [0.13094433134603267, 0.31078012423355267, 0.05908292228549654]
     [0.13094433134603267, 0.31078012423355267, 0.05908292228549654]
     [0.13094433134603267, 0.31078012423355267, 0.05908292228549654]
     [0.13094433134603267, 0.31078012423355267, 0.05908292228549654]

Gen: 19
     [0.13094433134603267, 0.31078012423355267, 0.05908292228549654]
     [0.13094433134603267, 0.31078012423355267, 0.05908292228549654]
     [0.13094433134603267, 0.31078012423355267, 0.05908292228549654]
     [0.13094433134603267, 0.31078012423355267, 0.05908292228549654]
     [0.13094433134603267, 0.31078012423355267, 0.05908292228549654]
     [0.13094433134603267, 0.31078012423355267, 0.05908292228549654]
     [0.13094433134603267, 0.31078012423355267, 0.05908292228549654]
     [0.13094433134603267, 0.31078012423355267, 0.05908292228549654]
     [0.13094433134603267, 0.31078012423355267, 0.05908292228549654]
     [0.13094433134603267, 0.31078012423355267, 0.05908292228549654]

Gen: 20
     [0.13094433134603267, 0.31078012423355267, 0.05908292228549654]
     [0.13094433134603267, 0.31078012423355267, 0.05908292228549654]
     [0.13094433134603267, 0.31078012423355267, 0.05908292228549654]
     [0.13094433134603267, 0.31078012423355267, 0.05908292228549654]
     [0.13094433134603267, 0.31078012423355267, 0.05908292228549654]
     [0.13094433134603267, 0.31078012423355267, 0.05908292228549654]
     [0.13094433134603267, 0.31078012423355267, 0.05908292228549654]
     [0.13094433134603267, 0.31078012423355267, 0.05908292228549654]
     [0.13094433134603267, 0.31078012423355267, 0.05908292228549654]
     [0.13094433134603267, 0.31078012423355267, 0.05908292228549654]

Gen: 21
     [0.13094433134603267, 0.31078012423355267, 0.05908292228549654]
     [0.13094433134603267, 0.31078012423355267, 0.05908292228549654]
     [0.13094433134603267, 0.31078012423355267, 0.05908292228549654]
     [0.13094433134603267, 0.31078012423355267, 0.05908292228549654]
     [0.13094433134603267, 0.31078012423355267, 0.05908292228549654]
     [0.13094433134603267, 0.31078012423355267, 0.05908292228549654]
     [0.13094433134603267, 0.31078012423355267, 0.05908292228549654]
     [0.13094433134603267, 0.31078012423355267, 0.05908292228549654]
     [0.13094433134603267, 0.31078012423355267, 0.05908292228549654]
     [0.13094433134603267, 0.31078012423355267, 0.05908292228549654]

Gen: 22
     [0.13094433134603267, 0.31078012423355267, 0.05908292228549654]
     [0.13094433134603267, 0.31078012423355267, 0.05908292228549654]
     [0.13094433134603267, 0.31078012423355267, 0.05908292228549654]
     [0.13094433134603267, 0.31078012423355267, 0.05908292228549654]
     [0.13094433134603267, 0.31078012423355267, 0.05908292228549654]
     [0.13094433134603267, 0.31078012423355267, 0.05908292228549654]
     [0.13094433134603267, 0.31078012423355267, 0.05908292228549654]
     [0.13094433134603267, 0.31078012423355267, 0.05908292228549654]
     [0.13094433134603267, 0.31078012423355267, 0.05908292228549654]
     [0.13094433134603267, 0.31078012423355267, 0.05908292228549654]

Gen: 23
     [0.13094433134603267, 0.31078012423355267, 0.05908292228549654]
     [0.13094433134603267, 0.31078012423355267, 0.05908292228549654]
     [0.13094433134603267, 0.31078012423355267, 0.05908292228549654]
     [0.13094433134603267, 0.31078012423355267, 0.05908292228549654]
     [0.13094433134603267, 0.31078012423355267, 0.05908292228549654]
     [0.13094433134603267, 0.31078012423355267, 0.05908292228549654]
     [0.13094433134603267, 0.31078012423355267, 0.05908292228549654]
     [0.13094433134603267, 0.31078012423355267, 0.05908292228549654]
     [0.13094433134603267, 0.31078012423355267, 0.05908292228549654]
     [0.13094433134603267, 0.31078012423355267, 0.05908292228549654]

Gen: 24
     [0.13094433134603267, 0.31078012423355267, 0.05908292228549654]
     [0.13094433134603267, 0.31078012423355267, 0.05908292228549654]
     [0.13094433134603267, 0.31078012423355267, 0.05908292228549654]
     [0.13094433134603267, 0.31078012423355267, 0.05908292228549654]
     [0.13094433134603267, 0.31078012423355267, 0.05908292228549654]
     [0.13094433134603267, 0.31078012423355267, 0.05908292228549654]
     [0.13094433134603267, 0.31078012423355267, 0.05908292228549654]
     [0.13094433134603267, 0.31078012423355267, 0.05908292228549654]
     [0.13094433134603267, 0.31078012423355267, 0.05908292228549654]
     [0.13094433134603267, 0.31078012423355267, 0.05908292228549654]

Gen: 25
     [0.13094433134603267, 0.31078012423355267, 0.05908292228549654]
     [0.13094433134603267, 0.31078012423355267, 0.05908292228549654]
     [0.13094433134603267, 0.31078012423355267, 0.05908292228549654]
     [0.13094433134603267, 0.31078012423355267, 0.05908292228549654]
     [0.13094433134603267, 0.31078012423355267, 0.05908292228549654]
     [0.13094433134603267, 0.31078012423355267, 0.05908292228549654]
     [0.13094433134603267, 0.31078012423355267, 0.05908292228549654]
     [0.13094433134603267, 0.31078012423355267, 0.05908292228549654]
     [0.13094433134603267, 0.31078012423355267, 0.05908292228549654]
     [0.13094433134603267, 0.31078012423355267, 0.05908292228549654]

Gen: 26
     [0.13094433134603267, 0.31078012423355267, 0.05908292228549654]
     [0.13094433134603267, 0.31078012423355267, 0.05908292228549654]
     [0.13094433134603267, 0.31078012423355267, 0.05908292228549654]
     [0.13094433134603267, 0.31078012423355267, 0.05908292228549654]
     [0.13094433134603267, 0.31078012423355267, 0.05908292228549654]
     [0.13094433134603267, 0.31078012423355267, 0.05908292228549654]
     [0.13094433134603267, 0.31078012423355267, 0.05908292228549654]
     [0.13094433134603267, 0.31078012423355267, 0.05908292228549654]
     [0.13094433134603267, 0.31078012423355267, 0.05908292228549654]
     [0.13094433134603267, 0.31078012423355267, 0.05908292228549654]

Gen: 27
     [0.13094433134603267, 0.31078012423355267, 0.05908292228549654]
     [0.13094433134603267, 0.31078012423355267, 0.05908292228549654]
     [0.13094433134603267, 0.31078012423355267, 0.05908292228549654]
     [0.13094433134603267, 0.31078012423355267, 0.05908292228549654]
     [0.13094433134603267, 0.31078012423355267, 0.05908292228549654]
     [0.13094433134603267, 0.31078012423355267, 0.05908292228549654]
     [0.13094433134603267, 0.31078012423355267, 0.05908292228549654]
     [0.13094433134603267, 0.31078012423355267, 0.05908292228549654]
     [0.13094433134603267, 0.31078012423355267, 0.05908292228549654]
     [0.13094433134603267, 0.31078012423355267, 0.05908292228549654]

Gen: 28
     [0.13094433134603267, 0.31078012423355267, 0.05908292228549654]
     [0.13094433134603267, 0.31078012423355267, 0.05908292228549654]
     [0.13094433134603267, 0.31078012423355267, 0.05908292228549654]
     [0.13094433134603267, 0.31078012423355267, 0.05908292228549654]
     [0.13094433134603267, 0.31078012423355267, 0.05908292228549654]
     [0.13094433134603267, 0.31078012423355267, 0.05908292228549654]
     [0.13094433134603267, 0.31078012423355267, 0.05908292228549654]
     [0.13094433134603267, 0.31078012423355267, 0.05908292228549654]
     [0.13094433134603267, 0.31078012423355267, 0.05908292228549654]
     [0.13094433134603267, 0.31078012423355267, 0.05908292228549654]

Gen: 29
     [0.13094433134603267, 0.31078012423355267, 0.05908292228549654]
     [0.13094433134603267, 0.31078012423355267, 0.05908292228549654]
     [0.13094433134603267, 0.31078012423355267, 0.05908292228549654]
     [0.13094433134603267, 0.31078012423355267, 0.05908292228549654]
     [0.13094433134603267, 0.31078012423355267, 0.05908292228549654]
     [0.13094433134603267, 0.31078012423355267, 0.05908292228549654]
     [0.13094433134603267, 0.31078012423355267, 0.05908292228549654]
     [0.13094433134603267, 0.31078012423355267, 0.05908292228549654]
     [0.13094433134603267, 0.31078012423355267, 0.05908292228549654]
     [0.13094433134603267, 0.31078012423355267, 0.05908292228549654]

Gen: 30
     [0.13094433134603267, 0.31078012423355267, 0.05908292228549654]
     [0.13094433134603267, 0.31078012423355267, 0.05908292228549654]
     [0.13094433134603267, 0.31078012423355267, 0.05908292228549654]
     [0.13094433134603267, 0.31078012423355267, 0.05908292228549654]
     [0.13094433134603267, 0.31078012423355267, 0.05908292228549654]
     [0.13094433134603267, 0.31078012423355267, 0.05908292228549654]
     [0.13094433134603267, 0.31078012423355267, 0.05908292228549654]
     [0.13094433134603267, 0.31078012423355267, 0.05908292228549654]
     [0.13094433134603267, 0.31078012423355267, 0.05908292228549654]
     [0.13094433134603267, 0.31078012423355267, 0.05908292228549654]

Gen: 31
     [0.13094433134603267, 0.31078012423355267, 0.05908292228549654]
     [0.13094433134603267, 0.31078012423355267, 0.05908292228549654]
     [0.13094433134603267, 0.31078012423355267, 0.05908292228549654]
     [0.13094433134603267, 0.31078012423355267, 0.05908292228549654]
     [0.13094433134603267, 0.31078012423355267, 0.05908292228549654]
     [0.13094433134603267, 0.31078012423355267, 0.05908292228549654]
     [0.13094433134603267, 0.31078012423355267, 0.05908292228549654]
     [0.13094433134603267, 0.31078012423355267, 0.05908292228549654]
     [0.13094433134603267, 0.31078012423355267, 0.05908292228549654]
     [0.13094433134603267, 0.31078012423355267, 0.05908292228549654]

Gen: 32
     [0.13094433134603267, 0.31078012423355267, 0.05908292228549654]
     [0.13094433134603267, 0.31078012423355267, 0.05908292228549654]
     [0.13094433134603267, 0.31078012423355267, 0.05908292228549654]
     [0.13094433134603267, 0.31078012423355267, 0.05908292228549654]
     [0.13094433134603267, 0.31078012423355267, 0.05908292228549654]
     [0.13094433134603267, 0.31078012423355267, 0.05908292228549654]
     [0.13094433134603267, 0.31078012423355267, 0.05908292228549654]
     [0.13094433134603267, 0.31078012423355267, 0.05908292228549654]
     [0.13094433134603267, 0.31078012423355267, 0.05908292228549654]
     [0.13094433134603267, 0.31078012423355267, 0.05908292228549654]

Gen: 33
     [0.13094433134603267, 0.31078012423355267, 0.05908292228549654]
     [0.13094433134603267, 0.31078012423355267, 0.05908292228549654]
     [0.13094433134603267, 0.31078012423355267, 0.05908292228549654]
     [0.13094433134603267, 0.31078012423355267, 0.05908292228549654]
     [0.13094433134603267, 0.31078012423355267, 0.05908292228549654]
     [0.13094433134603267, 0.31078012423355267, 0.05908292228549654]
     [0.13094433134603267, 0.31078012423355267, 0.05908292228549654]
     [0.13094433134603267, 0.31078012423355267, 0.05908292228549654]
     [0.13094433134603267, 0.31078012423355267, 0.05908292228549654]
     [0.13094433134603267, 0.31078012423355267, 0.05908292228549654]

Gen: 34
     [0.13094433134603267, 0.31078012423355267, 0.05908292228549654]
     [0.13094433134603267, 0.31078012423355267, 0.05908292228549654]
     [0.13094433134603267, 0.31078012423355267, 0.05908292228549654]
     [0.13094433134603267, 0.31078012423355267, 0.05908292228549654]
     [0.13094433134603267, 0.31078012423355267, 0.05908292228549654]
     [0.13094433134603267, 0.31078012423355267, 0.05908292228549654]
     [0.13094433134603267, 0.31078012423355267, 0.05908292228549654]
     [0.13094433134603267, 0.31078012423355267, 0.05908292228549654]
     [0.13094433134603267, 0.31078012423355267, 0.05908292228549654]
     [0.13094433134603267, 0.31078012423355267, 0.05908292228549654]

Gen: 35
     [0.13094433134603267, 0.31078012423355267, 0.05908292228549654]
     [0.13094433134603267, 0.31078012423355267, 0.05908292228549654]
     [0.13094433134603267, 0.31078012423355267, 0.05908292228549654]
     [0.13094433134603267, 0.31078012423355267, 0.05908292228549654]
     [0.13094433134603267, 0.31078012423355267, 0.05908292228549654]
     [0.13094433134603267, 0.31078012423355267, 0.05908292228549654]
     [0.13094433134603267, 0.31078012423355267, 0.05908292228549654]
     [0.13094433134603267, 0.31078012423355267, 0.05908292228549654]
     [0.13094433134603267, 0.31078012423355267, 0.05908292228549654]
     [0.13094433134603267, 0.31078012423355267, 0.05908292228549654]

Gen: 36
     [0.13094433134603267, 0.31078012423355267, 0.05908292228549654]
     [0.13094433134603267, 0.31078012423355267, 0.05908292228549654]
     [0.13094433134603267, 0.31078012423355267, 0.05908292228549654]
     [0.13094433134603267, 0.31078012423355267, 0.05908292228549654]
     [0.13094433134603267, 0.31078012423355267, 0.05908292228549654]
     [0.13094433134603267, 0.31078012423355267, 0.05908292228549654]
     [0.13094433134603267, 0.31078012423355267, 0.05908292228549654]
     [0.13094433134603267, 0.31078012423355267, 0.05908292228549654]
     [0.13094433134603267, 0.31078012423355267, 0.05908292228549654]
     [0.13094433134603267, 0.31078012423355267, 0.05908292228549654]

Gen: 37
     [0.13094433134603267, 0.31078012423355267, 0.05908292228549654]
     [0.13094433134603267, 0.31078012423355267, 0.05908292228549654]
     [0.13094433134603267, 0.31078012423355267, 0.05908292228549654]
     [0.13094433134603267, 0.31078012423355267, 0.05908292228549654]
     [0.13094433134603267, 0.31078012423355267, 0.05908292228549654]
     [0.13094433134603267, 0.31078012423355267, 0.05908292228549654]
     [0.13094433134603267, 0.31078012423355267, 0.05908292228549654]
     [0.13094433134603267, 0.31078012423355267, 0.05908292228549654]
     [0.13094433134603267, 0.31078012423355267, 0.05908292228549654]
     [0.13094433134603267, 0.31078012423355267, 0.05908292228549654]

Gen: 38
     [0.13094433134603267, 0.31078012423355267, 0.05908292228549654]
     [0.13094433134603267, 0.31078012423355267, 0.05908292228549654]
     [0.13094433134603267, 0.31078012423355267, 0.05908292228549654]
     [0.13094433134603267, 0.31078012423355267, 0.05908292228549654]
     [0.13094433134603267, 0.31078012423355267, 0.05908292228549654]
     [0.13094433134603267, 0.31078012423355267, 0.05908292228549654]
     [0.13094433134603267, 0.31078012423355267, 0.05908292228549654]
     [0.13094433134603267, 0.31078012423355267, 0.05908292228549654]
     [0.13094433134603267, 0.31078012423355267, 0.05908292228549654]
     [0.13094433134603267, 0.31078012423355267, 0.05908292228549654]

Gen: 39
     [0.13094433134603267, 0.31078012423355267, 0.05908292228549654]
     [0.13094433134603267, 0.31078012423355267, 0.05908292228549654]
     [0.13094433134603267, 0.31078012423355267, 0.05908292228549654]
     [0.13094433134603267, 0.31078012423355267, 0.05908292228549654]
     [0.13094433134603267, 0.31078012423355267, 0.05908292228549654]
     [0.13094433134603267, 0.31078012423355267, 0.05908292228549654]
     [0.13094433134603267, 0.31078012423355267, 0.05908292228549654]
     [0.13094433134603267, 0.31078012423355267, 0.05908292228549654]
     [0.13094433134603267, 0.31078012423355267, 0.05908292228549654]
     [0.13094433134603267, 0.31078012423355267, 0.05908292228549654]

Gen: 40
     [0.13094433134603267, 0.31078012423355267, 0.05908292228549654]
     [0.13094433134603267, 0.31078012423355267, 0.05908292228549654]
     [0.13094433134603267, 0.31078012423355267, 0.05908292228549654]
     [0.13094433134603267, 0.31078012423355267, 0.05908292228549654]
     [0.13094433134603267, 0.31078012423355267, 0.05908292228549654]
     [0.13094433134603267, 0.31078012423355267, 0.05908292228549654]
     [0.13094433134603267, 0.31078012423355267, 0.05908292228549654]
     [0.13094433134603267, 0.31078012423355267, 0.05908292228549654]
     [0.13094433134603267, 0.31078012423355267, 0.05908292228549654]
     [0.13094433134603267, 0.31078012423355267, 0.05908292228549654]

Gen: 41
     [0.13094433134603267, 0.31078012423355267, 0.05908292228549654]
     [0.13094433134603267, 0.31078012423355267, 0.05908292228549654]
     [0.13094433134603267, 0.31078012423355267, 0.05908292228549654]
     [0.13094433134603267, 0.31078012423355267, 0.05908292228549654]
     [0.13094433134603267, 0.31078012423355267, 0.05908292228549654]
     [0.13094433134603267, 0.31078012423355267, 0.05908292228549654]
     [0.13094433134603267, 0.31078012423355267, 0.05908292228549654]
     [0.13094433134603267, 0.31078012423355267, 0.05908292228549654]
     [0.13094433134603267, 0.31078012423355267, 0.05908292228549654]
     [0.13094433134603267, 0.31078012423355267, 0.05908292228549654]

Gen: 42
     [0.13094433134603267, 0.31078012423355267, 0.05908292228549654]
     [0.13094433134603267, 0.31078012423355267, 0.05908292228549654]
     [0.13094433134603267, 0.31078012423355267, 0.05908292228549654]
     [0.13094433134603267, 0.31078012423355267, 0.05908292228549654]
     [0.13094433134603267, 0.31078012423355267, 0.05908292228549654]
     [0.13094433134603267, 0.31078012423355267, 0.05908292228549654]
     [0.13094433134603267, 0.31078012423355267, 0.05908292228549654]
     [0.13094433134603267, 0.31078012423355267, 0.05908292228549654]
     [0.13094433134603267, 0.31078012423355267, 0.05908292228549654]
     [0.13094433134603267, 0.31078012423355267, 0.05908292228549654]

Gen: 43
     [0.13094433134603267, 0.31078012423355267, 0.05908292228549654]
     [0.13094433134603267, 0.31078012423355267, 0.05908292228549654]
     [0.13094433134603267, 0.31078012423355267, 0.05908292228549654]
     [0.13094433134603267, 0.31078012423355267, 0.05908292228549654]
     [0.13094433134603267, 0.31078012423355267, 0.05908292228549654]
     [0.13094433134603267, 0.31078012423355267, 0.05908292228549654]
     [0.13094433134603267, 0.31078012423355267, 0.05908292228549654]
     [0.13094433134603267, 0.31078012423355267, 0.05908292228549654]
     [0.13094433134603267, 0.31078012423355267, 0.05908292228549654]
     [0.13094433134603267, 0.31078012423355267, 0.05908292228549654]

Gen: 44
     [0.13094433134603267, 0.31078012423355267, 0.05908292228549654]
     [0.13094433134603267, 0.31078012423355267, 0.05908292228549654]
     [0.13094433134603267, 0.31078012423355267, 0.05908292228549654]
     [0.13094433134603267, 0.31078012423355267, 0.05908292228549654]
     [0.13094433134603267, 0.31078012423355267, 0.05908292228549654]
     [0.13094433134603267, 0.31078012423355267, 0.05908292228549654]
     [0.13094433134603267, 0.31078012423355267, 0.05908292228549654]
     [0.13094433134603267, 0.31078012423355267, 0.05908292228549654]
     [0.13094433134603267, 0.31078012423355267, 0.05908292228549654]
     [0.13094433134603267, 0.31078012423355267, 0.05908292228549654]

Gen: 45
     [0.13094433134603267, 0.31078012423355267, 0.05908292228549654]
     [0.13094433134603267, 0.31078012423355267, 0.05908292228549654]
     [0.13094433134603267, 0.31078012423355267, 0.05908292228549654]
     [0.13094433134603267, 0.31078012423355267, 0.05908292228549654]
     [0.13094433134603267, 0.31078012423355267, 0.05908292228549654]
     [0.13094433134603267, 0.31078012423355267, 0.05908292228549654]
     [0.13094433134603267, 0.31078012423355267, 0.05908292228549654]
     [0.13094433134603267, 0.31078012423355267, 0.05908292228549654]
     [0.13094433134603267, 0.31078012423355267, 0.05908292228549654]
     [0.13094433134603267, 0.31078012423355267, 0.05908292228549654]

Gen: 46
     [0.13094433134603267, 0.31078012423355267, 0.05908292228549654]
     [0.13094433134603267, 0.31078012423355267, 0.05908292228549654]
     [0.13094433134603267, 0.31078012423355267, 0.05908292228549654]
     [0.13094433134603267, 0.31078012423355267, 0.05908292228549654]
     [0.13094433134603267, 0.31078012423355267, 0.05908292228549654]
     [0.13094433134603267, 0.31078012423355267, 0.05908292228549654]
     [0.13094433134603267, 0.31078012423355267, 0.05908292228549654]
     [0.13094433134603267, 0.31078012423355267, 0.05908292228549654]
     [0.13094433134603267, 0.31078012423355267, 0.05908292228549654]
     [0.13094433134603267, 0.31078012423355267, 0.05908292228549654]

Gen: 47
     [0.13094433134603267, 0.31078012423355267, 0.05908292228549654]
     [0.13094433134603267, 0.31078012423355267, 0.05908292228549654]
     [0.13094433134603267, 0.31078012423355267, 0.05908292228549654]
     [0.13094433134603267, 0.31078012423355267, 0.05908292228549654]
     [0.13094433134603267, 0.31078012423355267, 0.05908292228549654]
     [0.13094433134603267, 0.31078012423355267, 0.05908292228549654]
     [0.13094433134603267, 0.31078012423355267, 0.05908292228549654]
     [0.13094433134603267, 0.31078012423355267, 0.05908292228549654]
     [0.13094433134603267, 0.31078012423355267, 0.05908292228549654]
     [0.13094433134603267, 0.31078012423355267, 0.05908292228549654]

Gen: 48
     [0.13094433134603267, 0.31078012423355267, 0.05908292228549654]
     [0.13094433134603267, 0.31078012423355267, 0.05908292228549654]
     [0.13094433134603267, 0.31078012423355267, 0.05908292228549654]
     [0.13094433134603267, 0.31078012423355267, 0.05908292228549654]
     [0.13094433134603267, 0.31078012423355267, 0.05908292228549654]
     [0.13094433134603267, 0.31078012423355267, 0.05908292228549654]
     [0.13094433134603267, 0.31078012423355267, 0.05908292228549654]
     [0.13094433134603267, 0.31078012423355267, 0.05908292228549654]
     [0.13094433134603267, 0.31078012423355267, 0.05908292228549654]
     [0.13094433134603267, 0.31078012423355267, 0.05908292228549654]

Gen: 49
     [0.13094433134603267, 0.31078012423355267, 0.05908292228549654]
     [0.13094433134603267, 0.31078012423355267, 0.05908292228549654]
     [0.13094433134603267, 0.31078012423355267, 0.05908292228549654]
     [0.13094433134603267, 0.31078012423355267, 0.05908292228549654]
     [0.13094433134603267, 0.31078012423355267, 0.05908292228549654]
     [0.13094433134603267, 0.31078012423355267, 0.05908292228549654]
     [0.13094433134603267, 0.31078012423355267, 0.05908292228549654]
     [0.13094433134603267, 0.31078012423355267, 0.05908292228549654]
     [0.13094433134603267, 0.31078012423355267, 0.05908292228549654]
     [0.13094433134603267, 0.31078012423355267, 0.05908292228549654]

Gen: 50
     [0.13094433134603267, 0.31078012423355267, 0.05908292228549654]
     [0.13094433134603267, 0.31078012423355267, 0.05908292228549654]
     [0.13094433134603267, 0.31078012423355267, 0.05908292228549654]
     [0.13094433134603267, 0.31078012423355267, 0.05908292228549654]
     [0.13094433134603267, 0.31078012423355267, 0.05908292228549654]
     [0.13094433134603267, 0.31078012423355267, 0.05908292228549654]
     [0.13094433134603267, 0.31078012423355267, 0.05908292228549654]
     [0.13094433134603267, 0.31078012423355267, 0.05908292228549654]
     [0.13094433134603267, 0.31078012423355267, 0.05908292228549654]
     [0.13094433134603267, 0.31078012423355267, 0.05908292228549654]

Gen: 51
     [0.13094433134603267, 0.31078012423355267, 0.05908292228549654]
     [0.13094433134603267, 0.31078012423355267, 0.05908292228549654]
     [0.13094433134603267, 0.31078012423355267, 0.05908292228549654]
     [0.13094433134603267, 0.31078012423355267, 0.05908292228549654]
     [0.13094433134603267, 0.31078012423355267, 0.05908292228549654]
     [0.13094433134603267, 0.31078012423355267, 0.05908292228549654]
     [0.13094433134603267, 0.31078012423355267, 0.05908292228549654]
     [0.13094433134603267, 0.31078012423355267, 0.05908292228549654]
     [0.13094433134603267, 0.31078012423355267, 0.05908292228549654]
     [0.13094433134603267, 0.31078012423355267, 0.05908292228549654]

Gen: 52
     [0.13094433134603267, 0.31078012423355267, 0.05908292228549654]
     [0.13094433134603267, 0.31078012423355267, 0.05908292228549654]
     [0.13094433134603267, 0.31078012423355267, 0.05908292228549654]
     [0.13094433134603267, 0.31078012423355267, 0.05908292228549654]
     [0.13094433134603267, 0.31078012423355267, 0.05908292228549654]
     [0.13094433134603267, 0.31078012423355267, 0.05908292228549654]
     [0.13094433134603267, 0.31078012423355267, 0.05908292228549654]
     [0.13094433134603267, 0.31078012423355267, 0.05908292228549654]
     [0.13094433134603267, 0.31078012423355267, 0.05908292228549654]
     [0.13094433134603267, 0.31078012423355267, 0.05908292228549654]

Gen: 53
     [0.13094433134603267, 0.31078012423355267, 0.05908292228549654]
     [0.13094433134603267, 0.31078012423355267, 0.05908292228549654]
     [0.13094433134603267, 0.31078012423355267, 0.05908292228549654]
     [0.13094433134603267, 0.31078012423355267, 0.05908292228549654]
     [0.13094433134603267, 0.31078012423355267, 0.05908292228549654]
     [0.13094433134603267, 0.31078012423355267, 0.05908292228549654]
     [0.13094433134603267, 0.31078012423355267, 0.05908292228549654]
     [0.13094433134603267, 0.31078012423355267, 0.05908292228549654]
     [0.13094433134603267, 0.31078012423355267, 0.05908292228549654]
     [0.13094433134603267, 0.31078012423355267, 0.05908292228549654]

Gen: 54
     [0.13094433134603267, 0.31078012423355267, 0.05908292228549654]
     [0.13094433134603267, 0.31078012423355267, 0.05908292228549654]
     [0.13094433134603267, 0.31078012423355267, 0.05908292228549654]
     [0.13094433134603267, 0.31078012423355267, 0.05908292228549654]
     [0.13094433134603267, 0.31078012423355267, 0.05908292228549654]
     [0.13094433134603267, 0.31078012423355267, 0.05908292228549654]
     [0.13094433134603267, 0.31078012423355267, 0.05908292228549654]
     [0.13094433134603267, 0.31078012423355267, 0.05908292228549654]
     [0.13094433134603267, 0.31078012423355267, 0.05908292228549654]
     [0.13094433134603267, 0.31078012423355267, 0.05908292228549654]

Gen: 55
     [0.13094433134603267, 0.31078012423355267, 0.05908292228549654]
     [0.13094433134603267, 0.31078012423355267, 0.05908292228549654]
     [0.13094433134603267, 0.31078012423355267, 0.05908292228549654]
     [0.13094433134603267, 0.31078012423355267, 0.05908292228549654]
     [0.13094433134603267, 0.31078012423355267, 0.05908292228549654]
     [0.13094433134603267, 0.31078012423355267, 0.05908292228549654]
     [0.13094433134603267, 0.31078012423355267, 0.05908292228549654]
     [0.13094433134603267, 0.31078012423355267, 0.05908292228549654]
     [0.13094433134603267, 0.31078012423355267, 0.05908292228549654]
     [0.13094433134603267, 0.31078012423355267, 0.05908292228549654]

Gen: 56
     [0.13094433134603267, 0.31078012423355267, 0.05908292228549654]
     [0.13094433134603267, 0.31078012423355267, 0.05908292228549654]
     [0.13094433134603267, 0.31078012423355267, 0.05908292228549654]
     [0.13094433134603267, 0.31078012423355267, 0.05908292228549654]
     [0.13094433134603267, 0.31078012423355267, 0.05908292228549654]
     [0.13094433134603267, 0.31078012423355267, 0.05908292228549654]
     [0.13094433134603267, 0.31078012423355267, 0.05908292228549654]
     [0.13094433134603267, 0.31078012423355267, 0.05908292228549654]
     [0.13094433134603267, 0.31078012423355267, 0.05908292228549654]
     [0.13094433134603267, 0.31078012423355267, 0.05908292228549654]

Gen: 57
     [0.13094433134603267, 0.31078012423355267, 0.05908292228549654]
     [0.13094433134603267, 0.31078012423355267, 0.05908292228549654]
     [0.13094433134603267, 0.31078012423355267, 0.05908292228549654]
     [0.13094433134603267, 0.31078012423355267, 0.05908292228549654]
     [0.13094433134603267, 0.31078012423355267, 0.05908292228549654]
     [0.13094433134603267, 0.31078012423355267, 0.05908292228549654]
     [0.13094433134603267, 0.31078012423355267, 0.05908292228549654]
     [0.13094433134603267, 0.31078012423355267, 0.05908292228549654]
     [0.13094433134603267, 0.31078012423355267, 0.05908292228549654]
     [0.13094433134603267, 0.31078012423355267, 0.05908292228549654]

Gen: 58
     [0.13094433134603267, 0.31078012423355267, 0.05908292228549654]
     [0.13094433134603267, 0.31078012423355267, 0.05908292228549654]
     [0.13094433134603267, 0.31078012423355267, 0.05908292228549654]
     [0.13094433134603267, 0.31078012423355267, 0.05908292228549654]
     [0.13094433134603267, 0.31078012423355267, 0.05908292228549654]
     [0.13094433134603267, 0.31078012423355267, 0.05908292228549654]
     [0.13094433134603267, 0.31078012423355267, 0.05908292228549654]
     [0.13094433134603267, 0.31078012423355267, 0.05908292228549654]
     [0.13094433134603267, 0.31078012423355267, 0.05908292228549654]
     [0.13094433134603267, 0.31078012423355267, 0.05908292228549654]

Gen: 59
     [0.13094433134603267, 0.31078012423355267, 0.05908292228549654]
     [0.13094433134603267, 0.31078012423355267, 0.05908292228549654]
     [0.13094433134603267, 0.31078012423355267, 0.05908292228549654]
     [0.13094433134603267, 0.31078012423355267, 0.05908292228549654]
     [0.13094433134603267, 0.31078012423355267, 0.05908292228549654]
     [0.13094433134603267, 0.31078012423355267, 0.05908292228549654]
     [0.13094433134603267, 0.31078012423355267, 0.05908292228549654]
     [0.13094433134603267, 0.31078012423355267, 0.05908292228549654]
     [0.13094433134603267, 0.31078012423355267, 0.05908292228549654]
     [0.13094433134603267, 0.31078012423355267, 0.05908292228549654]

Gen: 60
     [0.13094433134603267, 0.31078012423355267, 0.05908292228549654]
     [0.13094433134603267, 0.31078012423355267, 0.05908292228549654]
     [0.13094433134603267, 0.31078012423355267, 0.05908292228549654]
     [0.13094433134603267, 0.31078012423355267, 0.05908292228549654]
     [0.13094433134603267, 0.31078012423355267, 0.05908292228549654]
     [0.13094433134603267, 0.31078012423355267, 0.05908292228549654]
     [0.13094433134603267, 0.31078012423355267, 0.05908292228549654]
     [0.13094433134603267, 0.31078012423355267, 0.05908292228549654]
     [0.13094433134603267, 0.31078012423355267, 0.05908292228549654]
     [0.13094433134603267, 0.31078012423355267, 0.05908292228549654]

Gen: 61
     [0.13094433134603267, 0.31078012423355267, 0.05908292228549654]
     [0.13094433134603267, 0.31078012423355267, 0.05908292228549654]
     [0.13094433134603267, 0.31078012423355267, 0.05908292228549654]
     [0.13094433134603267, 0.31078012423355267, 0.05908292228549654]
     [0.13094433134603267, 0.31078012423355267, 0.05908292228549654]
     [0.13094433134603267, 0.31078012423355267, 0.05908292228549654]
     [0.13094433134603267, 0.31078012423355267, 0.05908292228549654]
     [0.13094433134603267, 0.31078012423355267, 0.05908292228549654]
     [0.13094433134603267, 0.31078012423355267, 0.05908292228549654]
     [0.13094433134603267, 0.31078012423355267, 0.05908292228549654]

Gen: 62
     [0.13094433134603267, 0.31078012423355267, 0.05908292228549654]
     [0.13094433134603267, 0.31078012423355267, 0.05908292228549654]
     [0.13094433134603267, 0.31078012423355267, 0.05908292228549654]
     [0.13094433134603267, 0.31078012423355267, 0.05908292228549654]
     [0.13094433134603267, 0.31078012423355267, 0.05908292228549654]
     [0.13094433134603267, 0.31078012423355267, 0.05908292228549654]
     [0.13094433134603267, 0.31078012423355267, 0.05908292228549654]
     [0.13094433134603267, 0.31078012423355267, 0.05908292228549654]
     [0.13094433134603267, 0.31078012423355267, 0.05908292228549654]
     [0.13094433134603267, 0.31078012423355267, 0.05908292228549654]

Gen: 63
     [0.13094433134603267, 0.31078012423355267, 0.05908292228549654]
     [0.13094433134603267, 0.31078012423355267, 0.05908292228549654]
     [0.13094433134603267, 0.31078012423355267, 0.05908292228549654]
     [0.13094433134603267, 0.31078012423355267, 0.05908292228549654]
     [0.13094433134603267, 0.31078012423355267, 0.05908292228549654]
     [0.13094433134603267, 0.31078012423355267, 0.05908292228549654]
     [0.13094433134603267, 0.31078012423355267, 0.05908292228549654]
     [0.13094433134603267, 0.31078012423355267, 0.05908292228549654]
     [0.13094433134603267, 0.31078012423355267, 0.05908292228549654]
     [0.13094433134603267, 0.31078012423355267, 0.05908292228549654]

Gen: 64
     [0.13094433134603267, 0.31078012423355267, 0.05908292228549654]
     [0.13094433134603267, 0.31078012423355267, 0.05908292228549654]
     [0.13094433134603267, 0.31078012423355267, 0.05908292228549654]
     [0.13094433134603267, 0.31078012423355267, 0.05908292228549654]
     [0.13094433134603267, 0.31078012423355267, 0.05908292228549654]
     [0.13094433134603267, 0.31078012423355267, 0.05908292228549654]
     [0.13094433134603267, 0.31078012423355267, 0.05908292228549654]
     [0.13094433134603267, 0.31078012423355267, 0.05908292228549654]
     [0.13094433134603267, 0.31078012423355267, 0.05908292228549654]
     [0.13094433134603267, 0.31078012423355267, 0.05908292228549654]

Gen: 65
     [0.13094433134603267, 0.31078012423355267, 0.05908292228549654]
     [0.13094433134603267, 0.31078012423355267, 0.05908292228549654]
     [0.13094433134603267, 0.31078012423355267, 0.05908292228549654]
     [0.13094433134603267, 0.31078012423355267, 0.05908292228549654]
     [0.13094433134603267, 0.31078012423355267, 0.05908292228549654]
     [0.13094433134603267, 0.31078012423355267, 0.05908292228549654]
     [0.13094433134603267, 0.31078012423355267, 0.05908292228549654]
     [0.13094433134603267, 0.31078012423355267, 0.05908292228549654]
     [0.13094433134603267, 0.31078012423355267, 0.05908292228549654]
     [0.13094433134603267, 0.31078012423355267, 0.05908292228549654]

Gen: 66
     [0.13094433134603267, 0.31078012423355267, 0.05908292228549654]
     [0.13094433134603267, 0.31078012423355267, 0.05908292228549654]
     [0.13094433134603267, 0.31078012423355267, 0.05908292228549654]
     [0.13094433134603267, 0.31078012423355267, 0.05908292228549654]
     [0.13094433134603267, 0.31078012423355267, 0.05908292228549654]
     [0.13094433134603267, 0.31078012423355267, 0.05908292228549654]
     [0.13094433134603267, 0.31078012423355267, 0.05908292228549654]
     [0.13094433134603267, 0.31078012423355267, 0.05908292228549654]
     [0.13094433134603267, 0.31078012423355267, 0.05908292228549654]
     [0.13094433134603267, 0.31078012423355267, 0.05908292228549654]

