Gen: 2
     [0.12673977656390084, 1.0, 0.09829230488077269]
     [0.13015892192940412, 1.0, 0.09474560554476354]
     [0.1344009992698253, 1.0, 0.09022424074237019]
     [0.12962383459232352, 1.0, 0.09442071705596881]
     [0.12486482525321746, 1.0, 0.09869841549176611]
     [0.1274253881611349, 1.0, 0.09598424290829345]
     [0.12940795111394554, 1.0, 0.09396045836350961]
     [0.12927789287161998, 1.0, 0.092579682286132]
     [0.1287256404873289, 1.0, 0.09275566355089582]
     [0.1229918545249045, 1.0, 0.09830584190113914]

Gen: 3
     [0.12927789287161998, 1.0, 0.092579682286132]
     [0.1351176399908629, 1.0, 0.08658278226379591]
     [0.1287256404873289, 1.0, 0.09275566355089582]
     [0.1287256404873289, 1.0, 0.09275566355089582]
     [0.1229918545249045, 1.0, 0.09830584190113914]
     [0.1229918545249045, 1.0, 0.09830584190113914]
     [0.1229918545249045, 1.0, 0.09830584190113914]
     [0.1229918545249045, 1.0, 0.09830584190113914]
     [0.1229918545249045, 1.0, 0.09830584190113914]
     [0.13082868886767465, 1.0, 0.08951354717313172]

Gen: 4
     [0.1229918545249045, 1.0, 0.09830584190113914]
     [0.1229918545249045, 1.0, 0.09830584190113914]
     [0.1229918545249045, 1.0, 0.09830584190113914]
     [0.1229918545249045, 1.0, 0.09830584190113914]
     [0.1229918545249045, 1.0, 0.09830584190113914]
     [0.1229918545249045, 1.0, 0.09830584190113914]
     [0.1229918545249045, 1.0, 0.09830584190113914]
     [0.13082868886767465, 1.0, 0.08951354717313172]
     [0.13082868886767465, 1.0, 0.08951354717313172]
     [0.13145092182905463, 1.0, 0.08587208869455744]

Gen: 5
     [0.1229918545249045, 1.0, 0.09830584190113914]
     [0.1229918545249045, 1.0, 0.09830584190113914]
     [0.1229918545249045, 1.0, 0.09830584190113914]
     [0.1229918545249045, 1.0, 0.09830584190113914]
     [0.13082868886767465, 1.0, 0.08951354717313172]
     [0.13082868886767465, 1.0, 0.08951354717313172]
     [0.13082868886767465, 1.0, 0.08951354717313172]
     [0.13082868886767465, 1.0, 0.08951354717313172]
     [0.13082868886767465, 1.0, 0.08951354717313172]
     [0.13145092182905463, 1.0, 0.08587208869455744]

Gen: 6
     [0.13082868886767465, 1.0, 0.08951354717313172]
     [0.13082868886767465, 1.0, 0.08951354717313172]
     [0.13082868886767465, 1.0, 0.08951354717313172]
     [0.13082868886767465, 1.0, 0.08951354717313172]
     [0.13082868886767465, 1.0, 0.08951354717313172]
     [0.13082868886767465, 1.0, 0.08951354717313172]
     [0.13082868886767465, 1.0, 0.08951354717313172]
     [0.13082868886767465, 1.0, 0.08951354717313172]
     [0.13082868886767465, 1.0, 0.08951354717313172]
     [0.13145092182905463, 1.0, 0.08587208869455744]

Gen: 7
     [0.13082868886767465, 1.0, 0.08951354717313172]
     [0.13082868886767465, 1.0, 0.08951354717313172]
     [0.13082868886767465, 1.0, 0.08951354717313172]
     [0.13082868886767465, 1.0, 0.08951354717313172]
     [0.13082868886767465, 1.0, 0.08951354717313172]
     [0.13082868886767465, 1.0, 0.08951354717313172]
     [0.13082868886767465, 1.0, 0.08951354717313172]
     [0.13082868886767465, 1.0, 0.08951354717313172]
     [0.13145092182905463, 1.0, 0.08587208869455744]
     [0.13145092182905463, 1.0, 0.08587208869455744]

Gen: 8
     [0.13082868886767465, 1.0, 0.08951354717313172]
     [0.13082868886767465, 1.0, 0.08951354717313172]
     [0.13082868886767465, 1.0, 0.08951354717313172]
     [0.13082868886767465, 1.0, 0.08951354717313172]
     [0.13082868886767465, 1.0, 0.08951354717313172]
     [0.13082868886767465, 1.0, 0.08951354717313172]
     [0.13145092182905463, 1.0, 0.08587208869455744]
     [0.13145092182905463, 1.0, 0.08587208869455744]
     [0.13145092182905463, 1.0, 0.08587208869455744]
     [0.13145092182905463, 1.0, 0.08587208869455744]

Gen: 9
     [0.13082868886767465, 1.0, 0.08951354717313172]
     [0.13082868886767465, 1.0, 0.08951354717313172]
     [0.13145092182905463, 1.0, 0.08587208869455744]
     [0.13145092182905463, 1.0, 0.08587208869455744]
     [0.13145092182905463, 1.0, 0.08587208869455744]
     [0.13145092182905463, 1.0, 0.08587208869455744]
     [0.13145092182905463, 1.0, 0.08587208869455744]
     [0.13145092182905463, 1.0, 0.08587208869455744]
     [0.13145092182905463, 1.0, 0.08587208869455744]
     [0.13145092182905463, 1.0, 0.08587208869455744]

Gen: 10
     [0.13145092182905463, 1.0, 0.08587208869455744]
     [0.13145092182905463, 1.0, 0.08587208869455744]
     [0.13145092182905463, 1.0, 0.08587208869455744]
     [0.13145092182905463, 1.0, 0.08587208869455744]
     [0.13145092182905463, 1.0, 0.08587208869455744]
     [0.13145092182905463, 1.0, 0.08587208869455744]
     [0.13145092182905463, 1.0, 0.08587208869455744]
     [0.13145092182905463, 1.0, 0.08587208869455744]
     [0.13145092182905463, 1.0, 0.08587208869455744]
     [0.13145092182905463, 1.0, 0.08587208869455744]

Gen: 11
     [0.13145092182905463, 1.0, 0.08587208869455744]
     [0.13145092182905463, 1.0, 0.08587208869455744]
     [0.13145092182905463, 1.0, 0.08587208869455744]
     [0.13145092182905463, 1.0, 0.08587208869455744]
     [0.13145092182905463, 1.0, 0.08587208869455744]
     [0.13145092182905463, 1.0, 0.08587208869455744]
     [0.13145092182905463, 1.0, 0.08587208869455744]
     [0.13145092182905463, 1.0, 0.08587208869455744]
     [0.13145092182905463, 1.0, 0.08587208869455744]
     [0.13145092182905463, 1.0, 0.08587208869455744]

Gen: 12
     [0.13145092182905463, 1.0, 0.08587208869455744]
     [0.13145092182905463, 1.0, 0.08587208869455744]
     [0.13145092182905463, 1.0, 0.08587208869455744]
     [0.13145092182905463, 1.0, 0.08587208869455744]
     [0.13145092182905463, 1.0, 0.08587208869455744]
     [0.13145092182905463, 1.0, 0.08587208869455744]
     [0.13145092182905463, 1.0, 0.08587208869455744]
     [0.13145092182905463, 1.0, 0.08587208869455744]
     [0.13145092182905463, 1.0, 0.08587208869455744]
     [0.13145092182905463, 1.0, 0.08587208869455744]

Gen: 13
     [0.13145092182905463, 1.0, 0.08587208869455744]
     [0.13145092182905463, 1.0, 0.08587208869455744]
     [0.13145092182905463, 1.0, 0.08587208869455744]
     [0.13145092182905463, 1.0, 0.08587208869455744]
     [0.13145092182905463, 1.0, 0.08587208869455744]
     [0.13145092182905463, 1.0, 0.08587208869455744]
     [0.13145092182905463, 1.0, 0.08587208869455744]
     [0.13145092182905463, 1.0, 0.08587208869455744]
     [0.13145092182905463, 1.0, 0.08587208869455744]
     [0.13145092182905463, 1.0, 0.08587208869455744]

Gen: 14
     [0.13145092182905463, 1.0, 0.08587208869455744]
     [0.13145092182905463, 1.0, 0.08587208869455744]
     [0.13145092182905463, 1.0, 0.08587208869455744]
     [0.13145092182905463, 1.0, 0.08587208869455744]
     [0.13145092182905463, 1.0, 0.08587208869455744]
     [0.13145092182905463, 1.0, 0.08587208869455744]
     [0.13145092182905463, 1.0, 0.08587208869455744]
     [0.13145092182905463, 1.0, 0.08587208869455744]
     [0.13145092182905463, 1.0, 0.08587208869455744]
     [0.13145092182905463, 1.0, 0.08587208869455744]

Gen: 15
     [0.13145092182905463, 1.0, 0.08587208869455744]
     [0.13145092182905463, 1.0, 0.08587208869455744]
     [0.13145092182905463, 1.0, 0.08587208869455744]
     [0.13145092182905463, 1.0, 0.08587208869455744]
     [0.13145092182905463, 1.0, 0.08587208869455744]
     [0.13145092182905463, 1.0, 0.08587208869455744]
     [0.13145092182905463, 1.0, 0.08587208869455744]
     [0.13145092182905463, 1.0, 0.08587208869455744]
     [0.13145092182905463, 1.0, 0.08587208869455744]
     [0.1233216214895828, 1.0, 0.09381155113947869]

Gen: 16
     [0.13145092182905463, 1.0, 0.08587208869455744]
     [0.13145092182905463, 1.0, 0.08587208869455744]
     [0.13145092182905463, 1.0, 0.08587208869455744]
     [0.13145092182905463, 1.0, 0.08587208869455744]
     [0.13145092182905463, 1.0, 0.08587208869455744]
     [0.13145092182905463, 1.0, 0.08587208869455744]
     [0.13145092182905463, 1.0, 0.08587208869455744]
     [0.13145092182905463, 1.0, 0.08587208869455744]
     [0.13145092182905463, 1.0, 0.08587208869455744]
     [0.1233216214895828, 1.0, 0.09381155113947869]

Gen: 17
     [0.13145092182905463, 1.0, 0.08587208869455744]
     [0.13145092182905463, 1.0, 0.08587208869455744]
     [0.13145092182905463, 1.0, 0.08587208869455744]
     [0.13145092182905463, 1.0, 0.08587208869455744]
     [0.13145092182905463, 1.0, 0.08587208869455744]
     [0.13145092182905463, 1.0, 0.08587208869455744]
     [0.13145092182905463, 1.0, 0.08587208869455744]
     [0.13145092182905463, 1.0, 0.08587208869455744]
     [0.13145092182905463, 1.0, 0.08587208869455744]
     [0.1233216214895828, 1.0, 0.09381155113947869]

Gen: 18
     [0.13145092182905463, 1.0, 0.08587208869455744]
     [0.13145092182905463, 1.0, 0.08587208869455744]
     [0.13145092182905463, 1.0, 0.08587208869455744]
     [0.13145092182905463, 1.0, 0.08587208869455744]
     [0.13145092182905463, 1.0, 0.08587208869455744]
     [0.13145092182905463, 1.0, 0.08587208869455744]
     [0.13145092182905463, 1.0, 0.08587208869455744]
     [0.1233216214895828, 1.0, 0.09381155113947869]
     [0.1233216214895828, 1.0, 0.09381155113947869]
     [0.1233216214895828, 1.0, 0.09381155113947869]

Gen: 19
     [0.13145092182905463, 1.0, 0.08587208869455744]
     [0.13145092182905463, 1.0, 0.08587208869455744]
     [0.13145092182905463, 1.0, 0.08587208869455744]
     [0.13145092182905463, 1.0, 0.08587208869455744]
     [0.13145092182905463, 1.0, 0.08587208869455744]
     [0.1233216214895828, 1.0, 0.09381155113947869]
     [0.1233216214895828, 1.0, 0.09381155113947869]
     [0.1233216214895828, 1.0, 0.09381155113947869]
     [0.1233216214895828, 1.0, 0.09381155113947869]
     [0.1233216214895828, 1.0, 0.09381155113947869]

Gen: 20
     [0.13145092182905463, 1.0, 0.08587208869455744]
     [0.13145092182905463, 1.0, 0.08587208869455744]
     [0.1233216214895828, 1.0, 0.09381155113947869]
     [0.1233216214895828, 1.0, 0.09381155113947869]
     [0.1233216214895828, 1.0, 0.09381155113947869]
     [0.1233216214895828, 1.0, 0.09381155113947869]
     [0.1233216214895828, 1.0, 0.09381155113947869]
     [0.1233216214895828, 1.0, 0.09381155113947869]
     [0.1233216214895828, 1.0, 0.09381155113947869]
     [0.1233216214895828, 1.0, 0.09381155113947869]

Gen: 21
     [0.1233216214895828, 1.0, 0.09381155113947869]
     [0.1233216214895828, 1.0, 0.09381155113947869]
     [0.1233216214895828, 1.0, 0.09381155113947869]
     [0.1233216214895828, 1.0, 0.09381155113947869]
     [0.1233216214895828, 1.0, 0.09381155113947869]
     [0.1233216214895828, 1.0, 0.09381155113947869]
     [0.1233216214895828, 1.0, 0.09381155113947869]
     [0.1233216214895828, 1.0, 0.09381155113947869]
     [0.1233216214895828, 1.0, 0.09381155113947869]
     [0.1233216214895828, 1.0, 0.09381155113947869]

Gen: 22
     [0.1233216214895828, 1.0, 0.09381155113947869]
     [0.1233216214895828, 1.0, 0.09381155113947869]
     [0.1233216214895828, 1.0, 0.09381155113947869]
     [0.1233216214895828, 1.0, 0.09381155113947869]
     [0.1233216214895828, 1.0, 0.09381155113947869]
     [0.1233216214895828, 1.0, 0.09381155113947869]
     [0.1233216214895828, 1.0, 0.09381155113947869]
     [0.1233216214895828, 1.0, 0.09381155113947869]
     [0.1233216214895828, 1.0, 0.09381155113947869]
     [0.1233216214895828, 1.0, 0.09381155113947869]

Gen: 23
     [0.1233216214895828, 1.0, 0.09381155113947869]
     [0.1233216214895828, 1.0, 0.09381155113947869]
     [0.1233216214895828, 1.0, 0.09381155113947869]
     [0.1233216214895828, 1.0, 0.09381155113947869]
     [0.1233216214895828, 1.0, 0.09381155113947869]
     [0.1233216214895828, 1.0, 0.09381155113947869]
     [0.1233216214895828, 1.0, 0.09381155113947869]
     [0.1233216214895828, 1.0, 0.09381155113947869]
     [0.1233216214895828, 1.0, 0.09381155113947869]
     [0.1233216214895828, 1.0, 0.09381155113947869]

Gen: 24
     [0.1233216214895828, 1.0, 0.09381155113947869]
     [0.1233216214895828, 1.0, 0.09381155113947869]
     [0.1233216214895828, 1.0, 0.09381155113947869]
     [0.1233216214895828, 1.0, 0.09381155113947869]
     [0.1233216214895828, 1.0, 0.09381155113947869]
     [0.1233216214895828, 1.0, 0.09381155113947869]
     [0.1233216214895828, 1.0, 0.09381155113947869]
     [0.1233216214895828, 1.0, 0.09381155113947869]
     [0.1233216214895828, 1.0, 0.09381155113947869]
     [0.1233216214895828, 1.0, 0.09381155113947869]

Gen: 25
     [0.1233216214895828, 1.0, 0.09381155113947869]
     [0.1233216214895828, 1.0, 0.09381155113947869]
     [0.1233216214895828, 1.0, 0.09381155113947869]
     [0.1233216214895828, 1.0, 0.09381155113947869]
     [0.1233216214895828, 1.0, 0.09381155113947869]
     [0.1233216214895828, 1.0, 0.09381155113947869]
     [0.1233216214895828, 1.0, 0.09381155113947869]
     [0.1233216214895828, 1.0, 0.09381155113947869]
     [0.1233216214895828, 1.0, 0.09381155113947869]
     [0.1233216214895828, 1.0, 0.09381155113947869]

Gen: 26
     [0.1233216214895828, 1.0, 0.09381155113947869]
     [0.1233216214895828, 1.0, 0.09381155113947869]
     [0.1233216214895828, 1.0, 0.09381155113947869]
     [0.1233216214895828, 1.0, 0.09381155113947869]
     [0.1233216214895828, 1.0, 0.09381155113947869]
     [0.1233216214895828, 1.0, 0.09381155113947869]
     [0.1233216214895828, 1.0, 0.09381155113947869]
     [0.1233216214895828, 1.0, 0.09381155113947869]
     [0.1233216214895828, 1.0, 0.09381155113947869]
     [0.1233216214895828, 1.0, 0.09381155113947869]

Gen: 27
     [0.1233216214895828, 1.0, 0.09381155113947869]
     [0.1233216214895828, 1.0, 0.09381155113947869]
     [0.1233216214895828, 1.0, 0.09381155113947869]
     [0.1233216214895828, 1.0, 0.09381155113947869]
     [0.1233216214895828, 1.0, 0.09381155113947869]
     [0.1233216214895828, 1.0, 0.09381155113947869]
     [0.1233216214895828, 1.0, 0.09381155113947869]
     [0.1233216214895828, 1.0, 0.09381155113947869]
     [0.1233216214895828, 1.0, 0.09381155113947869]
     [0.1233216214895828, 1.0, 0.09381155113947869]

Gen: 28
     [0.1233216214895828, 1.0, 0.09381155113947869]
     [0.1233216214895828, 1.0, 0.09381155113947869]
     [0.1233216214895828, 1.0, 0.09381155113947869]
     [0.1233216214895828, 1.0, 0.09381155113947869]
     [0.1233216214895828, 1.0, 0.09381155113947869]
     [0.1233216214895828, 1.0, 0.09381155113947869]
     [0.1233216214895828, 1.0, 0.09381155113947869]
     [0.1233216214895828, 1.0, 0.09381155113947869]
     [0.1233216214895828, 1.0, 0.09381155113947869]
     [0.1233216214895828, 1.0, 0.09381155113947869]

Gen: 29
     [0.1233216214895828, 1.0, 0.09381155113947869]
     [0.1233216214895828, 1.0, 0.09381155113947869]
     [0.1233216214895828, 1.0, 0.09381155113947869]
     [0.1233216214895828, 1.0, 0.09381155113947869]
     [0.1233216214895828, 1.0, 0.09381155113947869]
     [0.1233216214895828, 1.0, 0.09381155113947869]
     [0.1233216214895828, 1.0, 0.09381155113947869]
     [0.1233216214895828, 1.0, 0.09381155113947869]
     [0.1233216214895828, 1.0, 0.09381155113947869]
     [0.1233216214895828, 1.0, 0.09381155113947869]

Gen: 30
     [0.1233216214895828, 1.0, 0.09381155113947869]
     [0.1233216214895828, 1.0, 0.09381155113947869]
     [0.1233216214895828, 1.0, 0.09381155113947869]
     [0.1233216214895828, 1.0, 0.09381155113947869]
     [0.1233216214895828, 1.0, 0.09381155113947869]
     [0.1233216214895828, 1.0, 0.09381155113947869]
     [0.1233216214895828, 1.0, 0.09381155113947869]
     [0.1233216214895828, 1.0, 0.09381155113947869]
     [0.1233216214895828, 1.0, 0.09381155113947869]
     [0.1233216214895828, 1.0, 0.09381155113947869]

Gen: 31
     [0.1233216214895828, 1.0, 0.09381155113947869]
     [0.1233216214895828, 1.0, 0.09381155113947869]
     [0.1233216214895828, 1.0, 0.09381155113947869]
     [0.1233216214895828, 1.0, 0.09381155113947869]
     [0.1233216214895828, 1.0, 0.09381155113947869]
     [0.1233216214895828, 1.0, 0.09381155113947869]
     [0.1233216214895828, 1.0, 0.09381155113947869]
     [0.1233216214895828, 1.0, 0.09381155113947869]
     [0.1233216214895828, 1.0, 0.09381155113947869]
     [0.1233216214895828, 1.0, 0.09381155113947869]

Gen: 32
     [0.1233216214895828, 1.0, 0.09381155113947869]
     [0.1233216214895828, 1.0, 0.09381155113947869]
     [0.1233216214895828, 1.0, 0.09381155113947869]
     [0.1233216214895828, 1.0, 0.09381155113947869]
     [0.1233216214895828, 1.0, 0.09381155113947869]
     [0.1233216214895828, 1.0, 0.09381155113947869]
     [0.1233216214895828, 1.0, 0.09381155113947869]
     [0.1233216214895828, 1.0, 0.09381155113947869]
     [0.1233216214895828, 1.0, 0.09381155113947869]
     [0.1233216214895828, 1.0, 0.09381155113947869]

Gen: 33
     [0.1233216214895828, 1.0, 0.09381155113947869]
     [0.1233216214895828, 1.0, 0.09381155113947869]
     [0.1233216214895828, 1.0, 0.09381155113947869]
     [0.1233216214895828, 1.0, 0.09381155113947869]
     [0.1233216214895828, 1.0, 0.09381155113947869]
     [0.1233216214895828, 1.0, 0.09381155113947869]
     [0.1233216214895828, 1.0, 0.09381155113947869]
     [0.1233216214895828, 1.0, 0.09381155113947869]
     [0.1233216214895828, 1.0, 0.09381155113947869]
     [0.1233216214895828, 1.0, 0.09381155113947869]

Gen: 34
     [0.1233216214895828, 1.0, 0.09381155113947869]
     [0.1233216214895828, 1.0, 0.09381155113947869]
     [0.1233216214895828, 1.0, 0.09381155113947869]
     [0.1233216214895828, 1.0, 0.09381155113947869]
     [0.1233216214895828, 1.0, 0.09381155113947869]
     [0.1233216214895828, 1.0, 0.09381155113947869]
     [0.1233216214895828, 1.0, 0.09381155113947869]
     [0.1233216214895828, 1.0, 0.09381155113947869]
     [0.1233216214895828, 1.0, 0.09381155113947869]
     [0.1233216214895828, 1.0, 0.09381155113947869]

Gen: 35
     [0.1233216214895828, 1.0, 0.09381155113947869]
     [0.1233216214895828, 1.0, 0.09381155113947869]
     [0.1233216214895828, 1.0, 0.09381155113947869]
     [0.1233216214895828, 1.0, 0.09381155113947869]
     [0.1233216214895828, 1.0, 0.09381155113947869]
     [0.1233216214895828, 1.0, 0.09381155113947869]
     [0.1233216214895828, 1.0, 0.09381155113947869]
     [0.1233216214895828, 1.0, 0.09381155113947869]
     [0.1233216214895828, 1.0, 0.09381155113947869]
     [0.1233216214895828, 1.0, 0.09381155113947869]

Gen: 36
     [0.1233216214895828, 1.0, 0.09381155113947869]
     [0.1233216214895828, 1.0, 0.09381155113947869]
     [0.1233216214895828, 1.0, 0.09381155113947869]
     [0.1233216214895828, 1.0, 0.09381155113947869]
     [0.1233216214895828, 1.0, 0.09381155113947869]
     [0.1233216214895828, 1.0, 0.09381155113947869]
     [0.1233216214895828, 1.0, 0.09381155113947869]
     [0.1233216214895828, 1.0, 0.09381155113947869]
     [0.1233216214895828, 1.0, 0.09381155113947869]
     [0.1233216214895828, 1.0, 0.09381155113947869]

Gen: 37
     [0.1233216214895828, 1.0, 0.09381155113947869]
     [0.1233216214895828, 1.0, 0.09381155113947869]
     [0.1233216214895828, 1.0, 0.09381155113947869]
     [0.1233216214895828, 1.0, 0.09381155113947869]
     [0.1233216214895828, 1.0, 0.09381155113947869]
     [0.1233216214895828, 1.0, 0.09381155113947869]
     [0.1233216214895828, 1.0, 0.09381155113947869]
     [0.1233216214895828, 1.0, 0.09381155113947869]
     [0.1233216214895828, 1.0, 0.09381155113947869]
     [0.1233216214895828, 1.0, 0.09381155113947869]

Gen: 38
     [0.1233216214895828, 1.0, 0.09381155113947869]
     [0.1233216214895828, 1.0, 0.09381155113947869]
     [0.1233216214895828, 1.0, 0.09381155113947869]
     [0.1233216214895828, 1.0, 0.09381155113947869]
     [0.1233216214895828, 1.0, 0.09381155113947869]
     [0.1233216214895828, 1.0, 0.09381155113947869]
     [0.1233216214895828, 1.0, 0.09381155113947869]
     [0.1233216214895828, 1.0, 0.09381155113947869]
     [0.1233216214895828, 1.0, 0.09381155113947869]
     [0.1233216214895828, 1.0, 0.09381155113947869]

Gen: 39
     [0.1233216214895828, 1.0, 0.09381155113947869]
     [0.1233216214895828, 1.0, 0.09381155113947869]
     [0.1233216214895828, 1.0, 0.09381155113947869]
     [0.1233216214895828, 1.0, 0.09381155113947869]
     [0.1233216214895828, 1.0, 0.09381155113947869]
     [0.1233216214895828, 1.0, 0.09381155113947869]
     [0.1233216214895828, 1.0, 0.09381155113947869]
     [0.1233216214895828, 1.0, 0.09381155113947869]
     [0.1233216214895828, 1.0, 0.09381155113947869]
     [0.1233216214895828, 1.0, 0.09381155113947869]

Gen: 40
     [0.1233216214895828, 1.0, 0.09381155113947869]
     [0.1233216214895828, 1.0, 0.09381155113947869]
     [0.1233216214895828, 1.0, 0.09381155113947869]
     [0.1233216214895828, 1.0, 0.09381155113947869]
     [0.1233216214895828, 1.0, 0.09381155113947869]
     [0.1233216214895828, 1.0, 0.09381155113947869]
     [0.1233216214895828, 1.0, 0.09381155113947869]
     [0.1233216214895828, 1.0, 0.09381155113947869]
     [0.1233216214895828, 1.0, 0.09381155113947869]
     [0.1233216214895828, 1.0, 0.09381155113947869]

Gen: 41
     [0.1233216214895828, 1.0, 0.09381155113947869]
     [0.1233216214895828, 1.0, 0.09381155113947869]
     [0.1233216214895828, 1.0, 0.09381155113947869]
     [0.1233216214895828, 1.0, 0.09381155113947869]
     [0.1233216214895828, 1.0, 0.09381155113947869]
     [0.1233216214895828, 1.0, 0.09381155113947869]
     [0.1233216214895828, 1.0, 0.09381155113947869]
     [0.1233216214895828, 1.0, 0.09381155113947869]
     [0.1233216214895828, 1.0, 0.09381155113947869]
     [0.1233216214895828, 1.0, 0.09381155113947869]

Gen: 42
     [0.1233216214895828, 1.0, 0.09381155113947869]
     [0.1233216214895828, 1.0, 0.09381155113947869]
     [0.1233216214895828, 1.0, 0.09381155113947869]
     [0.1233216214895828, 1.0, 0.09381155113947869]
     [0.1233216214895828, 1.0, 0.09381155113947869]
     [0.1233216214895828, 1.0, 0.09381155113947869]
     [0.1233216214895828, 1.0, 0.09381155113947869]
     [0.1233216214895828, 1.0, 0.09381155113947869]
     [0.1233216214895828, 1.0, 0.09381155113947869]
     [0.1233216214895828, 1.0, 0.09381155113947869]

Gen: 43
     [0.1233216214895828, 1.0, 0.09381155113947869]
     [0.1233216214895828, 1.0, 0.09381155113947869]
     [0.1233216214895828, 1.0, 0.09381155113947869]
     [0.1233216214895828, 1.0, 0.09381155113947869]
     [0.1233216214895828, 1.0, 0.09381155113947869]
     [0.1233216214895828, 1.0, 0.09381155113947869]
     [0.1233216214895828, 1.0, 0.09381155113947869]
     [0.1233216214895828, 1.0, 0.09381155113947869]
     [0.1233216214895828, 1.0, 0.09381155113947869]
     [0.1233216214895828, 1.0, 0.09381155113947869]

Gen: 44
     [0.1233216214895828, 1.0, 0.09381155113947869]
     [0.1233216214895828, 1.0, 0.09381155113947869]
     [0.1233216214895828, 1.0, 0.09381155113947869]
     [0.1233216214895828, 1.0, 0.09381155113947869]
     [0.1233216214895828, 1.0, 0.09381155113947869]
     [0.1233216214895828, 1.0, 0.09381155113947869]
     [0.1233216214895828, 1.0, 0.09381155113947869]
     [0.1233216214895828, 1.0, 0.09381155113947869]
     [0.1233216214895828, 1.0, 0.09381155113947869]
     [0.1233216214895828, 1.0, 0.09381155113947869]

Gen: 45
     [0.1233216214895828, 1.0, 0.09381155113947869]
     [0.1233216214895828, 1.0, 0.09381155113947869]
     [0.1233216214895828, 1.0, 0.09381155113947869]
     [0.1233216214895828, 1.0, 0.09381155113947869]
     [0.1233216214895828, 1.0, 0.09381155113947869]
     [0.1233216214895828, 1.0, 0.09381155113947869]
     [0.1233216214895828, 1.0, 0.09381155113947869]
     [0.1233216214895828, 1.0, 0.09381155113947869]
     [0.1233216214895828, 1.0, 0.09381155113947869]
     [0.1233216214895828, 1.0, 0.09381155113947869]

Gen: 46
     [0.1233216214895828, 1.0, 0.09381155113947869]
     [0.1233216214895828, 1.0, 0.09381155113947869]
     [0.1233216214895828, 1.0, 0.09381155113947869]
     [0.1233216214895828, 1.0, 0.09381155113947869]
     [0.1233216214895828, 1.0, 0.09381155113947869]
     [0.1233216214895828, 1.0, 0.09381155113947869]
     [0.1233216214895828, 1.0, 0.09381155113947869]
     [0.1233216214895828, 1.0, 0.09381155113947869]
     [0.1233216214895828, 1.0, 0.09381155113947869]
     [0.1233216214895828, 1.0, 0.09381155113947869]

Gen: 47
     [0.1233216214895828, 1.0, 0.09381155113947869]
     [0.1233216214895828, 1.0, 0.09381155113947869]
     [0.1233216214895828, 1.0, 0.09381155113947869]
     [0.1233216214895828, 1.0, 0.09381155113947869]
     [0.1233216214895828, 1.0, 0.09381155113947869]
     [0.1233216214895828, 1.0, 0.09381155113947869]
     [0.1233216214895828, 1.0, 0.09381155113947869]
     [0.1233216214895828, 1.0, 0.09381155113947869]
     [0.1233216214895828, 1.0, 0.09381155113947869]
     [0.1233216214895828, 1.0, 0.09381155113947869]

Gen: 48
     [0.1233216214895828, 1.0, 0.09381155113947869]
     [0.1233216214895828, 1.0, 0.09381155113947869]
     [0.1233216214895828, 1.0, 0.09381155113947869]
     [0.1233216214895828, 1.0, 0.09381155113947869]
     [0.1233216214895828, 1.0, 0.09381155113947869]
     [0.1233216214895828, 1.0, 0.09381155113947869]
     [0.1233216214895828, 1.0, 0.09381155113947869]
     [0.1233216214895828, 1.0, 0.09381155113947869]
     [0.1233216214895828, 1.0, 0.09381155113947869]
     [0.1233216214895828, 1.0, 0.09381155113947869]

Gen: 49
     [0.1233216214895828, 1.0, 0.09381155113947869]
     [0.1233216214895828, 1.0, 0.09381155113947869]
     [0.1233216214895828, 1.0, 0.09381155113947869]
     [0.1233216214895828, 1.0, 0.09381155113947869]
     [0.1233216214895828, 1.0, 0.09381155113947869]
     [0.1233216214895828, 1.0, 0.09381155113947869]
     [0.1233216214895828, 1.0, 0.09381155113947869]
     [0.1233216214895828, 1.0, 0.09381155113947869]
     [0.1233216214895828, 1.0, 0.09381155113947869]
     [0.1233216214895828, 1.0, 0.09381155113947869]

Gen: 50
     [0.1233216214895828, 1.0, 0.09381155113947869]
     [0.1233216214895828, 1.0, 0.09381155113947869]
     [0.1233216214895828, 1.0, 0.09381155113947869]
     [0.1233216214895828, 1.0, 0.09381155113947869]
     [0.1233216214895828, 1.0, 0.09381155113947869]
     [0.1233216214895828, 1.0, 0.09381155113947869]
     [0.1233216214895828, 1.0, 0.09381155113947869]
     [0.1233216214895828, 1.0, 0.09381155113947869]
     [0.1233216214895828, 1.0, 0.09381155113947869]
     [0.1233216214895828, 1.0, 0.09381155113947869]

Gen: 51
     [0.1233216214895828, 1.0, 0.09381155113947869]
     [0.1233216214895828, 1.0, 0.09381155113947869]
     [0.1233216214895828, 1.0, 0.09381155113947869]
     [0.1233216214895828, 1.0, 0.09381155113947869]
     [0.1233216214895828, 1.0, 0.09381155113947869]
     [0.1233216214895828, 1.0, 0.09381155113947869]
     [0.1233216214895828, 1.0, 0.09381155113947869]
     [0.1233216214895828, 1.0, 0.09381155113947869]
     [0.1233216214895828, 1.0, 0.09381155113947869]
     [0.1233216214895828, 1.0, 0.09381155113947869]

Gen: 52
     [0.1233216214895828, 1.0, 0.09381155113947869]
     [0.1233216214895828, 1.0, 0.09381155113947869]
     [0.1233216214895828, 1.0, 0.09381155113947869]
     [0.1233216214895828, 1.0, 0.09381155113947869]
     [0.1233216214895828, 1.0, 0.09381155113947869]
     [0.1233216214895828, 1.0, 0.09381155113947869]
     [0.1233216214895828, 1.0, 0.09381155113947869]
     [0.1233216214895828, 1.0, 0.09381155113947869]
     [0.1233216214895828, 1.0, 0.09381155113947869]
     [0.1233216214895828, 1.0, 0.09381155113947869]

Gen: 53
     [0.1233216214895828, 1.0, 0.09381155113947869]
     [0.1233216214895828, 1.0, 0.09381155113947869]
     [0.1233216214895828, 1.0, 0.09381155113947869]
     [0.1233216214895828, 1.0, 0.09381155113947869]
     [0.1233216214895828, 1.0, 0.09381155113947869]
     [0.1233216214895828, 1.0, 0.09381155113947869]
     [0.1233216214895828, 1.0, 0.09381155113947869]
     [0.1233216214895828, 1.0, 0.09381155113947869]
     [0.1233216214895828, 1.0, 0.09381155113947869]
     [0.1233216214895828, 1.0, 0.09381155113947869]

Gen: 54
     [0.1233216214895828, 1.0, 0.09381155113947869]
     [0.1233216214895828, 1.0, 0.09381155113947869]
     [0.1233216214895828, 1.0, 0.09381155113947869]
     [0.1233216214895828, 1.0, 0.09381155113947869]
     [0.1233216214895828, 1.0, 0.09381155113947869]
     [0.1233216214895828, 1.0, 0.09381155113947869]
     [0.1233216214895828, 1.0, 0.09381155113947869]
     [0.1233216214895828, 1.0, 0.09381155113947869]
     [0.1233216214895828, 1.0, 0.09381155113947869]
     [0.1233216214895828, 1.0, 0.09381155113947869]

Gen: 55
     [0.1233216214895828, 1.0, 0.09381155113947869]
     [0.1233216214895828, 1.0, 0.09381155113947869]
     [0.1233216214895828, 1.0, 0.09381155113947869]
     [0.1233216214895828, 1.0, 0.09381155113947869]
     [0.1233216214895828, 1.0, 0.09381155113947869]
     [0.1233216214895828, 1.0, 0.09381155113947869]
     [0.1233216214895828, 1.0, 0.09381155113947869]
     [0.1233216214895828, 1.0, 0.09381155113947869]
     [0.1233216214895828, 1.0, 0.09381155113947869]
     [0.1233216214895828, 1.0, 0.09381155113947869]

Gen: 56
     [0.1233216214895828, 1.0, 0.09381155113947869]
     [0.1233216214895828, 1.0, 0.09381155113947869]
     [0.1233216214895828, 1.0, 0.09381155113947869]
     [0.1233216214895828, 1.0, 0.09381155113947869]
     [0.1233216214895828, 1.0, 0.09381155113947869]
     [0.1233216214895828, 1.0, 0.09381155113947869]
     [0.1233216214895828, 1.0, 0.09381155113947869]
     [0.1233216214895828, 1.0, 0.09381155113947869]
     [0.1233216214895828, 1.0, 0.09381155113947869]
     [0.1233216214895828, 1.0, 0.09381155113947869]

Gen: 57
     [0.1233216214895828, 1.0, 0.09381155113947869]
     [0.1233216214895828, 1.0, 0.09381155113947869]
     [0.1233216214895828, 1.0, 0.09381155113947869]
     [0.1233216214895828, 1.0, 0.09381155113947869]
     [0.1233216214895828, 1.0, 0.09381155113947869]
     [0.1233216214895828, 1.0, 0.09381155113947869]
     [0.1233216214895828, 1.0, 0.09381155113947869]
     [0.1233216214895828, 1.0, 0.09381155113947869]
     [0.1233216214895828, 1.0, 0.09381155113947869]
     [0.1233216214895828, 1.0, 0.09381155113947869]

Gen: 58
     [0.1233216214895828, 1.0, 0.09381155113947869]
     [0.1233216214895828, 1.0, 0.09381155113947869]
     [0.1233216214895828, 1.0, 0.09381155113947869]
     [0.1233216214895828, 1.0, 0.09381155113947869]
     [0.1233216214895828, 1.0, 0.09381155113947869]
     [0.1233216214895828, 1.0, 0.09381155113947869]
     [0.1233216214895828, 1.0, 0.09381155113947869]
     [0.1233216214895828, 1.0, 0.09381155113947869]
     [0.1233216214895828, 1.0, 0.09381155113947869]
     [0.1233216214895828, 1.0, 0.09381155113947869]

Gen: 59
     [0.1233216214895828, 1.0, 0.09381155113947869]
     [0.1233216214895828, 1.0, 0.09381155113947869]
     [0.1233216214895828, 1.0, 0.09381155113947869]
     [0.1233216214895828, 1.0, 0.09381155113947869]
     [0.1233216214895828, 1.0, 0.09381155113947869]
     [0.1233216214895828, 1.0, 0.09381155113947869]
     [0.1233216214895828, 1.0, 0.09381155113947869]
     [0.1233216214895828, 1.0, 0.09381155113947869]
     [0.1233216214895828, 1.0, 0.09381155113947869]
     [0.1233216214895828, 1.0, 0.09381155113947869]

Gen: 60
     [0.1233216214895828, 1.0, 0.09381155113947869]
     [0.1233216214895828, 1.0, 0.09381155113947869]
     [0.1233216214895828, 1.0, 0.09381155113947869]
     [0.1233216214895828, 1.0, 0.09381155113947869]
     [0.1233216214895828, 1.0, 0.09381155113947869]
     [0.1233216214895828, 1.0, 0.09381155113947869]
     [0.1233216214895828, 1.0, 0.09381155113947869]
     [0.1233216214895828, 1.0, 0.09381155113947869]
     [0.1233216214895828, 1.0, 0.09381155113947869]
     [0.1233216214895828, 1.0, 0.09381155113947869]

Gen: 61
     [0.1233216214895828, 1.0, 0.09381155113947869]
     [0.1233216214895828, 1.0, 0.09381155113947869]
     [0.1233216214895828, 1.0, 0.09381155113947869]
     [0.1233216214895828, 1.0, 0.09381155113947869]
     [0.1233216214895828, 1.0, 0.09381155113947869]
     [0.1233216214895828, 1.0, 0.09381155113947869]
     [0.1233216214895828, 1.0, 0.09381155113947869]
     [0.1233216214895828, 1.0, 0.09381155113947869]
     [0.1233216214895828, 1.0, 0.09381155113947869]
     [0.1233216214895828, 1.0, 0.09381155113947869]

Gen: 62
     [0.1233216214895828, 1.0, 0.09381155113947869]
     [0.1233216214895828, 1.0, 0.09381155113947869]
     [0.1233216214895828, 1.0, 0.09381155113947869]
     [0.1233216214895828, 1.0, 0.09381155113947869]
     [0.1233216214895828, 1.0, 0.09381155113947869]
     [0.1233216214895828, 1.0, 0.09381155113947869]
     [0.1233216214895828, 1.0, 0.09381155113947869]
     [0.1233216214895828, 1.0, 0.09381155113947869]
     [0.1233216214895828, 1.0, 0.09381155113947869]
     [0.1233216214895828, 1.0, 0.09381155113947869]

Gen: 63
     [0.1233216214895828, 1.0, 0.09381155113947869]
     [0.1233216214895828, 1.0, 0.09381155113947869]
     [0.1233216214895828, 1.0, 0.09381155113947869]
     [0.1233216214895828, 1.0, 0.09381155113947869]
     [0.1233216214895828, 1.0, 0.09381155113947869]
     [0.1233216214895828, 1.0, 0.09381155113947869]
     [0.1233216214895828, 1.0, 0.09381155113947869]
     [0.1233216214895828, 1.0, 0.09381155113947869]
     [0.1233216214895828, 1.0, 0.09381155113947869]
     [0.1233216214895828, 1.0, 0.09381155113947869]

Gen: 64
     [0.1233216214895828, 1.0, 0.09381155113947869]
     [0.1233216214895828, 1.0, 0.09381155113947869]
     [0.1233216214895828, 1.0, 0.09381155113947869]
     [0.1233216214895828, 1.0, 0.09381155113947869]
     [0.1233216214895828, 1.0, 0.09381155113947869]
     [0.1233216214895828, 1.0, 0.09381155113947869]
     [0.1233216214895828, 1.0, 0.09381155113947869]
     [0.1233216214895828, 1.0, 0.09381155113947869]
     [0.1233216214895828, 1.0, 0.09381155113947869]
     [0.1233216214895828, 1.0, 0.09381155113947869]

Gen: 65
     [0.1233216214895828, 1.0, 0.09381155113947869]
     [0.1233216214895828, 1.0, 0.09381155113947869]
     [0.1233216214895828, 1.0, 0.09381155113947869]
     [0.1233216214895828, 1.0, 0.09381155113947869]
     [0.1233216214895828, 1.0, 0.09381155113947869]
     [0.1233216214895828, 1.0, 0.09381155113947869]
     [0.1233216214895828, 1.0, 0.09381155113947869]
     [0.1233216214895828, 1.0, 0.09381155113947869]
     [0.1233216214895828, 1.0, 0.09381155113947869]
     [0.1233216214895828, 1.0, 0.09381155113947869]

Gen: 66
     [0.1233216214895828, 1.0, 0.09381155113947869]
     [0.1233216214895828, 1.0, 0.09381155113947869]
     [0.1233216214895828, 1.0, 0.09381155113947869]
     [0.1233216214895828, 1.0, 0.09381155113947869]
     [0.1233216214895828, 1.0, 0.09381155113947869]
     [0.1233216214895828, 1.0, 0.09381155113947869]
     [0.1233216214895828, 1.0, 0.09381155113947869]
     [0.1233216214895828, 1.0, 0.09381155113947869]
     [0.1233216214895828, 1.0, 0.09381155113947869]
     [0.12275253415514298, 1.0, 0.09187575722707675]

Gen: 67
     [0.1233216214895828, 1.0, 0.09381155113947869]
     [0.1233216214895828, 1.0, 0.09381155113947869]
     [0.1233216214895828, 1.0, 0.09381155113947869]
     [0.1233216214895828, 1.0, 0.09381155113947869]
     [0.1233216214895828, 1.0, 0.09381155113947869]
     [0.1233216214895828, 1.0, 0.09381155113947869]
     [0.1233216214895828, 1.0, 0.09381155113947869]
     [0.1233216214895828, 1.0, 0.09381155113947869]
     [0.1233216214895828, 1.0, 0.09381155113947869]
     [0.12275253415514298, 1.0, 0.09187575722707675]

Gen: 68
     [0.1233216214895828, 1.0, 0.09381155113947869]
     [0.1233216214895828, 1.0, 0.09381155113947869]
     [0.1233216214895828, 1.0, 0.09381155113947869]
     [0.1233216214895828, 1.0, 0.09381155113947869]
     [0.1233216214895828, 1.0, 0.09381155113947869]
     [0.1233216214895828, 1.0, 0.09381155113947869]
     [0.1233216214895828, 1.0, 0.09381155113947869]
     [0.1233216214895828, 1.0, 0.09381155113947869]
     [0.12275253415514298, 1.0, 0.09187575722707675]
     [0.12275253415514298, 1.0, 0.09187575722707675]

Gen: 69
     [0.1233216214895828, 1.0, 0.09381155113947869]
     [0.1233216214895828, 1.0, 0.09381155113947869]
     [0.1233216214895828, 1.0, 0.09381155113947869]
     [0.1233216214895828, 1.0, 0.09381155113947869]
     [0.1233216214895828, 1.0, 0.09381155113947869]
     [0.1233216214895828, 1.0, 0.09381155113947869]
     [0.1233216214895828, 1.0, 0.09381155113947869]
     [0.12275253415514298, 1.0, 0.09187575722707675]
     [0.12275253415514298, 1.0, 0.09187575722707675]
     [0.12275253415514298, 1.0, 0.09187575722707675]

Gen: 70
     [0.1233216214895828, 1.0, 0.09381155113947869]
     [0.1233216214895828, 1.0, 0.09381155113947869]
     [0.1233216214895828, 1.0, 0.09381155113947869]
     [0.12275253415514298, 1.0, 0.09187575722707675]
     [0.12275253415514298, 1.0, 0.09187575722707675]
     [0.12275253415514298, 1.0, 0.09187575722707675]
     [0.12275253415514298, 1.0, 0.09187575722707675]
     [0.12275253415514298, 1.0, 0.09187575722707675]
     [0.12275253415514298, 1.0, 0.09187575722707675]
     [0.12275253415514298, 1.0, 0.09187575722707675]

Gen: 71
     [0.12275253415514298, 1.0, 0.09187575722707675]
     [0.12275253415514298, 1.0, 0.09187575722707675]
     [0.12275253415514298, 1.0, 0.09187575722707675]
     [0.12275253415514298, 1.0, 0.09187575722707675]
     [0.12275253415514298, 1.0, 0.09187575722707675]
     [0.12275253415514298, 1.0, 0.09187575722707675]
     [0.12275253415514298, 1.0, 0.09187575722707675]
     [0.12275253415514298, 1.0, 0.09187575722707675]
     [0.12275253415514298, 1.0, 0.09187575722707675]
     [0.12275253415514298, 1.0, 0.09187575722707675]

Gen: 72
     [0.12275253415514298, 1.0, 0.09187575722707675]
     [0.12275253415514298, 1.0, 0.09187575722707675]
     [0.12275253415514298, 1.0, 0.09187575722707675]
     [0.12275253415514298, 1.0, 0.09187575722707675]
     [0.12275253415514298, 1.0, 0.09187575722707675]
     [0.12275253415514298, 1.0, 0.09187575722707675]
     [0.12275253415514298, 1.0, 0.09187575722707675]
     [0.12275253415514298, 1.0, 0.09187575722707675]
     [0.12275253415514298, 1.0, 0.09187575722707675]
     [0.12275253415514298, 1.0, 0.09187575722707675]

Gen: 73
     [0.12275253415514298, 1.0, 0.09187575722707675]
     [0.12275253415514298, 1.0, 0.09187575722707675]
     [0.12275253415514298, 1.0, 0.09187575722707675]
     [0.12275253415514298, 1.0, 0.09187575722707675]
     [0.12275253415514298, 1.0, 0.09187575722707675]
     [0.12275253415514298, 1.0, 0.09187575722707675]
     [0.12275253415514298, 1.0, 0.09187575722707675]
     [0.12275253415514298, 1.0, 0.09187575722707675]
     [0.12275253415514298, 1.0, 0.09187575722707675]
     [0.12275253415514298, 1.0, 0.09187575722707675]

Gen: 74
     [0.12275253415514298, 1.0, 0.09187575722707675]
     [0.12275253415514298, 1.0, 0.09187575722707675]
     [0.12275253415514298, 1.0, 0.09187575722707675]
     [0.12275253415514298, 1.0, 0.09187575722707675]
     [0.12275253415514298, 1.0, 0.09187575722707675]
     [0.12275253415514298, 1.0, 0.09187575722707675]
     [0.12275253415514298, 1.0, 0.09187575722707675]
     [0.12275253415514298, 1.0, 0.09187575722707675]
     [0.12275253415514298, 1.0, 0.09187575722707675]
     [0.12275253415514298, 1.0, 0.09187575722707675]

Gen: 75
     [0.12275253415514298, 1.0, 0.09187575722707675]
     [0.12275253415514298, 1.0, 0.09187575722707675]
     [0.12275253415514298, 1.0, 0.09187575722707675]
     [0.12275253415514298, 1.0, 0.09187575722707675]
     [0.12275253415514298, 1.0, 0.09187575722707675]
     [0.12275253415514298, 1.0, 0.09187575722707675]
     [0.12275253415514298, 1.0, 0.09187575722707675]
     [0.12275253415514298, 1.0, 0.09187575722707675]
     [0.12275253415514298, 1.0, 0.09187575722707675]
     [0.12275253415514298, 1.0, 0.09187575722707675]

Gen: 76
     [0.12275253415514298, 1.0, 0.09187575722707675]
     [0.12275253415514298, 1.0, 0.09187575722707675]
     [0.12275253415514298, 1.0, 0.09187575722707675]
     [0.12275253415514298, 1.0, 0.09187575722707675]
     [0.12275253415514298, 1.0, 0.09187575722707675]
     [0.12275253415514298, 1.0, 0.09187575722707675]
     [0.12275253415514298, 1.0, 0.09187575722707675]
     [0.12275253415514298, 1.0, 0.09187575722707675]
     [0.12275253415514298, 1.0, 0.09187575722707675]
     [0.12275253415514298, 1.0, 0.09187575722707675]

Gen: 77
     [0.12275253415514298, 1.0, 0.09187575722707675]
     [0.12275253415514298, 1.0, 0.09187575722707675]
     [0.12275253415514298, 1.0, 0.09187575722707675]
     [0.12275253415514298, 1.0, 0.09187575722707675]
     [0.12275253415514298, 1.0, 0.09187575722707675]
     [0.12275253415514298, 1.0, 0.09187575722707675]
     [0.12275253415514298, 1.0, 0.09187575722707675]
     [0.12275253415514298, 1.0, 0.09187575722707675]
     [0.12275253415514298, 1.0, 0.09187575722707675]
     [0.12275253415514298, 1.0, 0.09187575722707675]

Gen: 78
     [0.12275253415514298, 1.0, 0.09187575722707675]
     [0.12275253415514298, 1.0, 0.09187575722707675]
     [0.12275253415514298, 1.0, 0.09187575722707675]
     [0.12275253415514298, 1.0, 0.09187575722707675]
     [0.12275253415514298, 1.0, 0.09187575722707675]
     [0.12275253415514298, 1.0, 0.09187575722707675]
     [0.12275253415514298, 1.0, 0.09187575722707675]
     [0.12275253415514298, 1.0, 0.09187575722707675]
     [0.12275253415514298, 1.0, 0.09187575722707675]
     [0.12275253415514298, 1.0, 0.09187575722707675]

Gen: 79
     [0.12275253415514298, 1.0, 0.09187575722707675]
     [0.12275253415514298, 1.0, 0.09187575722707675]
     [0.12275253415514298, 1.0, 0.09187575722707675]
     [0.12275253415514298, 1.0, 0.09187575722707675]
     [0.12275253415514298, 1.0, 0.09187575722707675]
     [0.12275253415514298, 1.0, 0.09187575722707675]
     [0.12275253415514298, 1.0, 0.09187575722707675]
     [0.12275253415514298, 1.0, 0.09187575722707675]
     [0.12275253415514298, 1.0, 0.09187575722707675]
     [0.12275253415514298, 1.0, 0.09187575722707675]

Gen: 80
     [0.12275253415514298, 1.0, 0.09187575722707675]
     [0.12275253415514298, 1.0, 0.09187575722707675]
     [0.12275253415514298, 1.0, 0.09187575722707675]
     [0.12275253415514298, 1.0, 0.09187575722707675]
     [0.12275253415514298, 1.0, 0.09187575722707675]
     [0.12275253415514298, 1.0, 0.09187575722707675]
     [0.12275253415514298, 1.0, 0.09187575722707675]
     [0.12275253415514298, 1.0, 0.09187575722707675]
     [0.12275253415514298, 1.0, 0.09187575722707675]
     [0.12275253415514298, 1.0, 0.09187575722707675]

Gen: 81
     [0.12275253415514298, 1.0, 0.09187575722707675]
     [0.12275253415514298, 1.0, 0.09187575722707675]
     [0.12275253415514298, 1.0, 0.09187575722707675]
     [0.12275253415514298, 1.0, 0.09187575722707675]
     [0.12275253415514298, 1.0, 0.09187575722707675]
     [0.12275253415514298, 1.0, 0.09187575722707675]
     [0.12275253415514298, 1.0, 0.09187575722707675]
     [0.12275253415514298, 1.0, 0.09187575722707675]
     [0.12275253415514298, 1.0, 0.09187575722707675]
     [0.12275253415514298, 1.0, 0.09187575722707675]

Gen: 82
     [0.12275253415514298, 1.0, 0.09187575722707675]
     [0.12275253415514298, 1.0, 0.09187575722707675]
     [0.12275253415514298, 1.0, 0.09187575722707675]
     [0.12275253415514298, 1.0, 0.09187575722707675]
     [0.12275253415514298, 1.0, 0.09187575722707675]
     [0.12275253415514298, 1.0, 0.09187575722707675]
     [0.12275253415514298, 1.0, 0.09187575722707675]
     [0.12275253415514298, 1.0, 0.09187575722707675]
     [0.12275253415514298, 1.0, 0.09187575722707675]
     [0.12275253415514298, 1.0, 0.09187575722707675]

Gen: 83
     [0.12275253415514298, 1.0, 0.09187575722707675]
     [0.12275253415514298, 1.0, 0.09187575722707675]
     [0.12275253415514298, 1.0, 0.09187575722707675]
     [0.12275253415514298, 1.0, 0.09187575722707675]
     [0.12275253415514298, 1.0, 0.09187575722707675]
     [0.12275253415514298, 1.0, 0.09187575722707675]
     [0.12275253415514298, 1.0, 0.09187575722707675]
     [0.12275253415514298, 1.0, 0.09187575722707675]
     [0.12275253415514298, 1.0, 0.09187575722707675]
     [0.12275253415514298, 1.0, 0.09187575722707675]

Gen: 84
     [0.12275253415514298, 1.0, 0.09187575722707675]
     [0.12275253415514298, 1.0, 0.09187575722707675]
     [0.12275253415514298, 1.0, 0.09187575722707675]
     [0.12275253415514298, 1.0, 0.09187575722707675]
     [0.12275253415514298, 1.0, 0.09187575722707675]
     [0.12275253415514298, 1.0, 0.09187575722707675]
     [0.12275253415514298, 1.0, 0.09187575722707675]
     [0.12275253415514298, 1.0, 0.09187575722707675]
     [0.12275253415514298, 1.0, 0.09187575722707675]
     [0.12275253415514298, 1.0, 0.09187575722707675]

Gen: 85
     [0.12275253415514298, 1.0, 0.09187575722707675]
     [0.12275253415514298, 1.0, 0.09187575722707675]
     [0.12275253415514298, 1.0, 0.09187575722707675]
     [0.12275253415514298, 1.0, 0.09187575722707675]
     [0.12275253415514298, 1.0, 0.09187575722707675]
     [0.12275253415514298, 1.0, 0.09187575722707675]
     [0.12275253415514298, 1.0, 0.09187575722707675]
     [0.12275253415514298, 1.0, 0.09187575722707675]
     [0.12275253415514298, 1.0, 0.09187575722707675]
     [0.12275253415514298, 1.0, 0.09187575722707675]

Gen: 86
     [0.12275253415514298, 1.0, 0.09187575722707675]
     [0.12275253415514298, 1.0, 0.09187575722707675]
     [0.12275253415514298, 1.0, 0.09187575722707675]
     [0.12275253415514298, 1.0, 0.09187575722707675]
     [0.12275253415514298, 1.0, 0.09187575722707675]
     [0.12275253415514298, 1.0, 0.09187575722707675]
     [0.12275253415514298, 1.0, 0.09187575722707675]
     [0.12275253415514298, 1.0, 0.09187575722707675]
     [0.12275253415514298, 1.0, 0.09187575722707675]
     [0.12275253415514298, 1.0, 0.09187575722707675]

Gen: 87
     [0.12275253415514298, 1.0, 0.09187575722707675]
     [0.12275253415514298, 1.0, 0.09187575722707675]
     [0.12275253415514298, 1.0, 0.09187575722707675]
     [0.12275253415514298, 1.0, 0.09187575722707675]
     [0.12275253415514298, 1.0, 0.09187575722707675]
     [0.12275253415514298, 1.0, 0.09187575722707675]
     [0.12275253415514298, 1.0, 0.09187575722707675]
     [0.12275253415514298, 1.0, 0.09187575722707675]
     [0.12275253415514298, 1.0, 0.09187575722707675]
     [0.12275253415514298, 1.0, 0.09187575722707675]

Gen: 88
     [0.12275253415514298, 1.0, 0.09187575722707675]
     [0.12275253415514298, 1.0, 0.09187575722707675]
     [0.12275253415514298, 1.0, 0.09187575722707675]
     [0.12275253415514298, 1.0, 0.09187575722707675]
     [0.12275253415514298, 1.0, 0.09187575722707675]
     [0.12275253415514298, 1.0, 0.09187575722707675]
     [0.12275253415514298, 1.0, 0.09187575722707675]
     [0.12275253415514298, 1.0, 0.09187575722707675]
     [0.12275253415514298, 1.0, 0.09187575722707675]
     [0.12275253415514298, 1.0, 0.09187575722707675]

Gen: 89
     [0.12275253415514298, 1.0, 0.09187575722707675]
     [0.12275253415514298, 1.0, 0.09187575722707675]
     [0.12275253415514298, 1.0, 0.09187575722707675]
     [0.12275253415514298, 1.0, 0.09187575722707675]
     [0.12275253415514298, 1.0, 0.09187575722707675]
     [0.12275253415514298, 1.0, 0.09187575722707675]
     [0.12275253415514298, 1.0, 0.09187575722707675]
     [0.12275253415514298, 1.0, 0.09187575722707675]
     [0.12275253415514298, 1.0, 0.09187575722707675]
     [0.12275253415514298, 1.0, 0.09187575722707675]

Gen: 90
     [0.12275253415514298, 1.0, 0.09187575722707675]
     [0.12275253415514298, 1.0, 0.09187575722707675]
     [0.12275253415514298, 1.0, 0.09187575722707675]
     [0.12275253415514298, 1.0, 0.09187575722707675]
     [0.12275253415514298, 1.0, 0.09187575722707675]
     [0.12275253415514298, 1.0, 0.09187575722707675]
     [0.12275253415514298, 1.0, 0.09187575722707675]
     [0.12275253415514298, 1.0, 0.09187575722707675]
     [0.12275253415514298, 1.0, 0.09187575722707675]
     [0.12275253415514298, 1.0, 0.09187575722707675]

Gen: 91
     [0.12275253415514298, 1.0, 0.09187575722707675]
     [0.12275253415514298, 1.0, 0.09187575722707675]
     [0.12275253415514298, 1.0, 0.09187575722707675]
     [0.12275253415514298, 1.0, 0.09187575722707675]
     [0.12275253415514298, 1.0, 0.09187575722707675]
     [0.12275253415514298, 1.0, 0.09187575722707675]
     [0.12275253415514298, 1.0, 0.09187575722707675]
     [0.12275253415514298, 1.0, 0.09187575722707675]
     [0.12275253415514298, 1.0, 0.09187575722707675]
     [0.12275253415514298, 1.0, 0.09187575722707675]

Gen: 92
     [0.12275253415514298, 1.0, 0.09187575722707675]
     [0.12275253415514298, 1.0, 0.09187575722707675]
     [0.12275253415514298, 1.0, 0.09187575722707675]
     [0.12275253415514298, 1.0, 0.09187575722707675]
     [0.12275253415514298, 1.0, 0.09187575722707675]
     [0.12275253415514298, 1.0, 0.09187575722707675]
     [0.12275253415514298, 1.0, 0.09187575722707675]
     [0.12275253415514298, 1.0, 0.09187575722707675]
     [0.12275253415514298, 1.0, 0.09187575722707675]
     [0.12275253415514298, 1.0, 0.09187575722707675]

Gen: 93
     [0.12275253415514298, 1.0, 0.09187575722707675]
     [0.12275253415514298, 1.0, 0.09187575722707675]
     [0.12275253415514298, 1.0, 0.09187575722707675]
     [0.12275253415514298, 1.0, 0.09187575722707675]
     [0.12275253415514298, 1.0, 0.09187575722707675]
     [0.12275253415514298, 1.0, 0.09187575722707675]
     [0.12275253415514298, 1.0, 0.09187575722707675]
     [0.12275253415514298, 1.0, 0.09187575722707675]
     [0.12275253415514298, 1.0, 0.09187575722707675]
     [0.12275253415514298, 1.0, 0.09187575722707675]

Gen: 94
     [0.12275253415514298, 1.0, 0.09187575722707675]
     [0.12275253415514298, 1.0, 0.09187575722707675]
     [0.12275253415514298, 1.0, 0.09187575722707675]
     [0.12275253415514298, 1.0, 0.09187575722707675]
     [0.12275253415514298, 1.0, 0.09187575722707675]
     [0.12275253415514298, 1.0, 0.09187575722707675]
     [0.12275253415514298, 1.0, 0.09187575722707675]
     [0.12275253415514298, 1.0, 0.09187575722707675]
     [0.12275253415514298, 1.0, 0.09187575722707675]
     [0.12275253415514298, 1.0, 0.09187575722707675]

