Gen: 2
     [0.1284262424523307, 1.0, 0.09955124777485228]
     [0.13858464943031848, 1.0, 0.08810569705502122]
     [0.12429573791877764, 1.0, 0.09963246989705096]
     [0.13759468834216013, 1.0, 0.08909389954177185]
     [0.13632645543095492, 1.0, 0.09273535802034615]
     [0.13482022253823514, 1.0, 0.09369648646636389]
     [0.13450597013545862, 1.0, 0.09377094007837934]
     [0.1295396598415798, 1.0, 0.09451547619853394]

Gen: 3
     [0.1284262424523307, 1.0, 0.09955124777485228]
     [0.12154668958860664, 1.0, 0.10200144846117921]
     [0.12429573791877764, 1.0, 0.09963246989705096]
     [0.13062997043650715, 1.0, 0.08992642629430836]
     [0.1295396598415798, 1.0, 0.09451547619853394]
     [0.13313474694099053, 1.0, 0.08624435675463474]

Gen: 4
     [0.1284262424523307, 1.0, 0.09955124777485228]
     [0.12154668958860664, 1.0, 0.10200144846117921]
     [0.12429573791877764, 1.0, 0.09963246989705096]
     [0.13062997043650715, 1.0, 0.08992642629430836]
     [0.1295396598415798, 1.0, 0.09451547619853394]
     [0.13313474694099053, 1.0, 0.08624435675463474]

Gen: 5
     [0.1284262424523307, 1.0, 0.09955124777485228]
     [0.12154668958860664, 1.0, 0.10200144846117921]
     [0.12429573791877764, 1.0, 0.09963246989705096]
     [0.13062997043650715, 1.0, 0.08992642629430836]
     [0.1295396598415798, 1.0, 0.09451547619853394]
     [0.13313474694099053, 1.0, 0.08624435675463474]

Gen: 6
     [0.1284262424523307, 1.0, 0.09955124777485228]
     [0.12154668958860664, 1.0, 0.10200144846117921]
     [0.12429573791877764, 1.0, 0.09963246989705096]
     [0.13062997043650715, 1.0, 0.08992642629430836]
     [0.1295396598415798, 1.0, 0.09451547619853394]
     [0.13313474694099053, 1.0, 0.08624435675463474]

Gen: 7
     [0.1284262424523307, 1.0, 0.09955124777485228]
     [0.12154668958860664, 1.0, 0.10200144846117921]
     [0.12429573791877764, 1.0, 0.09963246989705096]
     [0.13062997043650715, 1.0, 0.08992642629430836]
     [0.12900127153388183, 1.0, 0.09937526651008846]
     [0.1295396598415798, 1.0, 0.09451547619853394]
     [0.12644400959658178, 1.0, 0.09961216436650129]
     [0.13313474694099053, 1.0, 0.08624435675463474]

Gen: 8
     [0.1284262424523307, 1.0, 0.09955124777485228]
     [0.12154668958860664, 1.0, 0.10200144846117921]
     [0.12429573791877764, 1.0, 0.09963246989705096]
     [0.13062997043650715, 1.0, 0.08992642629430836]
     [0.12900127153388183, 1.0, 0.09937526651008846]
     [0.1295396598415798, 1.0, 0.09451547619853394]
     [0.12644400959658178, 1.0, 0.09961216436650129]
     [0.13313474694099053, 1.0, 0.08624435675463474]

Gen: 9
     [0.1284262424523307, 1.0, 0.09955124777485228]
     [0.12154668958860664, 1.0, 0.10200144846117921]
     [0.12429573791877764, 1.0, 0.09963246989705096]
     [0.13062997043650715, 1.0, 0.08992642629430836]
     [0.12900127153388183, 1.0, 0.09937526651008846]
     [0.1295396598415798, 1.0, 0.09451547619853394]
     [0.12644400959658178, 1.0, 0.09961216436650129]
     [0.13313474694099053, 1.0, 0.08624435675463474]

Gen: 10
     [0.1284262424523307, 1.0, 0.09955124777485228]
     [0.12154668958860664, 1.0, 0.10200144846117921]
     [0.12429573791877764, 1.0, 0.09963246989705096]
     [0.13062997043650715, 1.0, 0.08992642629430836]
     [0.14053453277401687, 1.0, 0.08482296961615779]
     [0.12900127153388183, 1.0, 0.09937526651008846]
     [0.1295396598415798, 1.0, 0.09451547619853394]
     [0.12644400959658178, 1.0, 0.09961216436650129]
     [0.13313474694099053, 1.0, 0.08624435675463474]

Gen: 11
     [0.12154668958860664, 1.0, 0.10200144846117921]
     [0.12429573791877764, 1.0, 0.09963246989705096]
     [0.13062997043650715, 1.0, 0.08992642629430836]
     [0.14053453277401687, 1.0, 0.08482296961615779]
     [0.1278376793912482, 1.0, 0.09574734505188064]
     [0.1295396598415798, 1.0, 0.09451547619853394]
     [0.12644400959658178, 1.0, 0.09961216436650129]
     [0.13313474694099053, 1.0, 0.08624435675463474]

Gen: 12
     [0.12154668958860664, 1.0, 0.10200144846117921]
     [0.12429573791877764, 1.0, 0.09963246989705096]
     [0.13062997043650715, 1.0, 0.08992642629430836]
     [0.14053453277401687, 1.0, 0.08482296961615779]
     [0.1278376793912482, 1.0, 0.09574734505188064]
     [0.1345535041123492, 1.0, 0.08503279343183771]
     [0.1295396598415798, 1.0, 0.09451547619853394]
     [0.12644400959658178, 1.0, 0.09961216436650129]
     [0.13119014515028, 1.0, 0.08987227821284258]
     [0.13313474694099053, 1.0, 0.08624435675463474]

Gen: 13
     [0.12154668958860664, 1.0, 0.10200144846117921]
     [0.12429573791877764, 1.0, 0.09963246989705096]
     [0.13062997043650715, 1.0, 0.08992642629430836]
     [0.14053453277401687, 1.0, 0.08482296961615779]
     [0.1278376793912482, 1.0, 0.09574734505188064]
     [0.1345535041123492, 1.0, 0.08503279343183771]
     [0.1295396598415798, 1.0, 0.09451547619853394]
     [0.12644400959658178, 1.0, 0.09961216436650129]
     [0.13119014515028, 1.0, 0.08987227821284258]
     [0.13313474694099053, 1.0, 0.08624435675463474]

Gen: 14
     [0.12154668958860664, 1.0, 0.10200144846117921]
     [0.12429573791877764, 1.0, 0.09963246989705096]
     [0.13062997043650715, 1.0, 0.08992642629430836]
     [0.14053453277401687, 1.0, 0.08482296961615779]
     [0.1278376793912482, 1.0, 0.09574734505188064]
     [0.1345535041123492, 1.0, 0.08503279343183771]
     [0.12415841754109379, 1.0, 0.1002754783644572]
     [0.1295396598415798, 1.0, 0.09451547619853394]
     [0.12644400959658178, 1.0, 0.09961216436650129]
     [0.13119014515028, 1.0, 0.08987227821284258]
     [0.13313474694099053, 1.0, 0.08624435675463474]

Gen: 15
     [0.12154668958860664, 1.0, 0.10200144846117921]
     [0.12429573791877764, 1.0, 0.09963246989705096]
     [0.13062997043650715, 1.0, 0.08992642629430836]
     [0.14053453277401687, 1.0, 0.08482296961615779]
     [0.1278376793912482, 1.0, 0.09574734505188064]
     [0.1345535041123492, 1.0, 0.08503279343183771]
     [0.12415841754109379, 1.0, 0.1002754783644572]
     [0.1295396598415798, 1.0, 0.09451547619853394]
     [0.12644400959658178, 1.0, 0.09961216436650129]
     [0.13119014515028, 1.0, 0.08987227821284258]
     [0.13313474694099053, 1.0, 0.08624435675463474]

Gen: 16
     [0.12154668958860664, 1.0, 0.10200144846117921]
     [0.13062997043650715, 1.0, 0.08992642629430836]
     [0.14053453277401687, 1.0, 0.08482296961615779]
     [0.12391282532715919, 1.0, 0.09595040035737734]
     [0.1278376793912482, 1.0, 0.09574734505188064]
     [0.1345535041123492, 1.0, 0.08503279343183771]
     [0.1295396598415798, 1.0, 0.09451547619853394]
     [0.13119014515028, 1.0, 0.08987227821284258]
     [0.13313474694099053, 1.0, 0.08624435675463474]

Gen: 17
     [0.12154668958860664, 1.0, 0.10200144846117921]
     [0.12929208704527478, 1.0, 0.09262029334723135]
     [0.13062997043650715, 1.0, 0.08992642629430836]
     [0.14053453277401687, 1.0, 0.08482296961615779]
     [0.12391282532715919, 1.0, 0.09595040035737734]
     [0.1278376793912482, 1.0, 0.09574734505188064]
     [0.1345535041123492, 1.0, 0.08503279343183771]
     [0.13119014515028, 1.0, 0.08987227821284258]
     [0.13313474694099053, 1.0, 0.08624435675463474]

Gen: 18
     [0.12154668958860664, 1.0, 0.10200144846117921]
     [0.12929208704527478, 1.0, 0.09262029334723135]
     [0.13062997043650715, 1.0, 0.08992642629430836]
     [0.14053453277401687, 1.0, 0.08482296961615779]
     [0.12391282532715919, 1.0, 0.09595040035737734]
     [0.1278376793912482, 1.0, 0.09574734505188064]
     [0.1345535041123492, 1.0, 0.08503279343183771]
     [0.13119014515028, 1.0, 0.08987227821284258]
     [0.13313474694099053, 1.0, 0.08624435675463474]

Gen: 19
     [0.12154668958860664, 1.0, 0.10200144846117921]
     [0.12929208704527478, 1.0, 0.09262029334723135]
     [0.13062997043650715, 1.0, 0.08992642629430836]
     [0.14053453277401687, 1.0, 0.08482296961615779]
     [0.12391282532715919, 1.0, 0.09595040035737734]
     [0.1278376793912482, 1.0, 0.09574734505188064]
     [0.1345535041123492, 1.0, 0.08503279343183771]
     [0.13119014515028, 1.0, 0.08987227821284258]
     [0.13313474694099053, 1.0, 0.08624435675463474]

Gen: 20
     [0.12929208704527478, 1.0, 0.09262029334723135]
     [0.13062997043650715, 1.0, 0.08992642629430836]
     [0.14053453277401687, 1.0, 0.08482296961615779]
     [0.12391282532715919, 1.0, 0.09595040035737734]
     [0.1278376793912482, 1.0, 0.09574734505188064]
     [0.1345535041123492, 1.0, 0.08503279343183771]
     [0.12044944695538276, 1.0, 0.10191345782879731]
     [0.13119014515028, 1.0, 0.08987227821284258]
     [0.13313474694099053, 1.0, 0.08624435675463474]

Gen: 21
     [0.12929208704527478, 1.0, 0.09262029334723135]
     [0.13062997043650715, 1.0, 0.08992642629430836]
     [0.14053453277401687, 1.0, 0.08482296961615779]
     [0.12391282532715919, 1.0, 0.09595040035737734]
     [0.1278376793912482, 1.0, 0.09574734505188064]
     [0.1345535041123492, 1.0, 0.08503279343183771]
     [0.12044944695538276, 1.0, 0.10191345782879731]
     [0.13119014515028, 1.0, 0.08987227821284258]
     [0.13313474694099053, 1.0, 0.08624435675463474]

Gen: 22
     [0.12929208704527478, 1.0, 0.09262029334723135]
     [0.13062997043650715, 1.0, 0.08992642629430836]
     [0.14053453277401687, 1.0, 0.08482296961615779]
     [0.1345535041123492, 1.0, 0.08503279343183771]
     [0.12044944695538276, 1.0, 0.10191345782879731]
     [0.1210046702132295, 1.0, 0.09389277326167737]
     [0.13119014515028, 1.0, 0.08987227821284258]
     [0.13313474694099053, 1.0, 0.08624435675463474]

Gen: 23
     [0.12929208704527478, 1.0, 0.09262029334723135]
     [0.13062997043650715, 1.0, 0.08992642629430836]
     [0.14053453277401687, 1.0, 0.08482296961615779]
     [0.1345535041123492, 1.0, 0.08503279343183771]
     [0.12044944695538276, 1.0, 0.10191345782879731]
     [0.1210046702132295, 1.0, 0.09389277326167737]
     [0.13119014515028, 1.0, 0.08987227821284258]
     [0.13313474694099053, 1.0, 0.08624435675463474]

Gen: 24
     [0.12929208704527478, 1.0, 0.09262029334723135]
     [0.13062997043650715, 1.0, 0.08992642629430836]
     [0.14053453277401687, 1.0, 0.08482296961615779]
     [0.1345535041123492, 1.0, 0.08503279343183771]
     [0.12044944695538276, 1.0, 0.10191345782879731]
     [0.1210046702132295, 1.0, 0.09389277326167737]
     [0.13119014515028, 1.0, 0.08987227821284258]
     [0.13313474694099053, 1.0, 0.08624435675463474]

Gen: 25
     [0.12929208704527478, 1.0, 0.09262029334723135]
     [0.13062997043650715, 1.0, 0.08992642629430836]
     [0.14053453277401687, 1.0, 0.08482296961615779]
     [0.1345535041123492, 1.0, 0.08503279343183771]
     [0.12044944695538276, 1.0, 0.10191345782879731]
     [0.1210046702132295, 1.0, 0.09389277326167737]
     [0.13119014515028, 1.0, 0.08987227821284258]
     [0.13313474694099053, 1.0, 0.08624435675463474]

Gen: 26
     [0.12929208704527478, 1.0, 0.09262029334723135]
     [0.13062997043650715, 1.0, 0.08992642629430836]
     [0.14053453277401687, 1.0, 0.08482296961615779]
     [0.1345535041123492, 1.0, 0.08503279343183771]
     [0.12044944695538276, 1.0, 0.10191345782879731]
     [0.1210046702132295, 1.0, 0.09389277326167737]
     [0.13119014515028, 1.0, 0.08987227821284258]
     [0.13313474694099053, 1.0, 0.08624435675463474]

Gen: 27
     [0.12392503891844357, 1.0, 0.08790941025970773]
     [0.13413494103806284, 1.0, 0.08468759941249332]
     [0.12044944695538276, 1.0, 0.10191345782879731]
     [0.1210046702132295, 1.0, 0.09389277326167737]
     [0.13313474694099053, 1.0, 0.08624435675463474]

Gen: 28
     [0.12392503891844357, 1.0, 0.08790941025970773]
     [0.13125385388319583, 1.0, 0.08583824614364133]
     [0.13413494103806284, 1.0, 0.08468759941249332]
     [0.12044944695538276, 1.0, 0.10191345782879731]
     [0.1210046702132295, 1.0, 0.09389277326167737]

Gen: 29
     [0.12392503891844357, 1.0, 0.08790941025970773]
     [0.13125385388319583, 1.0, 0.08583824614364133]
     [0.13413494103806284, 1.0, 0.08468759941249332]
     [0.12044944695538276, 1.0, 0.10191345782879731]
     [0.1210046702132295, 1.0, 0.09389277326167737]

Gen: 30
     [0.12392503891844357, 1.0, 0.08790941025970773]
     [0.13125385388319583, 1.0, 0.08583824614364133]
     [0.13413494103806284, 1.0, 0.08468759941249332]
     [0.12044944695538276, 1.0, 0.10191345782879731]
     [0.1210046702132295, 1.0, 0.09389277326167737]

Gen: 31
     [0.12392503891844357, 1.0, 0.08790941025970773]
     [0.13125385388319583, 1.0, 0.08583824614364133]
     [0.13413494103806284, 1.0, 0.08468759941249332]
     [0.12044944695538276, 1.0, 0.10191345782879731]
     [0.1210046702132295, 1.0, 0.09389277326167737]

Gen: 32
     [0.12392503891844357, 1.0, 0.08790941025970773]
     [0.13125385388319583, 1.0, 0.08583824614364133]
     [0.13413494103806284, 1.0, 0.08468759941249332]
     [0.12044944695538276, 1.0, 0.10191345782879731]
     [0.1210046702132295, 1.0, 0.09389277326167737]

Gen: 33
     [0.12392503891844357, 1.0, 0.08790941025970773]
     [0.13125385388319583, 1.0, 0.08583824614364133]
     [0.13413494103806284, 1.0, 0.08468759941249332]
     [0.12044944695538276, 1.0, 0.10191345782879731]
     [0.1210046702132295, 1.0, 0.09389277326167737]

Gen: 34
     [0.12392503891844357, 1.0, 0.08790941025970773]
     [0.13125385388319583, 1.0, 0.08583824614364133]
     [0.13413494103806284, 1.0, 0.08468759941249332]
     [0.13281521298522617, 1.0, 0.08509371002348673]
     [0.12044944695538276, 1.0, 0.10191345782879731]
     [0.1210046702132295, 1.0, 0.09389277326167737]

Gen: 35
     [0.12392503891844357, 1.0, 0.08790941025970773]
     [0.13125385388319583, 1.0, 0.08583824614364133]
     [0.13413494103806284, 1.0, 0.08468759941249332]
     [0.13281521298522617, 1.0, 0.08509371002348673]
     [0.12044944695538276, 1.0, 0.10191345782879731]
     [0.1210046702132295, 1.0, 0.09389277326167737]

Gen: 36
     [0.12392503891844357, 1.0, 0.08790941025970773]
     [0.13125385388319583, 1.0, 0.08583824614364133]
     [0.13413494103806284, 1.0, 0.08468759941249332]
     [0.13281521298522617, 1.0, 0.08509371002348673]
     [0.12044944695538276, 1.0, 0.10191345782879731]
     [0.1210046702132295, 1.0, 0.09389277326167737]

Gen: 37
     [0.12392503891844357, 1.0, 0.08790941025970773]
     [0.13125385388319583, 1.0, 0.08583824614364133]
     [0.13413494103806284, 1.0, 0.08468759941249332]
     [0.13281521298522617, 1.0, 0.08509371002348673]
     [0.12044944695538276, 1.0, 0.10191345782879731]
     [0.1210046702132295, 1.0, 0.09389277326167737]
     [0.12292385453018606, 1.0, 0.09297225587675896]

Gen: 38
     [0.12392503891844357, 1.0, 0.08790941025970773]
     [0.13125385388319583, 1.0, 0.08583824614364133]
     [0.13413494103806284, 1.0, 0.08468759941249332]
     [0.13281521298522617, 1.0, 0.08509371002348673]
     [0.12044944695538276, 1.0, 0.10191345782879731]
     [0.1210046702132295, 1.0, 0.09389277326167737]
     [0.12292385453018606, 1.0, 0.09297225587675896]

Gen: 39
     [0.12392503891844357, 1.0, 0.08790941025970773]
     [0.13125385388319583, 1.0, 0.08583824614364133]
     [0.13413494103806284, 1.0, 0.08468759941249332]
     [0.13281521298522617, 1.0, 0.08509371002348673]
     [0.12044944695538276, 1.0, 0.10191345782879731]
     [0.1210046702132295, 1.0, 0.09389277326167737]
     [0.12292385453018606, 1.0, 0.09297225587675896]

Gen: 40
     [0.12392503891844357, 1.0, 0.08790941025970773]
     [0.13125385388319583, 1.0, 0.08583824614364133]
     [0.13413494103806284, 1.0, 0.08468759941249332]
     [0.13281521298522617, 1.0, 0.08509371002348673]
     [0.12044944695538276, 1.0, 0.10191345782879731]
     [0.1210046702132295, 1.0, 0.09389277326167737]
     [0.12292385453018606, 1.0, 0.09297225587675896]

Gen: 41
     [0.12392503891844357, 1.0, 0.08790941025970773]
     [0.13125385388319583, 1.0, 0.08583824614364133]
     [0.13413494103806284, 1.0, 0.08468759941249332]
     [0.13281521298522617, 1.0, 0.08509371002348673]
     [0.12044944695538276, 1.0, 0.10191345782879731]
     [0.1210046702132295, 1.0, 0.09389277326167737]
     [0.12292385453018606, 1.0, 0.09297225587675896]

Gen: 42
     [0.12392503891844357, 1.0, 0.08790941025970773]
     [0.13125385388319583, 1.0, 0.08583824614364133]
     [0.13413494103806284, 1.0, 0.08468759941249332]
     [0.13281521298522617, 1.0, 0.08509371002348673]
     [0.12044944695538276, 1.0, 0.10191345782879731]
     [0.1210046702132295, 1.0, 0.09389277326167737]
     [0.12292385453018606, 1.0, 0.09297225587675896]

Gen: 43
     [0.12392503891844357, 1.0, 0.08790941025970773]
     [0.13125385388319583, 1.0, 0.08583824614364133]
     [0.13413494103806284, 1.0, 0.08468759941249332]
     [0.13281521298522617, 1.0, 0.08509371002348673]
     [0.12044944695538276, 1.0, 0.10191345782879731]
     [0.1210046702132295, 1.0, 0.09389277326167737]
     [0.12292385453018606, 1.0, 0.09297225587675896]

Gen: 44
     [0.12392503891844357, 1.0, 0.08790941025970773]
     [0.13125385388319583, 1.0, 0.08583824614364133]
     [0.13413494103806284, 1.0, 0.08468759941249332]
     [0.13281521298522617, 1.0, 0.08509371002348673]
     [0.12044944695538276, 1.0, 0.10191345782879731]
     [0.1210046702132295, 1.0, 0.09389277326167737]
     [0.12292385453018606, 1.0, 0.09297225587675896]

Gen: 45
     [0.12392503891844357, 1.0, 0.08790941025970773]
     [0.13125385388319583, 1.0, 0.08583824614364133]
     [0.13413494103806284, 1.0, 0.08468759941249332]
     [0.13281521298522617, 1.0, 0.08509371002348673]
     [0.12044944695538276, 1.0, 0.10191345782879731]
     [0.1210046702132295, 1.0, 0.09389277326167737]
     [0.12292385453018606, 1.0, 0.09297225587675896]

Gen: 46
     [0.12392503891844357, 1.0, 0.08790941025970773]
     [0.13125385388319583, 1.0, 0.08583824614364133]
     [0.13413494103806284, 1.0, 0.08468759941249332]
     [0.13281521298522617, 1.0, 0.08509371002348673]
     [0.12044944695538276, 1.0, 0.10191345782879731]
     [0.1210046702132295, 1.0, 0.09389277326167737]
     [0.12292385453018606, 1.0, 0.09297225587675896]

Gen: 47
     [0.12392503891844357, 1.0, 0.08790941025970773]
     [0.13125385388319583, 1.0, 0.08583824614364133]
     [0.13413494103806284, 1.0, 0.08468759941249332]
     [0.13281521298522617, 1.0, 0.08509371002348673]
     [0.12044944695538276, 1.0, 0.10191345782879731]
     [0.1210046702132295, 1.0, 0.09389277326167737]
     [0.12292385453018606, 1.0, 0.09297225587675896]

Gen: 48
     [0.12392503891844357, 1.0, 0.08790941025970773]
     [0.13125385388319583, 1.0, 0.08583824614364133]
     [0.13413494103806284, 1.0, 0.08468759941249332]
     [0.13281521298522617, 1.0, 0.08509371002348673]
     [0.12044944695538276, 1.0, 0.10191345782879731]
     [0.1210046702132295, 1.0, 0.09389277326167737]
     [0.12292385453018606, 1.0, 0.09297225587675896]

Gen: 49
     [0.12392503891844357, 1.0, 0.08790941025970773]
     [0.13125385388319583, 1.0, 0.08583824614364133]
     [0.13413494103806284, 1.0, 0.08468759941249332]
     [0.13281521298522617, 1.0, 0.08509371002348673]
     [0.12044944695538276, 1.0, 0.10191345782879731]
     [0.1210046702132295, 1.0, 0.09389277326167737]
     [0.12292385453018606, 1.0, 0.09297225587675896]

Gen: 50
     [0.12392503891844357, 1.0, 0.08790941025970773]
     [0.13125385388319583, 1.0, 0.08583824614364133]
     [0.13413494103806284, 1.0, 0.08468759941249332]
     [0.13281521298522617, 1.0, 0.08509371002348673]
     [0.12044944695538276, 1.0, 0.10191345782879731]
     [0.1210046702132295, 1.0, 0.09389277326167737]
     [0.12292385453018606, 1.0, 0.09297225587675896]

Gen: 51
     [0.12392503891844357, 1.0, 0.08790941025970773]
     [0.13125385388319583, 1.0, 0.08583824614364133]
     [0.13413494103806284, 1.0, 0.08468759941249332]
     [0.13281521298522617, 1.0, 0.08509371002348673]
     [0.12044944695538276, 1.0, 0.10191345782879731]
     [0.1210046702132295, 1.0, 0.09389277326167737]
     [0.12292385453018606, 1.0, 0.09297225587675896]

Gen: 52
     [0.12392503891844357, 1.0, 0.08790941025970773]
     [0.13125385388319583, 1.0, 0.08583824614364133]
     [0.13413494103806284, 1.0, 0.08468759941249332]
     [0.13281521298522617, 1.0, 0.08509371002348673]
     [0.12044944695538276, 1.0, 0.10191345782879731]
     [0.1210046702132295, 1.0, 0.09389277326167737]
     [0.12292385453018606, 1.0, 0.09297225587675896]

Gen: 53
     [0.12392503891844357, 1.0, 0.08790941025970773]
     [0.13125385388319583, 1.0, 0.08583824614364133]
     [0.13413494103806284, 1.0, 0.08468759941249332]
     [0.13281521298522617, 1.0, 0.08509371002348673]
     [0.12044944695538276, 1.0, 0.10191345782879731]
     [0.1210046702132295, 1.0, 0.09389277326167737]
     [0.12292385453018606, 1.0, 0.09297225587675896]

Gen: 54
     [0.12392503891844357, 1.0, 0.08790941025970773]
     [0.13125385388319583, 1.0, 0.08583824614364133]
     [0.13413494103806284, 1.0, 0.08468759941249332]
     [0.13281521298522617, 1.0, 0.08509371002348673]
     [0.12044944695538276, 1.0, 0.10191345782879731]
     [0.1210046702132295, 1.0, 0.09389277326167737]
     [0.12292385453018606, 1.0, 0.09297225587675896]

Gen: 55
     [0.12392503891844357, 1.0, 0.08790941025970773]
     [0.13125385388319583, 1.0, 0.08583824614364133]
     [0.13413494103806284, 1.0, 0.08468759941249332]
     [0.13281521298522617, 1.0, 0.08509371002348673]
     [0.12044944695538276, 1.0, 0.10191345782879731]
     [0.1210046702132295, 1.0, 0.09389277326167737]
     [0.12292385453018606, 1.0, 0.09297225587675896]

Gen: 56
     [0.12392503891844357, 1.0, 0.08790941025970773]
     [0.13125385388319583, 1.0, 0.08583824614364133]
     [0.13413494103806284, 1.0, 0.08468759941249332]
     [0.13281521298522617, 1.0, 0.08509371002348673]
     [0.11894981600389778, 1.0, 0.09690476029321186]
     [0.1210046702132295, 1.0, 0.09389277326167737]
     [0.12292385453018606, 1.0, 0.09297225587675896]

Gen: 57
     [0.12392503891844357, 1.0, 0.08790941025970773]
     [0.13125385388319583, 1.0, 0.08583824614364133]
     [0.13413494103806284, 1.0, 0.08468759941249332]
     [0.13281521298522617, 1.0, 0.08509371002348673]
     [0.11894981600389778, 1.0, 0.09690476029321186]
     [0.1210046702132295, 1.0, 0.09389277326167737]
     [0.12292385453018606, 1.0, 0.09297225587675896]

Gen: 58
     [0.12392503891844357, 1.0, 0.08790941025970773]
     [0.13125385388319583, 1.0, 0.08583824614364133]
     [0.13413494103806284, 1.0, 0.08468759941249332]
     [0.13281521298522617, 1.0, 0.08509371002348673]
     [0.11894981600389778, 1.0, 0.09690476029321186]
     [0.1210046702132295, 1.0, 0.09389277326167737]
     [0.12292385453018606, 1.0, 0.09297225587675896]

Gen: 59
     [0.12392503891844357, 1.0, 0.08790941025970773]
     [0.13125385388319583, 1.0, 0.08583824614364133]
     [0.13413494103806284, 1.0, 0.08468759941249332]
     [0.13281521298522617, 1.0, 0.08509371002348673]
     [0.11894981600389778, 1.0, 0.09690476029321186]
     [0.1210046702132295, 1.0, 0.09389277326167737]
     [0.12292385453018606, 1.0, 0.09297225587675896]

Gen: 60
     [0.12392503891844357, 1.0, 0.08790941025970773]
     [0.13125385388319583, 1.0, 0.08583824614364133]
     [0.13413494103806284, 1.0, 0.08468759941249332]
     [0.13281521298522617, 1.0, 0.08509371002348673]
     [0.11894981600389778, 1.0, 0.09690476029321186]
     [0.1210046702132295, 1.0, 0.09389277326167737]
     [0.12292385453018606, 1.0, 0.09297225587675896]

Gen: 61
     [0.12392503891844357, 1.0, 0.08790941025970773]
     [0.13125385388319583, 1.0, 0.08583824614364133]
     [0.13413494103806284, 1.0, 0.08468759941249332]
     [0.13281521298522617, 1.0, 0.08509371002348673]
     [0.11894981600389778, 1.0, 0.09690476029321186]
     [0.1210046702132295, 1.0, 0.09389277326167737]
     [0.12292385453018606, 1.0, 0.09297225587675896]

Gen: 62
     [0.12392503891844357, 1.0, 0.08790941025970773]
     [0.13125385388319583, 1.0, 0.08583824614364133]
     [0.12318793217957809, 1.0, 0.09022424074237019]
     [0.13413494103806284, 1.0, 0.08468759941249332]
     [0.13281521298522617, 1.0, 0.08509371002348673]
     [0.11894981600389778, 1.0, 0.09690476029321186]
     [0.1210046702132295, 1.0, 0.09389277326167737]
     [0.12292385453018606, 1.0, 0.09297225587675896]

Gen: 63
     [0.12392503891844357, 1.0, 0.08790941025970773]
     [0.13125385388319583, 1.0, 0.08583824614364133]
     [0.12318793217957809, 1.0, 0.09022424074237019]
     [0.13413494103806284, 1.0, 0.08468759941249332]
     [0.13281521298522617, 1.0, 0.08509371002348673]
     [0.11894981600389778, 1.0, 0.09690476029321186]
     [0.1210046702132295, 1.0, 0.09389277326167737]
     [0.12292385453018606, 1.0, 0.09297225587675896]

Gen: 64
     [0.12392503891844357, 1.0, 0.08790941025970773]
     [0.12722270856522652, 1.0, 0.08705657797662157]
     [0.13125385388319583, 1.0, 0.08583824614364133]
     [0.12318793217957809, 1.0, 0.09022424074237019]
     [0.13413494103806284, 1.0, 0.08468759941249332]
     [0.13281521298522617, 1.0, 0.08509371002348673]
     [0.11894981600389778, 1.0, 0.09690476029321186]
     [0.1210046702132295, 1.0, 0.09389277326167737]
     [0.12292385453018606, 1.0, 0.09297225587675896]

Gen: 65
     [0.12392503891844357, 1.0, 0.08790941025970773]
     [0.12722270856522652, 1.0, 0.08705657797662157]
     [0.13125385388319583, 1.0, 0.08583824614364133]
     [0.12318793217957809, 1.0, 0.09022424074237019]
     [0.13413494103806284, 1.0, 0.08468759941249332]
     [0.13281521298522617, 1.0, 0.08509371002348673]
     [0.11894981600389778, 1.0, 0.09690476029321186]
     [0.1210046702132295, 1.0, 0.09389277326167737]
     [0.12292385453018606, 1.0, 0.09297225587675896]

Gen: 66
     [0.12392503891844357, 1.0, 0.08790941025970773]
     [0.12722270856522652, 1.0, 0.08705657797662157]
     [0.13125385388319583, 1.0, 0.08583824614364133]
     [0.12318793217957809, 1.0, 0.09022424074237019]
     [0.13413494103806284, 1.0, 0.08468759941249332]
     [0.13281521298522617, 1.0, 0.08509371002348673]
     [0.11894981600389778, 1.0, 0.09690476029321186]
     [0.1210046702132295, 1.0, 0.09389277326167737]
     [0.12292385453018606, 1.0, 0.09297225587675896]

Gen: 67
     [0.12392503891844357, 1.0, 0.08790941025970773]
     [0.12722270856522652, 1.0, 0.08705657797662157]
     [0.13125385388319583, 1.0, 0.08583824614364133]
     [0.12318793217957809, 1.0, 0.09022424074237019]
     [0.13413494103806284, 1.0, 0.08468759941249332]
     [0.13281521298522617, 1.0, 0.08509371002348673]
     [0.11894981600389778, 1.0, 0.09690476029321186]
     [0.1210046702132295, 1.0, 0.09389277326167737]
     [0.12292385453018606, 1.0, 0.09297225587675896]

Gen: 68
     [0.12392503891844357, 1.0, 0.08790941025970773]
     [0.12722270856522652, 1.0, 0.08705657797662157]
     [0.12928647539522523, 1.0, 0.08593300528620645]
     [0.13125385388319583, 1.0, 0.08583824614364133]
     [0.12318793217957809, 1.0, 0.09022424074237019]
     [0.13413494103806284, 1.0, 0.08468759941249332]
     [0.13281521298522617, 1.0, 0.08509371002348673]
     [0.11894981600389778, 1.0, 0.09690476029321186]
     [0.1210046702132295, 1.0, 0.09389277326167737]
     [0.12292385453018606, 1.0, 0.09297225587675896]

Gen: 69
     [0.12392503891844357, 1.0, 0.08790941025970773]
     [0.12722270856522652, 1.0, 0.08705657797662157]
     [0.12928647539522523, 1.0, 0.08593300528620645]
     [0.13125385388319583, 1.0, 0.08583824614364133]
     [0.12318793217957809, 1.0, 0.09022424074237019]
     [0.13413494103806284, 1.0, 0.08468759941249332]
     [0.13281521298522617, 1.0, 0.08509371002348673]
     [0.11894981600389778, 1.0, 0.09690476029321186]
     [0.1210046702132295, 1.0, 0.09389277326167737]
     [0.12292385453018606, 1.0, 0.09297225587675896]

Gen: 70
     [0.12392503891844357, 1.0, 0.08790941025970773]
     [0.12722270856522652, 1.0, 0.08705657797662157]
     [0.12928647539522523, 1.0, 0.08593300528620645]
     [0.13125385388319583, 1.0, 0.08583824614364133]
     [0.12318793217957809, 1.0, 0.09022424074237019]
     [0.13413494103806284, 1.0, 0.08468759941249332]
     [0.13281521298522617, 1.0, 0.08509371002348673]
     [0.11894981600389778, 1.0, 0.09690476029321186]
     [0.1210046702132295, 1.0, 0.09389277326167737]
     [0.12292385453018606, 1.0, 0.09297225587675896]

Gen: 71
     [0.12392503891844357, 1.0, 0.08790941025970773]
     [0.12722270856522652, 1.0, 0.08705657797662157]
     [0.12928647539522523, 1.0, 0.08593300528620645]
     [0.13125385388319583, 1.0, 0.08583824614364133]
     [0.12318793217957809, 1.0, 0.09022424074237019]
     [0.13413494103806284, 1.0, 0.08468759941249332]
     [0.13281521298522617, 1.0, 0.08509371002348673]
     [0.11894981600389778, 1.0, 0.09690476029321186]
     [0.1210046702132295, 1.0, 0.09389277326167737]
     [0.12292385453018606, 1.0, 0.09297225587675896]

Gen: 72
     [0.12392503891844357, 1.0, 0.08790941025970773]
     [0.12722270856522652, 1.0, 0.08705657797662157]
     [0.12928647539522523, 1.0, 0.08593300528620645]
     [0.13125385388319583, 1.0, 0.08583824614364133]
     [0.12318793217957809, 1.0, 0.09022424074237019]
     [0.13413494103806284, 1.0, 0.08468759941249332]
     [0.13281521298522617, 1.0, 0.08509371002348673]
     [0.11894981600389778, 1.0, 0.09690476029321186]
     [0.1210046702132295, 1.0, 0.09389277326167737]
     [0.12292385453018606, 1.0, 0.09297225587675896]

Gen: 73
     [0.12392503891844357, 1.0, 0.08790941025970773]
     [0.12722270856522652, 1.0, 0.08705657797662157]
     [0.12928647539522523, 1.0, 0.08593300528620645]
     [0.13125385388319583, 1.0, 0.08583824614364133]
     [0.12318793217957809, 1.0, 0.09022424074237019]
     [0.13413494103806284, 1.0, 0.08468759941249332]
     [0.13281521298522617, 1.0, 0.08509371002348673]
     [0.11894981600389778, 1.0, 0.09690476029321186]
     [0.1210046702132295, 1.0, 0.09389277326167737]
     [0.12292385453018606, 1.0, 0.09297225587675896]

Gen: 74
     [0.12392503891844357, 1.0, 0.08790941025970773]
     [0.12722270856522652, 1.0, 0.08705657797662157]
     [0.12928647539522523, 1.0, 0.08593300528620645]
     [0.13125385388319583, 1.0, 0.08583824614364133]
     [0.12318793217957809, 1.0, 0.09022424074237019]
     [0.13413494103806284, 1.0, 0.08468759941249332]
     [0.13281521298522617, 1.0, 0.08509371002348673]
     [0.11894981600389778, 1.0, 0.09690476029321186]
     [0.1210046702132295, 1.0, 0.09389277326167737]
     [0.12292385453018606, 1.0, 0.09297225587675896]

Gen: 75
     [0.12392503891844357, 1.0, 0.08790941025970773]
     [0.12722270856522652, 1.0, 0.08705657797662157]
     [0.12928647539522523, 1.0, 0.08593300528620645]
     [0.13125385388319583, 1.0, 0.08583824614364133]
     [0.12318793217957809, 1.0, 0.09022424074237019]
     [0.13413494103806284, 1.0, 0.08468759941249332]
     [0.13281521298522617, 1.0, 0.08509371002348673]
     [0.11894981600389778, 1.0, 0.09690476029321186]
     [0.1210046702132295, 1.0, 0.09389277326167737]
     [0.12292385453018606, 1.0, 0.09297225587675896]

Gen: 76
     [0.12392503891844357, 1.0, 0.08790941025970773]
     [0.12722270856522652, 1.0, 0.08705657797662157]
     [0.12928647539522523, 1.0, 0.08593300528620645]
     [0.13125385388319583, 1.0, 0.08583824614364133]
     [0.12318793217957809, 1.0, 0.09022424074237019]
     [0.13413494103806284, 1.0, 0.08468759941249332]
     [0.13281521298522617, 1.0, 0.08509371002348673]
     [0.11894981600389778, 1.0, 0.09690476029321186]
     [0.1210046702132295, 1.0, 0.09389277326167737]
     [0.12292385453018606, 1.0, 0.09297225587675896]

Gen: 77
     [0.12392503891844357, 1.0, 0.08790941025970773]
     [0.12722270856522652, 1.0, 0.08705657797662157]
     [0.12928647539522523, 1.0, 0.08593300528620645]
     [0.13125385388319583, 1.0, 0.08583824614364133]
     [0.12318793217957809, 1.0, 0.09022424074237019]
     [0.13413494103806284, 1.0, 0.08468759941249332]
     [0.13281521298522617, 1.0, 0.08509371002348673]
     [0.11894981600389778, 1.0, 0.09690476029321186]
     [0.1210046702132295, 1.0, 0.09389277326167737]
     [0.12292385453018606, 1.0, 0.09297225587675896]

Gen: 78
     [0.12392503891844357, 1.0, 0.08790941025970773]
     [0.12722270856522652, 1.0, 0.08705657797662157]
     [0.12928647539522523, 1.0, 0.08593300528620645]
     [0.13125385388319583, 1.0, 0.08583824614364133]
     [0.12318793217957809, 1.0, 0.09022424074237019]
     [0.13413494103806284, 1.0, 0.08468759941249332]
     [0.13281521298522617, 1.0, 0.08509371002348673]
     [0.11894981600389778, 1.0, 0.09690476029321186]
     [0.1210046702132295, 1.0, 0.09389277326167737]
     [0.12292385453018606, 1.0, 0.09297225587675896]

Gen: 79
     [0.12392503891844357, 1.0, 0.08790941025970773]
     [0.12722270856522652, 1.0, 0.08705657797662157]
     [0.12928647539522523, 1.0, 0.08593300528620645]
     [0.13125385388319583, 1.0, 0.08583824614364133]
     [0.12318793217957809, 1.0, 0.09022424074237019]
     [0.13413494103806284, 1.0, 0.08468759941249332]
     [0.13281521298522617, 1.0, 0.08509371002348673]
     [0.11894981600389778, 1.0, 0.09690476029321186]
     [0.1210046702132295, 1.0, 0.09389277326167737]
     [0.12292385453018606, 1.0, 0.09297225587675896]

Gen: 80
     [0.12392503891844357, 1.0, 0.08790941025970773]
     [0.12722270856522652, 1.0, 0.08705657797662157]
     [0.12928647539522523, 1.0, 0.08593300528620645]
     [0.13125385388319583, 1.0, 0.08583824614364133]
     [0.12318793217957809, 1.0, 0.09022424074237019]
     [0.13413494103806284, 1.0, 0.08468759941249332]
     [0.13281521298522617, 1.0, 0.08509371002348673]
     [0.11894981600389778, 1.0, 0.09690476029321186]
     [0.1210046702132295, 1.0, 0.09389277326167737]
     [0.12292385453018606, 1.0, 0.09297225587675896]

Gen: 81
     [0.12392503891844357, 1.0, 0.08790941025970773]
     [0.12722270856522652, 1.0, 0.08705657797662157]
     [0.12928647539522523, 1.0, 0.08593300528620645]
     [0.13125385388319583, 1.0, 0.08583824614364133]
     [0.12318793217957809, 1.0, 0.09022424074237019]
     [0.13413494103806284, 1.0, 0.08468759941249332]
     [0.13281521298522617, 1.0, 0.08509371002348673]
     [0.11894981600389778, 1.0, 0.09690476029321186]
     [0.1210046702132295, 1.0, 0.09389277326167737]
     [0.12292385453018606, 1.0, 0.09297225587675896]

Gen: 82
     [0.12392503891844357, 1.0, 0.08790941025970773]
     [0.12722270856522652, 1.0, 0.08705657797662157]
     [0.12928647539522523, 1.0, 0.08593300528620645]
     [0.13125385388319583, 1.0, 0.08583824614364133]
     [0.12318793217957809, 1.0, 0.09022424074237019]
     [0.13413494103806284, 1.0, 0.08468759941249332]
     [0.13281521298522617, 1.0, 0.08509371002348673]
     [0.11894981600389778, 1.0, 0.09690476029321186]
     [0.1210046702132295, 1.0, 0.09389277326167737]
     [0.12292385453018606, 1.0, 0.09297225587675896]

Gen: 83
     [0.12392503891844357, 1.0, 0.08790941025970773]
     [0.12722270856522652, 1.0, 0.08705657797662157]
     [0.12928647539522523, 1.0, 0.08593300528620645]
     [0.13125385388319583, 1.0, 0.08583824614364133]
     [0.12318793217957809, 1.0, 0.09022424074237019]
     [0.13413494103806284, 1.0, 0.08468759941249332]
     [0.13281521298522617, 1.0, 0.08509371002348673]
     [0.11894981600389778, 1.0, 0.09690476029321186]
     [0.1210046702132295, 1.0, 0.09389277326167737]
     [0.12292385453018606, 1.0, 0.09297225587675896]

Gen: 84
     [0.12392503891844357, 1.0, 0.08790941025970773]
     [0.12722270856522652, 1.0, 0.08705657797662157]
     [0.12928647539522523, 1.0, 0.08593300528620645]
     [0.13125385388319583, 1.0, 0.08583824614364133]
     [0.12318793217957809, 1.0, 0.09022424074237019]
     [0.13413494103806284, 1.0, 0.08468759941249332]
     [0.13281521298522617, 1.0, 0.08509371002348673]
     [0.11894981600389778, 1.0, 0.09690476029321186]
     [0.1210046702132295, 1.0, 0.09389277326167737]
     [0.12292385453018606, 1.0, 0.09297225587675896]

Gen: 85
     [0.12392503891844357, 1.0, 0.08790941025970773]
     [0.12722270856522652, 1.0, 0.08705657797662157]
     [0.12928647539522523, 1.0, 0.08593300528620645]
     [0.13125385388319583, 1.0, 0.08583824614364133]
     [0.12318793217957809, 1.0, 0.09022424074237019]
     [0.13413494103806284, 1.0, 0.08468759941249332]
     [0.13281521298522617, 1.0, 0.08509371002348673]
     [0.11894981600389778, 1.0, 0.09690476029321186]
     [0.1210046702132295, 1.0, 0.09389277326167737]
     [0.12292385453018606, 1.0, 0.09297225587675896]

Gen: 86
     [0.12392503891844357, 1.0, 0.08790941025970773]
     [0.12722270856522652, 1.0, 0.08705657797662157]
     [0.12928647539522523, 1.0, 0.08593300528620645]
     [0.13125385388319583, 1.0, 0.08583824614364133]
     [0.12318793217957809, 1.0, 0.09022424074237019]
     [0.13413494103806284, 1.0, 0.08468759941249332]
     [0.13281521298522617, 1.0, 0.08509371002348673]
     [0.11894981600389778, 1.0, 0.09690476029321186]
     [0.1210046702132295, 1.0, 0.09389277326167737]
     [0.12292385453018606, 1.0, 0.09297225587675896]

Gen: 87
     [0.12392503891844357, 1.0, 0.08790941025970773]
     [0.12722270856522652, 1.0, 0.08705657797662157]
     [0.12928647539522523, 1.0, 0.08593300528620645]
     [0.13125385388319583, 1.0, 0.08583824614364133]
     [0.12318793217957809, 1.0, 0.09022424074237019]
     [0.13413494103806284, 1.0, 0.08468759941249332]
     [0.13281521298522617, 1.0, 0.08509371002348673]
     [0.11894981600389778, 1.0, 0.09690476029321186]
     [0.1210046702132295, 1.0, 0.09389277326167737]
     [0.12292385453018606, 1.0, 0.09297225587675896]

Gen: 88
     [0.12392503891844357, 1.0, 0.08790941025970773]
     [0.12722270856522652, 1.0, 0.08705657797662157]
     [0.12928647539522523, 1.0, 0.08593300528620645]
     [0.13125385388319583, 1.0, 0.08583824614364133]
     [0.12318793217957809, 1.0, 0.09022424074237019]
     [0.13413494103806284, 1.0, 0.08468759941249332]
     [0.13281521298522617, 1.0, 0.08509371002348673]
     [0.11894981600389778, 1.0, 0.09690476029321186]
     [0.1210046702132295, 1.0, 0.09389277326167737]
     [0.12292385453018606, 1.0, 0.09297225587675896]

Gen: 89
     [0.12392503891844357, 1.0, 0.08790941025970773]
     [0.12722270856522652, 1.0, 0.08705657797662157]
     [0.12928647539522523, 1.0, 0.08593300528620645]
     [0.13125385388319583, 1.0, 0.08583824614364133]
     [0.12318793217957809, 1.0, 0.09022424074237019]
     [0.13413494103806284, 1.0, 0.08468759941249332]
     [0.13281521298522617, 1.0, 0.08509371002348673]
     [0.11894981600389778, 1.0, 0.09690476029321186]
     [0.1210046702132295, 1.0, 0.09389277326167737]
     [0.12292385453018606, 1.0, 0.09297225587675896]

Gen: 90
     [0.12392503891844357, 1.0, 0.08790941025970773]
     [0.12722270856522652, 1.0, 0.08705657797662157]
     [0.12928647539522523, 1.0, 0.08593300528620645]
     [0.13125385388319583, 1.0, 0.08583824614364133]
     [0.12318793217957809, 1.0, 0.09022424074237019]
     [0.13413494103806284, 1.0, 0.08468759941249332]
     [0.13281521298522617, 1.0, 0.08509371002348673]
     [0.11894981600389778, 1.0, 0.09690476029321186]
     [0.1210046702132295, 1.0, 0.09389277326167737]
     [0.12292385453018606, 1.0, 0.09297225587675896]

Gen: 91
     [0.12392503891844357, 1.0, 0.08790941025970773]
     [0.12722270856522652, 1.0, 0.08705657797662157]
     [0.12928647539522523, 1.0, 0.08593300528620645]
     [0.13125385388319583, 1.0, 0.08583824614364133]
     [0.12318793217957809, 1.0, 0.09022424074237019]
     [0.13413494103806284, 1.0, 0.08468759941249332]
     [0.13281521298522617, 1.0, 0.08509371002348673]
     [0.11894981600389778, 1.0, 0.09690476029321186]
     [0.1210046702132295, 1.0, 0.09389277326167737]
     [0.12292385453018606, 1.0, 0.09297225587675896]

Gen: 92
     [0.12392503891844357, 1.0, 0.08790941025970773]
     [0.12722270856522652, 1.0, 0.08705657797662157]
     [0.12928647539522523, 1.0, 0.08593300528620645]
     [0.13125385388319583, 1.0, 0.08583824614364133]
     [0.12318793217957809, 1.0, 0.09022424074237019]
     [0.13413494103806284, 1.0, 0.08468759941249332]
     [0.13281521298522617, 1.0, 0.08509371002348673]
     [0.11894981600389778, 1.0, 0.09690476029321186]
     [0.1210046702132295, 1.0, 0.09389277326167737]
     [0.12292385453018606, 1.0, 0.09297225587675896]

Gen: 93
     [0.12392503891844357, 1.0, 0.08790941025970773]
     [0.12722270856522652, 1.0, 0.08705657797662157]
     [0.12928647539522523, 1.0, 0.08593300528620645]
     [0.13125385388319583, 1.0, 0.08583824614364133]
     [0.12318793217957809, 1.0, 0.09022424074237019]
     [0.13413494103806284, 1.0, 0.08468759941249332]
     [0.13281521298522617, 1.0, 0.08509371002348673]
     [0.11894981600389778, 1.0, 0.09690476029321186]
     [0.1210046702132295, 1.0, 0.09389277326167737]
     [0.12292385453018606, 1.0, 0.09297225587675896]

Gen: 94
     [0.12392503891844357, 1.0, 0.08790941025970773]
     [0.12722270856522652, 1.0, 0.08705657797662157]
     [0.12928647539522523, 1.0, 0.08593300528620645]
     [0.13125385388319583, 1.0, 0.08583824614364133]
     [0.12318793217957809, 1.0, 0.09022424074237019]
     [0.13413494103806284, 1.0, 0.08468759941249332]
     [0.13281521298522617, 1.0, 0.08509371002348673]
     [0.11894981600389778, 1.0, 0.09690476029321186]
     [0.1210046702132295, 1.0, 0.09389277326167737]
     [0.12292385453018606, 1.0, 0.09297225587675896]

Gen: 95
     [0.12392503891844357, 1.0, 0.08790941025970773]
     [0.12722270856522652, 1.0, 0.08705657797662157]
     [0.12928647539522523, 1.0, 0.08593300528620645]
     [0.13125385388319583, 1.0, 0.08583824614364133]
     [0.12264657299832443, 1.0, 0.09061681433299716]
     [0.12318793217957809, 1.0, 0.09022424074237019]
     [0.13413494103806284, 1.0, 0.08468759941249332]
     [0.13281521298522617, 1.0, 0.08509371002348673]
     [0.11894981600389778, 1.0, 0.09690476029321186]
     [0.1210046702132295, 1.0, 0.09389277326167737]

Gen: 96
     [0.12392503891844357, 1.0, 0.08790941025970773]
     [0.12722270856522652, 1.0, 0.08705657797662157]
     [0.12928647539522523, 1.0, 0.08593300528620645]
     [0.13125385388319583, 1.0, 0.08583824614364133]
     [0.12264657299832443, 1.0, 0.09061681433299716]
     [0.12318793217957809, 1.0, 0.09022424074237019]
     [0.13413494103806284, 1.0, 0.08468759941249332]
     [0.13281521298522617, 1.0, 0.08509371002348673]
     [0.11894981600389778, 1.0, 0.09690476029321186]
     [0.1210046702132295, 1.0, 0.09389277326167737]

Gen: 97
     [0.12392503891844357, 1.0, 0.08790941025970773]
     [0.12722270856522652, 1.0, 0.08705657797662157]
     [0.12928647539522523, 1.0, 0.08593300528620645]
     [0.13125385388319583, 1.0, 0.08583824614364133]
     [0.12264657299832443, 1.0, 0.09061681433299716]
     [0.12318793217957809, 1.0, 0.09022424074237019]
     [0.13413494103806284, 1.0, 0.08468759941249332]
     [0.13281521298522617, 1.0, 0.08509371002348673]
     [0.11894981600389778, 1.0, 0.09690476029321186]
     [0.1210046702132295, 1.0, 0.09389277326167737]

Gen: 98
     [0.12392503891844357, 1.0, 0.08790941025970773]
     [0.12722270856522652, 1.0, 0.08705657797662157]
     [0.12928647539522523, 1.0, 0.08593300528620645]
     [0.13125385388319583, 1.0, 0.08583824614364133]
     [0.12264657299832443, 1.0, 0.09061681433299716]
     [0.12318793217957809, 1.0, 0.09022424074237019]
     [0.13413494103806284, 1.0, 0.08468759941249332]
     [0.13281521298522617, 1.0, 0.08509371002348673]
     [0.11894981600389778, 1.0, 0.09690476029321186]
     [0.1210046702132295, 1.0, 0.09389277326167737]

Gen: 99
     [0.12392503891844357, 1.0, 0.08790941025970773]
     [0.12722270856522652, 1.0, 0.08705657797662157]
     [0.12928647539522523, 1.0, 0.08593300528620645]
     [0.13125385388319583, 1.0, 0.08583824614364133]
     [0.12264657299832443, 1.0, 0.09061681433299716]
     [0.12318793217957809, 1.0, 0.09022424074237019]
     [0.13413494103806284, 1.0, 0.08468759941249332]
     [0.13281521298522617, 1.0, 0.08509371002348673]
     [0.11894981600389778, 1.0, 0.09690476029321186]
     [0.1210046702132295, 1.0, 0.09389277326167737]

Gen: 100
     [0.12392503891844357, 1.0, 0.08790941025970773]
     [0.12722270856522652, 1.0, 0.08705657797662157]
     [0.12928647539522523, 1.0, 0.08593300528620645]
     [0.13125385388319583, 1.0, 0.08583824614364133]
     [0.12264657299832443, 1.0, 0.09061681433299716]
     [0.12318793217957809, 1.0, 0.09022424074237019]
     [0.13413494103806284, 1.0, 0.08468759941249332]
     [0.13281521298522617, 1.0, 0.08509371002348673]
     [0.11894981600389778, 1.0, 0.09690476029321186]
     [0.1210046702132295, 1.0, 0.09389277326167737]

Gen: 101
     [0.12392503891844357, 1.0, 0.08790941025970773]
     [0.12722270856522652, 1.0, 0.08705657797662157]
     [0.12928647539522523, 1.0, 0.08593300528620645]
     [0.13125385388319583, 1.0, 0.08583824614364133]
     [0.12264657299832443, 1.0, 0.09061681433299716]
     [0.12318793217957809, 1.0, 0.09022424074237019]
     [0.13413494103806284, 1.0, 0.08468759941249332]
     [0.13281521298522617, 1.0, 0.08509371002348673]
     [0.11894981600389778, 1.0, 0.09690476029321186]
     [0.1210046702132295, 1.0, 0.09389277326167737]

