Gen: 1
     continue

Gen: 2
     continue

Gen: 3
     continue

Gen: 4
     continue

Gen: 5
     [0.17764939936272195, 0.8714985806866263, 0.0952194012575892]
     [0.1357269258119324, 0.8971667291521611, 0.0876115958116459]
     [0.19054695175902855, 0.9283782336243372, 0.08759129028109623]
     [0.14039794594535912, 1.0, 0.09735148196530462]
     [0.16384261294857808, 1.0, 0.09715519516999113]
     [0.1357269258119324, 0.8971667291521611, 0.0876115958116459]
     [0.14791880404514143, 1.0, 0.10034993197647266]
     [0.17069715179051248, 0.8806036098762787, 0.08658955077397915]
     [0.17225506321212022, 0.8812061485726528, 0.07944877253067827]
     [0.1424905412520831, 0.8812061485726528, 0.09461023534109907]
     [0.15460506674049104, 1.0, 0.09726349133292271]
     [0.1723324159569213, 0.8881688179529752, 0.09976784010071543]
     [0.1528327389385575, 0.8714985806866263, 0.08150639962637823]
     [0.17536410072684439, 1.0, 0.09794034235124507]
     [0.1677428197653905, 1.0, 0.10045822813940423]
     [0.1605910835355361, 1.0, 0.09815693467710822]
     [0.1357269258119324, 0.8971667291521611, 0.0876115958116459]
     [0.16216663681122132, 1.0, 0.09167270192158004]
     [0.19159460647808882, 0.8812061485726528, 0.09305347799895765]
     [0.17100927690111334, 0.8714985806866263, 0.08993319480449158]

Gen: 6
     continue

Gen: 7
     continue

Gen: 8
     [0.17764939936272195, 0.8714985806866263, 0.0952194012575892]
     [0.1357269258119324, 0.8971667291521611, 0.0876115958116459]
     [0.19054695175902855, 0.9283782336243372, 0.08759129028109623]
     [0.14039794594535912, 1.0, 0.09735148196530462]
     [0.16384261294857808, 1.0, 0.09715519516999113]
     [0.1357269258119324, 0.8971667291521611, 0.0876115958116459]
     [0.14280673755977874, 0.9149884848160249, 0.08636618993793276]
     [0.17069715179051248, 0.8806036098762787, 0.08658955077397915]
     [0.17225506321212022, 0.8812061485726528, 0.07944877253067827]
     [0.1424905412520831, 0.8812061485726528, 0.09461023534109907]
     [0.15460506674049104, 1.0, 0.09726349133292271]
     [0.1723324159569213, 0.8881688179529752, 0.09976784010071543]
     [0.1528327389385575, 0.8714985806866263, 0.08150639962637823]
     [0.17536410072684439, 1.0, 0.09794034235124507]
     [0.1677428197653905, 1.0, 0.10045822813940423]
     [0.1605910835355361, 1.0, 0.09815693467710822]
     [0.1357269258119324, 0.8971667291521611, 0.0876115958116459]
     [0.14280673755977874, 0.9149884848160249, 0.08636618993793276]
     [0.19159460647808882, 0.8812061485726528, 0.09305347799895765]
     [0.17100927690111334, 0.8714985806866263, 0.08993319480449158]

Gen: 9
     continue

Gen: 10
     [0.17764939936272195, 0.8714985806866263, 0.0952194012575892]
     [0.1357269258119324, 0.8971667291521611, 0.0876115958116459]
     [0.19054695175902855, 0.9283782336243372, 0.08759129028109623]
     [0.14039794594535912, 1.0, 0.09735148196530462]
     [0.16384261294857808, 1.0, 0.09715519516999113]
     [0.1357269258119324, 0.8971667291521611, 0.0876115958116459]
     [0.14280673755977874, 0.9149884848160249, 0.08636618993793276]
     [0.17069715179051248, 0.8806036098762787, 0.08658955077397915]
     [0.17225506321212022, 0.8812061485726528, 0.07944877253067827]
     [0.1424905412520831, 0.8812061485726528, 0.09461023534109907]
     [0.15460506674049104, 1.0, 0.09726349133292271]
     [0.1723324159569213, 0.8881688179529752, 0.09976784010071543]
     [0.1528327389385575, 0.8714985806866263, 0.08150639962637823]
     [0.17536410072684439, 1.0, 0.09794034235124507]
     [0.1677428197653905, 1.0, 0.10045822813940423]
     [0.15398488771638413, 1.0, 0.09331744989610337]
     [0.1357269258119324, 0.8971667291521611, 0.0876115958116459]
     [0.14280673755977874, 0.9149884848160249, 0.08636618993793276]
     [0.19159460647808882, 0.8812061485726528, 0.09305347799895765]
     [0.17100927690111334, 0.8714985806866263, 0.08993319480449158]

Gen: 11
     continue

Gen: 12
     continue

Gen: 13
     continue

Gen: 14
     continue

Gen: 15
     continue

Gen: 16
     continue

Gen: 17
     continue

Gen: 18
     continue

Gen: 19
     continue

Gen: 20
     continue

Gen: 21
     continue

Gen: 22
     continue

Gen: 23
     continue

Gen: 24
     [0.1538600376721438, 0.8934845482298752, 0.09067773092464618]
     [0.1357269258119324, 0.8971667291521611, 0.0876115958116459]
     [0.19054695175902855, 0.9283782336243372, 0.08759129028109623]
     [0.14039794594535912, 1.0, 0.09735148196530462]
     [0.16384261294857808, 1.0, 0.09715519516999113]
     [0.1357269258119324, 0.8971667291521611, 0.0876115958116459]
     [0.14280673755977874, 0.9149884848160249, 0.08636618993793276]
     [0.1538600376721438, 0.8934845482298752, 0.09067773092464618]
     [0.17225506321212022, 0.8812061485726528, 0.07944877253067827]
     [0.1424905412520831, 0.8812061485726528, 0.09461023534109907]
     [0.15460506674049104, 1.0, 0.09726349133292271]
     [0.1723324159569213, 0.8881688179529752, 0.09976784010071543]
     [0.1528327389385575, 0.8714985806866263, 0.08150639962637823]
     [0.17536410072684439, 1.0, 0.09794034235124507]
     [0.1538600376721438, 0.8934845482298752, 0.09067773092464618]
     [0.15398488771638413, 1.0, 0.09331744989610337]
     [0.1357269258119324, 0.8971667291521611, 0.0876115958116459]
     [0.14280673755977874, 0.9149884848160249, 0.08636618993793276]
     [0.19159460647808882, 0.8812061485726528, 0.09305347799895765]
     [0.17100927690111334, 0.8714985806866263, 0.08993319480449158]

Gen: 25
     continue

