Gen: 2
     [0.13506040861977034, 0.5554254332672508, 0.08330070559225598]
     [0.14164228213231372, 0.632130523757754, 0.08327779675277613]
     [0.14492476558334308, 0.617301912131483, 0.08185328346148399]
     [0.11687929980622423, 0.5933602992901452, 0.0809869128047917]
     [0.15029716619198105, 0.5723764149133466, 0.08033921743404338]
     [0.12250009753813741, 0.6215626398925626, 0.07738814238468524]
     [0.1521386862263145, 0.48948807315981324, 0.07732982897510017]
     [0.15175893774465815, 0.5589347381211229, 0.07601777725943636]
     [0.1419114873915701, 0.6181172859244101, 0.07597404220224757]
     [0.12931086054647367, 0.4421124576325382, 0.06959288909622546]

Gen: 3
     [0.14492476558334308, 0.617301912131483, 0.08185328346148399]
     [0.11687929980622423, 0.5933602992901452, 0.0809869128047917]
     [0.11687929980622423, 0.5933602992901452, 0.0809869128047917]
     [0.15029716619198105, 0.5723764149133466, 0.08033921743404338]
     [0.12250009753813741, 0.6215626398925626, 0.07738814238468524]
     [0.1521386862263145, 0.48948807315981324, 0.07732982897510017]
     [0.15175893774465815, 0.5589347381211229, 0.07601777725943636]
     [0.1419114873915701, 0.6181172859244101, 0.07597404220224757]
     [0.14684171511060826, 0.500255803542879, 0.07243358519172616]
     [0.12931086054647367, 0.4421124576325382, 0.06959288909622546]

Gen: 4
     [0.12250009753813741, 0.6215626398925626, 0.07738814238468524]
     [0.1521386862263145, 0.48948807315981324, 0.07732982897510017]
     [0.1521386862263145, 0.48948807315981324, 0.07732982897510017]
     [0.15175893774465815, 0.5589347381211229, 0.07601777725943636]
     [0.1419114873915701, 0.6181172859244101, 0.07597404220224757]
     [0.1419114873915701, 0.6181172859244101, 0.07597404220224757]
     [0.15051825263678098, 0.5304725970454691, 0.07476195633158671]
     [0.14684171511060826, 0.500255803542879, 0.07243358519172616]
     [0.14684171511060826, 0.500255803542879, 0.07243358519172616]
     [0.12931086054647367, 0.4421124576325382, 0.06959288909622546]

Gen: 5
     [0.1419114873915701, 0.6181172859244101, 0.07597404220224757]
     [0.1419114873915701, 0.6181172859244101, 0.07597404220224757]
     [0.1419114873915701, 0.6181172859244101, 0.07597404220224757]
     [0.15051825263678098, 0.5304725970454691, 0.07476195633158671]
     [0.14684171511060826, 0.500255803542879, 0.07243358519172616]
     [0.14684171511060826, 0.500255803542879, 0.07243358519172616]
     [0.14684171511060826, 0.500255803542879, 0.07243358519172616]
     [0.13475608963104574, 0.5456849139860587, 0.07065710882115277]
     [0.12931086054647367, 0.4421124576325382, 0.06959288909622546]
     [0.14847385327663115, 0.49374880092089274, 0.06774976882898343]

Gen: 6
     [0.1419114873915701, 0.6181172859244101, 0.07597404220224757]
     [0.15051825263678098, 0.5304725970454691, 0.07476195633158671]
     [0.14684171511060826, 0.500255803542879, 0.07243358519172616]
     [0.14684171511060826, 0.500255803542879, 0.07243358519172616]
     [0.14684171511060826, 0.500255803542879, 0.07243358519172616]
     [0.15175893774465815, 0.5288698279721175, 0.07213993552202998]
     [0.13475608963104574, 0.5456849139860587, 0.07065710882115277]
     [0.12931086054647367, 0.4421124576325382, 0.06959288909622546]
     [0.14583642204101804, 0.5332104943403466, 0.06904724219225099]
     [0.14847385327663115, 0.49374880092089274, 0.06774976882898343]

Gen: 7
     [0.14684171511060826, 0.500255803542879, 0.07243358519172616]
     [0.14684171511060826, 0.500255803542879, 0.07243358519172616]
     [0.15175893774465815, 0.5288698279721175, 0.07213993552202998]
     [0.13475608963104574, 0.5456849139860587, 0.07065710882115277]
     [0.12931086054647367, 0.4421124576325382, 0.06959288909622546]
     [0.14583642204101804, 0.5332104943403466, 0.06904724219225099]
     [0.14847385327663115, 0.49374880092089274, 0.06774976882898343]
     [0.14847385327663115, 0.49374880092089274, 0.06774976882898343]
     [0.14847385327663115, 0.49374880092089274, 0.06774976882898343]
     [0.14583642204101804, 0.49644672891219543, 0.06512358277588491]

Gen: 8
     [0.13475608963104574, 0.5456849139860587, 0.07065710882115277]
     [0.12931086054647367, 0.4421124576325382, 0.06959288909622546]
     [0.12931086054647367, 0.4421124576325382, 0.06959288909622546]
     [0.14583642204101804, 0.5332104943403466, 0.06904724219225099]
     [0.14847385327663115, 0.49374880092089274, 0.06774976882898343]
     [0.14847385327663115, 0.49374880092089274, 0.06774976882898343]
     [0.14847385327663115, 0.49374880092089274, 0.06774976882898343]
     [0.14847385327663115, 0.49374880092089274, 0.06774976882898343]
     [0.13250490941958307, 0.5018265971733709, 0.06724369173865596]
     [0.14583642204101804, 0.49644672891219543, 0.06512358277588491]

Gen: 9
     [0.14847385327663115, 0.49374880092089274, 0.06774976882898343]
     [0.14847385327663115, 0.49374880092089274, 0.06774976882898343]
     [0.14867543209394873, 0.5200725842552919, 0.06768312493231479]
     [0.12931086054647367, 0.4421124576325382, 0.06744154080689098]
     [0.13250490941958307, 0.5018265971733709, 0.06724369173865596]
     [0.13250490941958307, 0.5018265971733709, 0.06724369173865596]
     [0.13250490941958307, 0.5018265971733709, 0.06724369173865596]
     [0.14583642204101804, 0.49644672891219543, 0.06512358277588491]
     [0.14583642204101804, 0.49644672891219543, 0.06512358277588491]
     [0.14583642204101804, 0.47264500863336956, 0.06465291025566265]

Gen: 10
     [0.12931086054647367, 0.4421124576325382, 0.06744154080689098]
     [0.13250490941958307, 0.5018265971733709, 0.06724369173865596]
     [0.13250490941958307, 0.5018265971733709, 0.06724369173865596]
     [0.13250490941958307, 0.5018265971733709, 0.06724369173865596]
     [0.14583642204101804, 0.46767282726865766, 0.06699169450437767]
     [0.14583642204101804, 0.49644672891219543, 0.06512358277588491]
     [0.14583642204101804, 0.49644672891219543, 0.06512358277588491]
     [0.14583642204101804, 0.49644672891219543, 0.06512358277588491]
     [0.14583642204101804, 0.47264500863336956, 0.06465291025566265]
     [0.14930227719038144, 0.4900076741062864, 0.06460500995493207]

Gen: 11
     [0.13250490941958307, 0.5018265971733709, 0.06724369173865596]
     [0.13250490941958307, 0.5018265971733709, 0.06724369173865596]
     [0.14583642204101804, 0.46767282726865766, 0.06699169450437767]
     [0.14583642204101804, 0.49644672891219543, 0.06512358277588491]
     [0.14583642204101804, 0.49644672891219543, 0.06512358277588491]
     [0.14583642204101804, 0.49644672891219543, 0.06512358277588491]
     [0.14583642204101804, 0.49644672891219543, 0.06512358277588491]
     [0.14583642204101804, 0.47264500863336956, 0.06465291025566265]
     [0.14583642204101804, 0.47264500863336956, 0.06465291025566265]
     [0.14930227719038144, 0.4900076741062864, 0.06460500995493207]

Gen: 12
     [0.14583642204101804, 0.49644672891219543, 0.06512358277588491]
     [0.14583642204101804, 0.49644672891219543, 0.06512358277588491]
     [0.15568517290260492, 0.46459519089339385, 0.06485492456743946]
     [0.14583642204101804, 0.47264500863336956, 0.06465291025566265]
     [0.14583642204101804, 0.47264500863336956, 0.06465291025566265]
     [0.14583642204101804, 0.47264500863336956, 0.06465291025566265]
     [0.14583642204101804, 0.47264500863336956, 0.06465291025566265]
     [0.14583642204101804, 0.47264500863336956, 0.06465291025566265]
     [0.14583642204101804, 0.47264500863336956, 0.06465291025566265]
     [0.14930227719038144, 0.4900076741062864, 0.06460500995493207]

Gen: 13
     [0.14583642204101804, 0.47264500863336956, 0.06465291025566265]
     [0.14583642204101804, 0.47264500863336956, 0.06465291025566265]
     [0.14583642204101804, 0.47264500863336956, 0.06465291025566265]
     [0.14583642204101804, 0.47264500863336956, 0.06465291025566265]
     [0.14583642204101804, 0.47264500863336956, 0.06465291025566265]
     [0.14583642204101804, 0.47264500863336956, 0.06465291025566265]
     [0.14583642204101804, 0.47264500863336956, 0.06465291025566265]
     [0.14583642204101804, 0.47264500863336956, 0.06465291025566265]
     [0.14583642204101804, 0.47264500863336956, 0.06465291025566265]
     [0.14930227719038144, 0.4900076741062864, 0.06460500995493207]

Gen: 14
     [0.14583642204101804, 0.47264500863336956, 0.06465291025566265]
     [0.14583642204101804, 0.47264500863336956, 0.06465291025566265]
     [0.14583642204101804, 0.47264500863336956, 0.06465291025566265]
     [0.14583642204101804, 0.47264500863336956, 0.06465291025566265]
     [0.14583642204101804, 0.47264500863336956, 0.06465291025566265]
     [0.14583642204101804, 0.47264500863336956, 0.06465291025566265]
     [0.13762371087095054, 0.47941181172859243, 0.06463833190326639]
     [0.14930227719038144, 0.4900076741062864, 0.06460500995493207]
     [0.17778991585710013, 0.4568531367909446, 0.062157929374130505]
     [0.14583642204101804, 0.43588124320521837, 0.060729250839296575]

Gen: 15
     [0.14583642204101804, 0.47264500863336956, 0.06465291025566265]
     [0.14583642204101804, 0.47264500863336956, 0.06465291025566265]
     [0.14583642204101804, 0.47264500863336956, 0.06465291025566265]
     [0.14583642204101804, 0.47264500863336956, 0.06465291025566265]
     [0.13762371087095054, 0.47941181172859243, 0.06463833190326639]
     [0.13762371087095054, 0.47941181172859243, 0.06463833190326639]
     [0.14930227719038144, 0.4900076741062864, 0.06460500995493207]
     [0.17778991585710013, 0.4568531367909446, 0.062157929374130505]
     [0.17778991585710013, 0.4568531367909446, 0.062157929374130505]
     [0.14583642204101804, 0.43588124320521837, 0.060729250839296575]

Gen: 16
     [0.13762371087095054, 0.47941181172859243, 0.06463833190326639]
     [0.13762371087095054, 0.47941181172859243, 0.06463833190326639]
     [0.13762371087095054, 0.47941181172859243, 0.06463833190326639]
     [0.14930227719038144, 0.4900076741062864, 0.06460500995493207]
     [0.14930227719038144, 0.4900076741062864, 0.06460500995493207]
     [0.17778991585710013, 0.4568531367909446, 0.062157929374130505]
     [0.17778991585710013, 0.4568531367909446, 0.062157929374130505]
     [0.17778991585710013, 0.4568531367909446, 0.062157929374130505]
     [0.17778991585710013, 0.4568531367909446, 0.062157929374130505]
     [0.14583642204101804, 0.43588124320521837, 0.060729250839296575]

Gen: 17
     [0.14930227719038144, 0.4900076741062864, 0.06460500995493207]
     [0.13542194998244314, 0.4609340026859372, 0.06344082438500179]
     [0.17778991585710013, 0.4568531367909446, 0.062157929374130505]
     [0.17778991585710013, 0.4568531367909446, 0.062157929374130505]
     [0.17778991585710013, 0.4568531367909446, 0.062157929374130505]
     [0.17778991585710013, 0.4568531367909446, 0.062157929374130505]
     [0.17778991585710013, 0.4568531367909446, 0.062157929374130505]
     [0.14583642204101804, 0.43588124320521837, 0.060729250839296575]
     [0.14468547201955964, 0.428994532199271, 0.06043768379137128]
     [0.15324151743331643, 0.471437935665409, 0.059573395756449876]

Gen: 18
     [0.150158011782607, 0.47264500863336956, 0.0624474138002849]
     [0.17778991585710013, 0.4568531367909446, 0.062157929374130505]
     [0.17778991585710013, 0.4568531367909446, 0.062157929374130505]
     [0.17778991585710013, 0.4568531367909446, 0.062157929374130505]
     [0.17778991585710013, 0.4568531367909446, 0.062157929374130505]
     [0.17778991585710013, 0.4568531367909446, 0.062157929374130505]
     [0.14583642204101804, 0.43588124320521837, 0.060729250839296575]
     [0.14468547201955964, 0.428994532199271, 0.06043768379137128]
     [0.14468547201955964, 0.428994532199271, 0.06043768379137128]
     [0.15324151743331643, 0.471437935665409, 0.059573395756449876]

Gen: 19
     [0.150158011782607, 0.47264500863336956, 0.0624474138002849]
     [0.17778991585710013, 0.4568531367909446, 0.062157929374130505]
     [0.17778991585710013, 0.4568531367909446, 0.062157929374130505]
     [0.17778991585710013, 0.4568531367909446, 0.062157929374130505]
     [0.17778991585710013, 0.4568531367909446, 0.062157929374130505]
     [0.17778991585710013, 0.4568531367909446, 0.062157929374130505]
     [0.14583642204101804, 0.43588124320521837, 0.060729250839296575]
     [0.14468547201955964, 0.428994532199271, 0.06043768379137128]
     [0.14468547201955964, 0.428994532199271, 0.06043768379137128]
     [0.15324151743331643, 0.471437935665409, 0.059573395756449876]

Gen: 20
     [0.17778991585710013, 0.4568531367909446, 0.062157929374130505]
     [0.17778991585710013, 0.4568531367909446, 0.062157929374130505]
     [0.17778991585710013, 0.4568531367909446, 0.062157929374130505]
     [0.14583642204101804, 0.43588124320521837, 0.060729250839296575]
     [0.14468547201955964, 0.428994532199271, 0.06043768379137128]
     [0.14468547201955964, 0.428994532199271, 0.06043768379137128]
     [0.14468547201955964, 0.428994532199271, 0.06043768379137128]
     [0.15324151743331643, 0.471437935665409, 0.059573395756449876]
     [0.15324151743331643, 0.471437935665409, 0.059573395756449876]
     [0.14468547201955964, 0.43396671356398286, 0.058098899542656256]

Gen: 21
     [0.17778991585710013, 0.4568531367909446, 0.062157929374130505]
     [0.14583642204101804, 0.43588124320521837, 0.060729250839296575]
     [0.14468547201955964, 0.428994532199271, 0.06043768379137128]
     [0.14468547201955964, 0.428994532199271, 0.06043768379137128]
     [0.14468547201955964, 0.428994532199271, 0.06043768379137128]
     [0.14468547201955964, 0.428994532199271, 0.06043768379137128]
     [0.15324151743331643, 0.471437935665409, 0.059573395756449876]
     [0.15324151743331643, 0.471437935665409, 0.059573395756449876]
     [0.14468547201955964, 0.43396671356398286, 0.058098899542656256]
     [0.14468547201955964, 0.43396671356398286, 0.058098899542656256]

Gen: 22
     [0.14468547201955964, 0.428994532199271, 0.06043768379137128]
     [0.14468547201955964, 0.428994532199271, 0.06043768379137128]
     [0.15324151743331643, 0.471437935665409, 0.059573395756449876]
     [0.15324151743331643, 0.471437935665409, 0.059573395756449876]
     [0.15324151743331643, 0.471437935665409, 0.059573395756449876]
     [0.14468547201955964, 0.43396671356398286, 0.058098899542656256]
     [0.14468547201955964, 0.43396671356398286, 0.058098899542656256]
     [0.14468547201955964, 0.43396671356398286, 0.058098899542656256]
     [0.15324151743331643, 0.4396463516019697, 0.05638490182520972]
     [0.14468547201955964, 0.3972029481358317, 0.054175240126290186]

Gen: 23
     [0.14468547201955964, 0.43396671356398286, 0.058098899542656256]
     [0.14468547201955964, 0.43396671356398286, 0.058098899542656256]
     [0.14468547201955964, 0.43396671356398286, 0.058098899542656256]
     [0.15324151743331643, 0.4396463516019697, 0.05638490182520972]
     [0.15324151743331643, 0.4396463516019697, 0.05638490182520972]
     [0.14468547201955964, 0.3972029481358317, 0.054175240126290186]
     [0.14468547201955964, 0.3972029481358317, 0.054175240126290186]
     [0.14468547201955964, 0.3972029481358317, 0.054175240126290186]
     [0.14468547201955964, 0.3972029481358317, 0.054175240126290186]
     [0.1490070617611486, 0.3949686640659973, 0.051740655276113996]

Gen: 24
     [0.14468547201955964, 0.43396671356398286, 0.058098899542656256]
     [0.15324151743331643, 0.4396463516019697, 0.05638490182520972]
     [0.15324151743331643, 0.4396463516019697, 0.05638490182520972]
     [0.14468547201955964, 0.3972029481358317, 0.054175240126290186]
     [0.14468547201955964, 0.3972029481358317, 0.054175240126290186]
     [0.14468547201955964, 0.3972029481358317, 0.054175240126290186]
     [0.14468547201955964, 0.3972029481358317, 0.054175240126290186]
     [0.14468547201955964, 0.3972029481358317, 0.054175240126290186]
     [0.1490070617611486, 0.3949686640659973, 0.051740655276113996]
     [0.1490070617611486, 0.3949686640659973, 0.051740655276113996]

Gen: 25
     [0.14468547201955964, 0.3972029481358317, 0.054175240126290186]
     [0.14468547201955964, 0.3972029481358317, 0.054175240126290186]
     [0.14468547201955964, 0.3972029481358317, 0.054175240126290186]
     [0.14468547201955964, 0.3972029481358317, 0.054175240126290186]
     [0.14468547201955964, 0.3972029481358317, 0.054175240126290186]
     [0.14468547201955964, 0.3972029481358317, 0.054175240126290186]
     [0.1490070617611486, 0.3949686640659973, 0.051740655276113996]
     [0.1490070617611486, 0.3949686640659973, 0.051740655276113996]
     [0.1490070617611486, 0.3949686640659973, 0.051740655276113996]
     [0.1490070617611486, 0.3949686640659973, 0.051740655276113996]

Gen: 26
     [0.14468547201955964, 0.3972029481358317, 0.054175240126290186]
     [0.14468547201955964, 0.3972029481358317, 0.054175240126290186]
     [0.14468547201955964, 0.3972029481358317, 0.054175240126290186]
     [0.14468547201955964, 0.3972029481358317, 0.054175240126290186]
     [0.14468547201955964, 0.3972029481358317, 0.054175240126290186]
     [0.14468547201955964, 0.3972029481358317, 0.054175240126290186]
     [0.1490070617611486, 0.3949686640659973, 0.051740655276113996]
     [0.1490070617611486, 0.3949686640659973, 0.051740655276113996]
     [0.1490070617611486, 0.3949686640659973, 0.051740655276113996]
     [0.1490070617611486, 0.3949686640659973, 0.051740655276113996]

Gen: 27
     [0.14468547201955964, 0.3972029481358317, 0.054175240126290186]
     [0.14468547201955964, 0.3972029481358317, 0.054175240126290186]
     [0.14468547201955964, 0.3972029481358317, 0.054175240126290186]
     [0.14468547201955964, 0.3972029481358317, 0.054175240126290186]
     [0.14468547201955964, 0.3972029481358317, 0.054175240126290186]
     [0.1490070617611486, 0.3949686640659973, 0.051740655276113996]
     [0.1490070617611486, 0.3949686640659973, 0.051740655276113996]
     [0.1490070617611486, 0.3949686640659973, 0.051740655276113996]
     [0.1490070617611486, 0.3949686640659973, 0.051740655276113996]
     [0.1490070617611486, 0.3949686640659973, 0.051740655276113996]

Gen: 28
     [0.14468547201955964, 0.3972029481358317, 0.054175240126290186]
     [0.14468547201955964, 0.3972029481358317, 0.054175240126290186]
     [0.14468547201955964, 0.3972029481358317, 0.054175240126290186]
     [0.14468547201955964, 0.3972029481358317, 0.054175240126290186]
     [0.14468547201955964, 0.3972029481358317, 0.054175240126290186]
     [0.1490070617611486, 0.3949686640659973, 0.051740655276113996]
     [0.1490070617611486, 0.3949686640659973, 0.051740655276113996]
     [0.1490070617611486, 0.3949686640659973, 0.051740655276113996]
     [0.1490070617611486, 0.3949686640659973, 0.051740655276113996]
     [0.1490070617611486, 0.3949686640659973, 0.051740655276113996]

Gen: 29
     [0.14468547201955964, 0.3972029481358317, 0.054175240126290186]
     [0.14468547201955964, 0.3972029481358317, 0.054175240126290186]
     [0.14468547201955964, 0.3972029481358317, 0.054175240126290186]
     [0.14468547201955964, 0.3972029481358317, 0.054175240126290186]
     [0.1490070617611486, 0.3949686640659973, 0.051740655276113996]
     [0.1490070617611486, 0.3949686640659973, 0.051740655276113996]
     [0.1490070617611486, 0.3949686640659973, 0.051740655276113996]
     [0.1490070617611486, 0.3949686640659973, 0.051740655276113996]
     [0.1490070617611486, 0.3949686640659973, 0.051740655276113996]
     [0.1490070617611486, 0.3949686640659973, 0.051740655276113996]

Gen: 30
     [0.14468547201955964, 0.3972029481358317, 0.054175240126290186]
     [0.14468547201955964, 0.3972029481358317, 0.054175240126290186]
     [0.14468547201955964, 0.3972029481358317, 0.054175240126290186]
     [0.1490070617611486, 0.3949686640659973, 0.051740655276113996]
     [0.1490070617611486, 0.3949686640659973, 0.051740655276113996]
     [0.1490070617611486, 0.3949686640659973, 0.051740655276113996]
     [0.1490070617611486, 0.3949686640659973, 0.051740655276113996]
     [0.1490070617611486, 0.3949686640659973, 0.051740655276113996]
     [0.1490070617611486, 0.3949686640659973, 0.051740655276113996]
     [0.1490070617611486, 0.3949686640659973, 0.051740655276113996]

Gen: 31
     [0.1490070617611486, 0.3949686640659973, 0.051740655276113996]
     [0.1490070617611486, 0.3949686640659973, 0.051740655276113996]
     [0.1490070617611486, 0.3949686640659973, 0.051740655276113996]
     [0.1490070617611486, 0.3949686640659973, 0.051740655276113996]
     [0.1490070617611486, 0.3949686640659973, 0.051740655276113996]
     [0.1490070617611486, 0.3949686640659973, 0.051740655276113996]
     [0.1490070617611486, 0.3949686640659973, 0.051740655276113996]
     [0.1490070617611486, 0.3949686640659973, 0.051740655276113996]
     [0.1490070617611486, 0.3949686640659973, 0.051740655276113996]
     [0.1490070617611486, 0.3949686640659973, 0.051740655276113996]

