Gen: 2
     [0.09919343583738686, 0.6767849107544622, 0.17970914459367482]
     [0.09354374236240413, 0.6767849107544622, 0.18457910327571828]
     [0.10148514008925137, 0.7684303284835758, 0.17525140682369408]
     [0.10255227604611661, 0.7167016649167541, 0.1628656063961347]

Gen: 3
     [0.09919343583738686, 0.6767849107544622, 0.17970914459367482]
     [0.09354374236240413, 0.6767849107544622, 0.18457910327571828]
     [0.10148514008925137, 0.7684303284835758, 0.17525140682369408]
     [0.10255227604611661, 0.7167016649167541, 0.1628656063961347]

Gen: 4
     [0.09919343583738686, 0.6767849107544622, 0.17970914459367482]
     [0.09267828999547276, 1.0, 0.3609904805728912]
     [0.09320079516095542, 0.8290835458227088, 0.25841457919914107]
     [0.09354374236240413, 0.6767849107544622, 0.18457910327571828]
     [0.10148514008925137, 0.7684303284835758, 0.17525140682369408]
     [0.10255227604611661, 0.7167016649167541, 0.1628656063961347]

Gen: 5
     [0.09919343583738686, 0.6767849107544622, 0.17970914459367482]
     [0.09267828999547276, 1.0, 0.3609904805728912]
     [0.09320079516095542, 0.8290835458227088, 0.25841457919914107]
     [0.09354374236240413, 0.6767849107544622, 0.18457910327571828]
     [0.10148514008925137, 0.7684303284835758, 0.17525140682369408]
     [0.10255227604611661, 0.7167016649167541, 0.1628656063961347]

Gen: 6
     [0.09919343583738686, 0.6767849107544622, 0.17970914459367482]
     [0.09267828999547276, 1.0, 0.3609904805728912]
     [0.09320079516095542, 0.8290835458227088, 0.25841457919914107]
     [0.09354374236240413, 0.6767849107544622, 0.18457910327571828]
     [0.10148514008925137, 0.7684303284835758, 0.17525140682369408]
     [0.10255227604611661, 0.7167016649167541, 0.1628656063961347]

Gen: 7
     [0.09919343583738686, 0.6767849107544622, 0.17970914459367482]
     [0.09267828999547276, 1.0, 0.3609904805728912]
     [0.09320079516095542, 0.8290835458227088, 0.25841457919914107]
     [0.09354374236240413, 0.6767849107544622, 0.18457910327571828]
     [0.10148514008925137, 0.7684303284835758, 0.17525140682369408]
     [0.10255227604611661, 0.7167016649167541, 0.1628656063961347]

Gen: 8
     [0.09919343583738686, 0.6767849107544622, 0.17970914459367482]
     [0.09267828999547276, 1.0, 0.3609904805728912]
     [0.09320079516095542, 0.8290835458227088, 0.25841457919914107]
     [0.09354374236240413, 0.6767849107544622, 0.18457910327571828]
     [0.10148514008925137, 0.7684303284835758, 0.17525140682369408]
     [0.10255227604611661, 0.7167016649167541, 0.1628656063961347]

Gen: 9
     [0.09919343583738686, 0.6767849107544622, 0.17970914459367482]
     [0.09267828999547276, 1.0, 0.3609904805728912]
     [0.09320079516095542, 0.8290835458227088, 0.25841457919914107]
     [0.09354374236240413, 0.6767849107544622, 0.18457910327571828]
     [0.10148514008925137, 0.7684303284835758, 0.17525140682369408]
     [0.10255227604611661, 0.7167016649167541, 0.1628656063961347]

Gen: 10
     [0.09919343583738686, 0.6767849107544622, 0.17970914459367482]
     [0.09267828999547276, 1.0, 0.3609904805728912]
     [0.09320079516095542, 0.8290835458227088, 0.25841457919914107]
     [0.09354374236240413, 0.6767849107544622, 0.18457910327571828]
     [0.10148514008925137, 0.7684303284835758, 0.17525140682369408]
     [0.10255227604611661, 0.7167016649167541, 0.1628656063961347]

Gen: 11
     [0.09919343583738686, 0.6767849107544622, 0.17970914459367482]
     [0.09267828999547276, 1.0, 0.3609904805728912]
     [0.09320079516095542, 0.8290835458227088, 0.25841457919914107]
     [0.09354374236240413, 0.6767849107544622, 0.18457910327571828]
     [0.10148514008925137, 0.7684303284835758, 0.17525140682369408]
     [0.09310293181562886, 0.8812246887655617, 0.20317697698273465]
     [0.10255227604611661, 0.7167016649167541, 0.1628656063961347]

Gen: 12
     [0.09919343583738686, 0.6767849107544622, 0.17970914459367482]
     [0.09267828999547276, 1.0, 0.3609904805728912]
     [0.10460315136991664, 0.6065134243287835, 0.23858004275593647]
     [0.09320079516095542, 0.8290835458227088, 0.25841457919914107]
     [0.09354374236240413, 0.6767849107544622, 0.18457910327571828]
     [0.10148514008925137, 0.7684303284835758, 0.17525140682369408]
     [0.09310293181562886, 0.8812246887655617, 0.20317697698273465]
     [0.10255227604611661, 0.7167016649167541, 0.1628656063961347]

Gen: 13
     [0.09919343583738686, 0.6767849107544622, 0.17970914459367482]
     [0.09267828999547276, 1.0, 0.3609904805728912]
     [0.10460315136991664, 0.6065134243287835, 0.23858004275593647]
     [0.09320079516095542, 0.8290835458227088, 0.25841457919914107]
     [0.09354374236240413, 0.6767849107544622, 0.18457910327571828]
     [0.10148514008925137, 0.7684303284835758, 0.17525140682369408]
     [0.09286805978684512, 1.0, 0.3020908228121135]
     [0.09310293181562886, 0.8812246887655617, 0.20317697698273465]
     [0.10255227604611661, 0.7167016649167541, 0.1628656063961347]

Gen: 14
     [0.09919343583738686, 0.6767849107544622, 0.17970914459367482]
     [0.10460315136991664, 0.6065134243287835, 0.23858004275593647]
     [0.09320079516095542, 0.8290835458227088, 0.25841457919914107]
     [0.09354374236240413, 0.6767849107544622, 0.18457910327571828]
     [0.10148514008925137, 0.7684303284835758, 0.17525140682369408]
     [0.09286805978684512, 1.0, 0.3020908228121135]
     [0.0923004523839511, 1.0, 0.3197300432352631]
     [0.09310293181562886, 0.8812246887655617, 0.20317697698273465]
     [0.11558767364361404, 0.4898942552872356, 0.18647723677777459]
     [0.10255227604611661, 0.7167016649167541, 0.1628656063961347]

Gen: 15
     [0.09919343583738686, 0.6767849107544622, 0.17970914459367482]
     [0.10460315136991664, 0.6065134243287835, 0.23858004275593647]
     [0.09320079516095542, 0.8290835458227088, 0.25841457919914107]
     [0.09354374236240413, 0.6767849107544622, 0.18457910327571828]
     [0.10148514008925137, 0.7684303284835758, 0.17525140682369408]
     [0.09286805978684512, 1.0, 0.3020908228121135]
     [0.0923004523839511, 1.0, 0.3197300432352631]
     [0.09310293181562886, 0.8812246887655617, 0.20317697698273465]
     [0.11558767364361404, 0.4898942552872356, 0.18647723677777459]
     [0.10255227604611661, 0.7167016649167541, 0.1628656063961347]

Gen: 16
     [0.09919343583738686, 0.6767849107544622, 0.17970914459367482]
     [0.10460315136991664, 0.6065134243287835, 0.23858004275593647]
     [0.09320079516095542, 0.8290835458227088, 0.25841457919914107]
     [0.09354374236240413, 0.6767849107544622, 0.18457910327571828]
     [0.10148514008925137, 0.7684303284835758, 0.17525140682369408]
     [0.09286805978684512, 1.0, 0.3020908228121135]
     [0.0923004523839511, 1.0, 0.3197300432352631]
     [0.09310293181562886, 0.8812246887655617, 0.20317697698273465]
     [0.11558767364361404, 0.4898942552872356, 0.18647723677777459]
     [0.10255227604611661, 0.7167016649167541, 0.1628656063961347]

Gen: 17
     [0.09919343583738686, 0.6767849107544622, 0.17970914459367482]
     [0.10460315136991664, 0.6065134243287835, 0.23858004275593647]
     [0.09320079516095542, 0.8290835458227088, 0.25841457919914107]
     [0.09354374236240413, 0.6767849107544622, 0.18457910327571828]
     [0.10148514008925137, 0.7684303284835758, 0.17525140682369408]
     [0.09286805978684512, 1.0, 0.3020908228121135]
     [0.0923004523839511, 1.0, 0.3197300432352631]
     [0.09310293181562886, 0.8812246887655617, 0.20317697698273465]
     [0.11558767364361404, 0.4898942552872356, 0.18647723677777459]
     [0.10255227604611661, 0.7167016649167541, 0.1628656063961347]

Gen: 18
     [0.09919343583738686, 0.6767849107544622, 0.17970914459367482]
     [0.10460315136991664, 0.6065134243287835, 0.23858004275593647]
     [0.09320079516095542, 0.8290835458227088, 0.25841457919914107]
     [0.09354374236240413, 0.6767849107544622, 0.18457910327571828]
     [0.10148514008925137, 0.7684303284835758, 0.17525140682369408]
     [0.09286805978684512, 1.0, 0.3020908228121135]
     [0.0923004523839511, 1.0, 0.3197300432352631]
     [0.09310293181562886, 0.8812246887655617, 0.20317697698273465]
     [0.11558767364361404, 0.4898942552872356, 0.18647723677777459]
     [0.10255227604611661, 0.7167016649167541, 0.1628656063961347]

Gen: 19
     [0.09919343583738686, 0.6767849107544622, 0.17970914459367482]
     [0.10460315136991664, 0.6065134243287835, 0.23858004275593647]
     [0.09320079516095542, 0.8290835458227088, 0.25841457919914107]
     [0.09354374236240413, 0.6767849107544622, 0.18457910327571828]
     [0.10148514008925137, 0.7684303284835758, 0.17525140682369408]
     [0.09286805978684512, 1.0, 0.3020908228121135]
     [0.0923004523839511, 1.0, 0.3197300432352631]
     [0.09310293181562886, 0.8812246887655617, 0.20317697698273465]
     [0.11558767364361404, 0.4898942552872356, 0.18647723677777459]
     [0.10255227604611661, 0.7167016649167541, 0.1628656063961347]

Gen: 20
     [0.09919343583738686, 0.6767849107544622, 0.17970914459367482]
     [0.10460315136991664, 0.6065134243287835, 0.23858004275593647]
     [0.09320079516095542, 0.8290835458227088, 0.25841457919914107]
     [0.09354374236240413, 0.6767849107544622, 0.18457910327571828]
     [0.10148514008925137, 0.7684303284835758, 0.17525140682369408]
     [0.09286805978684512, 1.0, 0.3020908228121135]
     [0.0923004523839511, 1.0, 0.3197300432352631]
     [0.09310293181562886, 0.8812246887655617, 0.20317697698273465]
     [0.11558767364361404, 0.4898942552872356, 0.18647723677777459]
     [0.10255227604611661, 0.7167016649167541, 0.1628656063961347]

Gen: 21
     [0.09919343583738686, 0.6767849107544622, 0.17970914459367482]
     [0.10460315136991664, 0.6065134243287835, 0.23858004275593647]
     [0.09320079516095542, 0.8290835458227088, 0.25841457919914107]
     [0.09354374236240413, 0.6767849107544622, 0.18457910327571828]
     [0.10148514008925137, 0.7684303284835758, 0.17525140682369408]
     [0.09286805978684512, 1.0, 0.3020908228121135]
     [0.0923004523839511, 1.0, 0.3197300432352631]
     [0.09310293181562886, 0.8812246887655617, 0.20317697698273465]
     [0.11558767364361404, 0.4898942552872356, 0.18647723677777459]
     [0.10255227604611661, 0.7167016649167541, 0.1628656063961347]
     [0.09934661324746322, 0.6603982300884956, 0.22285812890052054]

Gen: 22
     [0.09919343583738686, 0.6767849107544622, 0.17970914459367482]
     [0.10460315136991664, 0.6065134243287835, 0.23858004275593647]
     [0.09320079516095542, 0.8290835458227088, 0.25841457919914107]
     [0.09354374236240413, 0.6767849107544622, 0.18457910327571828]
     [0.10148514008925137, 0.7684303284835758, 0.17525140682369408]
     [0.09286805978684512, 1.0, 0.3020908228121135]
     [0.0923004523839511, 1.0, 0.3197300432352631]
     [0.09310293181562886, 0.8812246887655617, 0.20317697698273465]
     [0.11558767364361404, 0.4898942552872356, 0.18647723677777459]
     [0.10255227604611661, 0.7167016649167541, 0.1628656063961347]
     [0.09934661324746322, 0.6603982300884956, 0.22285812890052054]

Gen: 23
     [0.09919343583738686, 0.6767849107544622, 0.17970914459367482]
     [0.10460315136991664, 0.6065134243287835, 0.23858004275593647]
     [0.09320079516095542, 0.8290835458227088, 0.25841457919914107]
     [0.09354374236240413, 0.6767849107544622, 0.18457910327571828]
     [0.10148514008925137, 0.7684303284835758, 0.17525140682369408]
     [0.09286805978684512, 1.0, 0.3020908228121135]
     [0.0923004523839511, 1.0, 0.3197300432352631]
     [0.09310293181562886, 0.8812246887655617, 0.20317697698273465]
     [0.11558767364361404, 0.4898942552872356, 0.18647723677777459]
     [0.10255227604611661, 0.7167016649167541, 0.1628656063961347]
     [0.09934661324746322, 0.6603982300884956, 0.22285812890052054]

Gen: 24
     [0.09919343583738686, 0.6767849107544622, 0.17970914459367482]
     [0.10460315136991664, 0.6065134243287835, 0.23858004275593647]
     [0.09320079516095542, 0.8290835458227088, 0.25841457919914107]
     [0.09074995659973381, 0.8290835458227088, 0.27083872575805507]
     [0.09354374236240413, 0.6767849107544622, 0.18457910327571828]
     [0.10148514008925137, 0.7684303284835758, 0.17525140682369408]
     [0.09310293181562886, 0.8812246887655617, 0.20317697698273465]
     [0.11558767364361404, 0.4898942552872356, 0.18647723677777459]
     [0.10255227604611661, 0.7167016649167541, 0.1628656063961347]
     [0.09934661324746322, 0.6603982300884956, 0.22285812890052054]

Gen: 25
     [0.09919343583738686, 0.6767849107544622, 0.17970914459367482]
     [0.10460315136991664, 0.6065134243287835, 0.23858004275593647]
     [0.09320079516095542, 0.8290835458227088, 0.25841457919914107]
     [0.09074995659973381, 0.8290835458227088, 0.27083872575805507]
     [0.09354374236240413, 0.6767849107544622, 0.18457910327571828]
     [0.10148514008925137, 0.7684303284835758, 0.17525140682369408]
     [0.09310293181562886, 0.8812246887655617, 0.20317697698273465]
     [0.11558767364361404, 0.4898942552872356, 0.18647723677777459]
     [0.10255227604611661, 0.7167016649167541, 0.1628656063961347]
     [0.09934661324746322, 0.6603982300884956, 0.22285812890052054]

Gen: 26
     [0.09919343583738686, 0.6767849107544622, 0.17970914459367482]
     [0.10460315136991664, 0.6065134243287835, 0.23858004275593647]
     [0.09320079516095542, 0.8290835458227088, 0.25841457919914107]
     [0.09074995659973381, 0.8290835458227088, 0.27083872575805507]
     [0.09354374236240413, 0.6767849107544622, 0.18457910327571828]
     [0.10148514008925137, 0.7684303284835758, 0.17525140682369408]
     [0.09310293181562886, 0.8812246887655617, 0.20317697698273465]
     [0.11558767364361404, 0.4898942552872356, 0.18647723677777459]
     [0.10255227604611661, 0.7167016649167541, 0.1628656063961347]
     [0.09934661324746322, 0.6603982300884956, 0.22285812890052054]

Gen: 27
     [0.09919343583738686, 0.6767849107544622, 0.17970914459367482]
     [0.10460315136991664, 0.6065134243287835, 0.23858004275593647]
     [0.09320079516095542, 0.8290835458227088, 0.25841457919914107]
     [0.09074995659973381, 0.8290835458227088, 0.27083872575805507]
     [0.09354374236240413, 0.6767849107544622, 0.18457910327571828]
     [0.10148514008925137, 0.7684303284835758, 0.17525140682369408]
     [0.09310293181562886, 0.8812246887655617, 0.20317697698273465]
     [0.11558767364361404, 0.4898942552872356, 0.18647723677777459]
     [0.10255227604611661, 0.7167016649167541, 0.1628656063961347]
     [0.09934661324746322, 0.6603982300884956, 0.22285812890052054]

Gen: 28
     [0.09919343583738686, 0.6767849107544622, 0.17970914459367482]
     [0.10460315136991664, 0.6065134243287835, 0.23858004275593647]
     [0.09320079516095542, 0.8290835458227088, 0.25841457919914107]
     [0.09074995659973381, 0.8290835458227088, 0.27083872575805507]
     [0.09354374236240413, 0.6767849107544622, 0.18457910327571828]
     [0.10148514008925137, 0.7684303284835758, 0.17525140682369408]
     [0.0934271573336238, 0.6767849107544622, 0.1967923461121816]
     [0.09310293181562886, 0.8812246887655617, 0.20317697698273465]
     [0.11558767364361404, 0.4898942552872356, 0.18647723677777459]
     [0.10255227604611661, 0.7167016649167541, 0.1628656063961347]
     [0.09934661324746322, 0.6603982300884956, 0.22285812890052054]

Gen: 29
     [0.09919343583738686, 0.6767849107544622, 0.17970914459367482]
     [0.10460315136991664, 0.6065134243287835, 0.23858004275593647]
     [0.09320079516095542, 0.8290835458227088, 0.25841457919914107]
     [0.09074995659973381, 0.8290835458227088, 0.27083872575805507]
     [0.09354374236240413, 0.6767849107544622, 0.18457910327571828]
     [0.10148514008925137, 0.7684303284835758, 0.17525140682369408]
     [0.0934271573336238, 0.6767849107544622, 0.1967923461121816]
     [0.09310293181562886, 0.8812246887655617, 0.20317697698273465]
     [0.11558767364361404, 0.4898942552872356, 0.18647723677777459]
     [0.10255227604611661, 0.7167016649167541, 0.1628656063961347]
     [0.09934661324746322, 0.6603982300884956, 0.22285812890052054]

Gen: 30
     [0.09919343583738686, 0.6767849107544622, 0.17970914459367482]
     [0.10460315136991664, 0.6065134243287835, 0.23858004275593647]
     [0.09320079516095542, 0.8290835458227088, 0.25841457919914107]
     [0.09074995659973381, 0.8290835458227088, 0.27083872575805507]
     [0.09354374236240413, 0.6767849107544622, 0.18457910327571828]
     [0.10148514008925137, 0.7684303284835758, 0.17525140682369408]
     [0.0934271573336238, 0.6767849107544622, 0.1967923461121816]
     [0.09310293181562886, 0.8812246887655617, 0.20317697698273465]
     [0.11558767364361404, 0.4898942552872356, 0.18647723677777459]
     [0.10255227604611661, 0.7167016649167541, 0.1628656063961347]
     [0.09934661324746322, 0.6603982300884956, 0.22285812890052054]

Gen: 31
     [0.09919343583738686, 0.6767849107544622, 0.17970914459367482]
     [0.10460315136991664, 0.6065134243287835, 0.23858004275593647]
     [0.09320079516095542, 0.8290835458227088, 0.25841457919914107]
     [0.09074995659973381, 0.8290835458227088, 0.27083872575805507]
     [0.09354374236240413, 0.6767849107544622, 0.18457910327571828]
     [0.10148514008925137, 0.7684303284835758, 0.17525140682369408]
     [0.0934271573336238, 0.6767849107544622, 0.1967923461121816]
     [0.09310293181562886, 0.8812246887655617, 0.20317697698273465]
     [0.11558767364361404, 0.4898942552872356, 0.18647723677777459]
     [0.10255227604611661, 0.7167016649167541, 0.1628656063961347]
     [0.09934661324746322, 0.6603982300884956, 0.22285812890052054]

Gen: 32
     [0.09919343583738686, 0.6767849107544622, 0.17970914459367482]
     [0.10460315136991664, 0.6065134243287835, 0.23858004275593647]
     [0.09320079516095542, 0.8290835458227088, 0.25841457919914107]
     [0.10487546676560792, 0.6288810559472027, 0.21563946967300338]
     [0.09074995659973381, 0.8290835458227088, 0.27083872575805507]
     [0.09354374236240413, 0.6767849107544622, 0.18457910327571828]
     [0.10148514008925137, 0.7684303284835758, 0.17525140682369408]
     [0.0934271573336238, 0.6767849107544622, 0.1967923461121816]
     [0.09310293181562886, 0.8812246887655617, 0.20317697698273465]
     [0.11558767364361404, 0.4898942552872356, 0.18647723677777459]
     [0.10255227604611661, 0.7167016649167541, 0.1628656063961347]
     [0.09934661324746322, 0.6603982300884956, 0.22285812890052054]

Gen: 33
     [0.09919343583738686, 0.6767849107544622, 0.17970914459367482]
     [0.10460315136991664, 0.6065134243287835, 0.23858004275593647]
     [0.09320079516095542, 0.8290835458227088, 0.25841457919914107]
     [0.10487546676560792, 0.6288810559472027, 0.21563946967300338]
     [0.09074995659973381, 0.8290835458227088, 0.27083872575805507]
     [0.09354374236240413, 0.6767849107544622, 0.18457910327571828]
     [0.10148514008925137, 0.7684303284835758, 0.17525140682369408]
     [0.0934271573336238, 0.6767849107544622, 0.1967923461121816]
     [0.09310293181562886, 0.8812246887655617, 0.20317697698273465]
     [0.11558767364361404, 0.4898942552872356, 0.18647723677777459]
     [0.10255227604611661, 0.7167016649167541, 0.1628656063961347]
     [0.09934661324746322, 0.6603982300884956, 0.22285812890052054]

Gen: 34
     [0.09919343583738686, 0.6767849107544622, 0.17970914459367482]
     [0.10460315136991664, 0.6065134243287835, 0.23858004275593647]
     [0.09320079516095542, 0.8290835458227088, 0.25841457919914107]
     [0.10487546676560792, 0.6288810559472027, 0.21563946967300338]
     [0.09074995659973381, 0.8290835458227088, 0.27083872575805507]
     [0.09354374236240413, 0.6767849107544622, 0.18457910327571828]
     [0.10148514008925137, 0.7684303284835758, 0.17525140682369408]
     [0.0934271573336238, 0.6767849107544622, 0.1967923461121816]
     [0.09310293181562886, 0.8812246887655617, 0.20317697698273465]
     [0.11558767364361404, 0.4898942552872356, 0.18647723677777459]
     [0.10255227604611661, 0.7167016649167541, 0.1628656063961347]
     [0.09934661324746322, 0.6603982300884956, 0.22285812890052054]

Gen: 35
     [0.09919343583738686, 0.6767849107544622, 0.17970914459367482]
     [0.10460315136991664, 0.6065134243287835, 0.23858004275593647]
     [0.09320079516095542, 0.8290835458227088, 0.25841457919914107]
     [0.10487546676560792, 0.6288810559472027, 0.21563946967300338]
     [0.09074995659973381, 0.8290835458227088, 0.27083872575805507]
     [0.09354374236240413, 0.6767849107544622, 0.18457910327571828]
     [0.10148514008925137, 0.7684303284835758, 0.17525140682369408]
     [0.0934271573336238, 0.6767849107544622, 0.1967923461121816]
     [0.09310293181562886, 0.8812246887655617, 0.20317697698273465]
     [0.11558767364361404, 0.4898942552872356, 0.18647723677777459]
     [0.10255227604611661, 0.7167016649167541, 0.1628656063961347]
     [0.09934661324746322, 0.6603982300884956, 0.22285812890052054]

Gen: 36
     [0.09919343583738686, 0.6767849107544622, 0.17970914459367482]
     [0.10460315136991664, 0.6065134243287835, 0.23858004275593647]
     [0.09320079516095542, 0.8290835458227088, 0.25841457919914107]
     [0.10487546676560792, 0.6288810559472027, 0.21563946967300338]
     [0.09074995659973381, 0.8290835458227088, 0.27083872575805507]
     [0.09354374236240413, 0.6767849107544622, 0.18457910327571828]
     [0.10148514008925137, 0.7684303284835758, 0.17525140682369408]
     [0.0934271573336238, 0.6767849107544622, 0.1967923461121816]
     [0.09310293181562886, 0.8812246887655617, 0.20317697698273465]
     [0.11558767364361404, 0.4898942552872356, 0.18647723677777459]
     [0.10255227604611661, 0.7167016649167541, 0.1628656063961347]
     [0.09934661324746322, 0.6603982300884956, 0.22285812890052054]

Gen: 37
     [0.09919343583738686, 0.6767849107544622, 0.17970914459367482]
     [0.10460315136991664, 0.6065134243287835, 0.23858004275593647]
     [0.09320079516095542, 0.8290835458227088, 0.25841457919914107]
     [0.10487546676560792, 0.6288810559472027, 0.21563946967300338]
     [0.09074995659973381, 0.8290835458227088, 0.27083872575805507]
     [0.09354374236240413, 0.6767849107544622, 0.18457910327571828]
     [0.10148514008925137, 0.7684303284835758, 0.17525140682369408]
     [0.0934271573336238, 0.6767849107544622, 0.1967923461121816]
     [0.09310293181562886, 0.8812246887655617, 0.20317697698273465]
     [0.11558767364361404, 0.4898942552872356, 0.18647723677777459]
     [0.10255227604611661, 0.7167016649167541, 0.1628656063961347]
     [0.09934661324746322, 0.6603982300884956, 0.22285812890052054]

Gen: 38
     [0.09919343583738686, 0.6767849107544622, 0.17970914459367482]
     [0.10460315136991664, 0.6065134243287835, 0.23858004275593647]
     [0.09320079516095542, 0.8290835458227088, 0.25841457919914107]
     [0.10487546676560792, 0.6288810559472027, 0.21563946967300338]
     [0.09074995659973381, 0.8290835458227088, 0.27083872575805507]
     [0.09354374236240413, 0.6767849107544622, 0.18457910327571828]
     [0.10148514008925137, 0.7684303284835758, 0.17525140682369408]
     [0.0934271573336238, 0.6767849107544622, 0.1967923461121816]
     [0.09310293181562886, 0.8812246887655617, 0.20317697698273465]
     [0.11558767364361404, 0.4898942552872356, 0.18647723677777459]
     [0.10255227604611661, 0.7167016649167541, 0.1628656063961347]
     [0.09934661324746322, 0.6603982300884956, 0.22285812890052054]

Gen: 39
     [0.09919343583738686, 0.6767849107544622, 0.17970914459367482]
     [0.10460315136991664, 0.6065134243287835, 0.23858004275593647]
     [0.09320079516095542, 0.8290835458227088, 0.25841457919914107]
     [0.10487546676560792, 0.6288810559472027, 0.21563946967300338]
     [0.09074995659973381, 0.8290835458227088, 0.27083872575805507]
     [0.09354374236240413, 0.6767849107544622, 0.18457910327571828]
     [0.10148514008925137, 0.7684303284835758, 0.17525140682369408]
     [0.0934271573336238, 0.6767849107544622, 0.1967923461121816]
     [0.09310293181562886, 0.8812246887655617, 0.20317697698273465]
     [0.11558767364361404, 0.4898942552872356, 0.18647723677777459]
     [0.10255227604611661, 0.7167016649167541, 0.1628656063961347]
     [0.09934661324746322, 0.6603982300884956, 0.22285812890052054]

Gen: 40
     [0.09919343583738686, 0.6767849107544622, 0.17970914459367482]
     [0.10460315136991664, 0.6065134243287835, 0.23858004275593647]
     [0.09320079516095542, 0.8290835458227088, 0.25841457919914107]
     [0.10487546676560792, 0.6288810559472027, 0.21563946967300338]
     [0.09074995659973381, 0.8290835458227088, 0.27083872575805507]
     [0.09354374236240413, 0.6767849107544622, 0.18457910327571828]
     [0.10148514008925137, 0.7684303284835758, 0.17525140682369408]
     [0.09124523022564734, 1.0, 0.24257762694966112]
     [0.0934271573336238, 0.6767849107544622, 0.1967923461121816]
     [0.09310293181562886, 0.8812246887655617, 0.20317697698273465]
     [0.11558767364361404, 0.4898942552872356, 0.18647723677777459]
     [0.10255227604611661, 0.7167016649167541, 0.1628656063961347]
     [0.09934661324746322, 0.6603982300884956, 0.22285812890052054]

Gen: 41
     [0.09919343583738686, 0.6767849107544622, 0.17970914459367482]
     [0.10460315136991664, 0.6065134243287835, 0.23858004275593647]
     [0.09320079516095542, 0.8290835458227088, 0.25841457919914107]
     [0.10487546676560792, 0.6288810559472027, 0.21563946967300338]
     [0.09074995659973381, 0.8290835458227088, 0.27083872575805507]
     [0.09354374236240413, 0.6767849107544622, 0.18457910327571828]
     [0.10148514008925137, 0.7684303284835758, 0.17525140682369408]
     [0.09124523022564734, 1.0, 0.24257762694966112]
     [0.0934271573336238, 0.6767849107544622, 0.1967923461121816]
     [0.09310293181562886, 0.8812246887655617, 0.20317697698273465]
     [0.10864022711104, 0.6608107094645268, 0.19974499822649142]
     [0.11558767364361404, 0.4898942552872356, 0.18647723677777459]
     [0.10255227604611661, 0.7167016649167541, 0.1628656063961347]
     [0.09934661324746322, 0.6603982300884956, 0.22285812890052054]

Gen: 42
     [0.09919343583738686, 0.6767849107544622, 0.17970914459367482]
     [0.10460315136991664, 0.6065134243287835, 0.23858004275593647]
     [0.09320079516095542, 0.8290835458227088, 0.25841457919914107]
     [0.10487546676560792, 0.6288810559472027, 0.21563946967300338]
     [0.09074995659973381, 0.8290835458227088, 0.27083872575805507]
     [0.09354374236240413, 0.6767849107544622, 0.18457910327571828]
     [0.10148514008925137, 0.7684303284835758, 0.17525140682369408]
     [0.09124523022564734, 1.0, 0.24257762694966112]
     [0.0934271573336238, 0.6767849107544622, 0.1967923461121816]
     [0.09310293181562886, 0.8812246887655617, 0.20317697698273465]
     [0.10864022711104, 0.6608107094645268, 0.19974499822649142]
     [0.11558767364361404, 0.4898942552872356, 0.18647723677777459]
     [0.10255227604611661, 0.7167016649167541, 0.1628656063961347]
     [0.09934661324746322, 0.6603982300884956, 0.22285812890052054]

Gen: 43
     [0.09919343583738686, 0.6767849107544622, 0.17970914459367482]
     [0.10460315136991664, 0.6065134243287835, 0.23858004275593647]
     [0.09320079516095542, 0.8290835458227088, 0.25841457919914107]
     [0.10487546676560792, 0.6288810559472027, 0.21563946967300338]
     [0.09074995659973381, 0.8290835458227088, 0.27083872575805507]
     [0.09354374236240413, 0.6767849107544622, 0.18457910327571828]
     [0.10148514008925137, 0.7684303284835758, 0.17525140682369408]
     [0.09124523022564734, 1.0, 0.24257762694966112]
     [0.0934271573336238, 0.6767849107544622, 0.1967923461121816]
     [0.09291911892353724, 0.8872056397180141, 0.25080287212523844]
     [0.09310293181562886, 0.8812246887655617, 0.20317697698273465]
     [0.10864022711104, 0.6608107094645268, 0.19974499822649142]
     [0.11558767364361404, 0.4898942552872356, 0.18647723677777459]
     [0.10255227604611661, 0.7167016649167541, 0.1628656063961347]
     [0.09934661324746322, 0.6603982300884956, 0.22285812890052054]

Gen: 44
     [0.09919343583738686, 0.6767849107544622, 0.17970914459367482]
     [0.10460315136991664, 0.6065134243287835, 0.23858004275593647]
     [0.09320079516095542, 0.8290835458227088, 0.25841457919914107]
     [0.09016618047022061, 1.0, 0.3128181530585833]
     [0.10487546676560792, 0.6288810559472027, 0.21563946967300338]
     [0.09074995659973381, 0.8290835458227088, 0.27083872575805507]
     [0.09354374236240413, 0.6767849107544622, 0.18457910327571828]
     [0.10148514008925137, 0.7684303284835758, 0.17525140682369408]
     [0.09124523022564734, 1.0, 0.24257762694966112]
     [0.0934271573336238, 0.6767849107544622, 0.1967923461121816]
     [0.09291911892353724, 0.8872056397180141, 0.25080287212523844]
     [0.09310293181562886, 0.8812246887655617, 0.20317697698273465]
     [0.10864022711104, 0.6608107094645268, 0.19974499822649142]
     [0.11558767364361404, 0.4898942552872356, 0.18647723677777459]
     [0.10255227604611661, 0.7167016649167541, 0.1628656063961347]
     [0.09934661324746322, 0.6603982300884956, 0.22285812890052054]

Gen: 45
     [0.09919343583738686, 0.6767849107544622, 0.17970914459367482]
     [0.10460315136991664, 0.6065134243287835, 0.23858004275593647]
     [0.09320079516095542, 0.8290835458227088, 0.25841457919914107]
     [0.09016618047022061, 1.0, 0.3128181530585833]
     [0.10487546676560792, 0.6288810559472027, 0.21563946967300338]
     [0.09074995659973381, 0.8290835458227088, 0.27083872575805507]
     [0.09354374236240413, 0.6767849107544622, 0.18457910327571828]
     [0.10148514008925137, 0.7684303284835758, 0.17525140682369408]
     [0.09124523022564734, 1.0, 0.24257762694966112]
     [0.0934271573336238, 0.6767849107544622, 0.1967923461121816]
     [0.09291911892353724, 0.8872056397180141, 0.25080287212523844]
     [0.09310293181562886, 0.8812246887655617, 0.20317697698273465]
     [0.10864022711104, 0.6608107094645268, 0.19974499822649142]
     [0.11558767364361404, 0.4898942552872356, 0.18647723677777459]
     [0.10255227604611661, 0.7167016649167541, 0.1628656063961347]
     [0.09934661324746322, 0.6603982300884956, 0.22285812890052054]

Gen: 46
     [0.09919343583738686, 0.6767849107544622, 0.17970914459367482]
     [0.10460315136991664, 0.6065134243287835, 0.23858004275593647]
     [0.09016618047022061, 1.0, 0.3128181530585833]
     [0.10487546676560792, 0.6288810559472027, 0.21563946967300338]
     [0.09074995659973381, 0.8290835458227088, 0.27083872575805507]
     [0.09354374236240413, 0.6767849107544622, 0.18457910327571828]
     [0.09246979852064661, 0.6790160491975401, 0.2035508517634427]
     [0.10148514008925137, 0.7684303284835758, 0.17525140682369408]
     [0.09124523022564734, 1.0, 0.24257762694966112]
     [0.0934271573336238, 0.6767849107544622, 0.1967923461121816]
     [0.09310293181562886, 0.8812246887655617, 0.20317697698273465]
     [0.10864022711104, 0.6608107094645268, 0.19974499822649142]
     [0.11558767364361404, 0.4898942552872356, 0.18647723677777459]
     [0.10255227604611661, 0.7167016649167541, 0.1628656063961347]
     [0.09934661324746322, 0.6603982300884956, 0.22285812890052054]

Gen: 47
     [0.09919343583738686, 0.6767849107544622, 0.17970914459367482]
     [0.09016618047022061, 1.0, 0.3128181530585833]
     [0.09074995659973381, 0.8290835458227088, 0.27083872575805507]
     [0.09354374236240413, 0.6767849107544622, 0.18457910327571828]
     [0.10138217083025561, 0.5543722813859308, 0.1945299243622559]
     [0.09246979852064661, 0.6790160491975401, 0.2035508517634427]
     [0.10148514008925137, 0.7684303284835758, 0.17525140682369408]
     [0.09124523022564734, 1.0, 0.24257762694966112]
     [0.0934271573336238, 0.6767849107544622, 0.1967923461121816]
     [0.09310293181562886, 0.8812246887655617, 0.20317697698273465]
     [0.11558767364361404, 0.4898942552872356, 0.18647723677777459]
     [0.10255227604611661, 0.7167016649167541, 0.1628656063961347]
     [0.09934661324746322, 0.6603982300884956, 0.22285812890052054]

Gen: 48
     [0.09919343583738686, 0.6767849107544622, 0.17970914459367482]
     [0.09185879085156429, 0.7289260536973151, 0.2535733801156136]
     [0.09016618047022061, 1.0, 0.3128181530585833]
     [0.09074995659973381, 0.8290835458227088, 0.27083872575805507]
     [0.09354374236240413, 0.6767849107544622, 0.18457910327571828]
     [0.10138217083025561, 0.5543722813859308, 0.1945299243622559]
     [0.09246979852064661, 0.6790160491975401, 0.2035508517634427]
     [0.10148514008925137, 0.7684303284835758, 0.17525140682369408]
     [0.09124523022564734, 1.0, 0.24257762694966112]
     [0.0934271573336238, 0.6767849107544622, 0.1967923461121816]
     [0.09310293181562886, 0.8812246887655617, 0.20317697698273465]
     [0.11558767364361404, 0.4898942552872356, 0.18647723677777459]
     [0.10255227604611661, 0.7167016649167541, 0.1628656063961347]
     [0.09934661324746322, 0.6603982300884956, 0.22285812890052054]

Gen: 49
     [0.09919343583738686, 0.6767849107544622, 0.17970914459367482]
     [0.09185879085156429, 0.7289260536973151, 0.2535733801156136]
     [0.09016618047022061, 1.0, 0.3128181530585833]
     [0.09074995659973381, 0.8290835458227088, 0.27083872575805507]
     [0.11853293484513763, 0.7167016649167541, 0.16041145398943565]
     [0.09354374236240413, 0.6767849107544622, 0.18457910327571828]
     [0.10138217083025561, 0.5543722813859308, 0.1945299243622559]
     [0.09246979852064661, 0.6790160491975401, 0.2035508517634427]
     [0.10148514008925137, 0.7684303284835758, 0.17525140682369408]
     [0.09124523022564734, 1.0, 0.24257762694966112]
     [0.0934271573336238, 0.6767849107544622, 0.1967923461121816]
     [0.09310293181562886, 0.8812246887655617, 0.20317697698273465]
     [0.11558767364361404, 0.4898942552872356, 0.18647723677777459]
     [0.10255227604611661, 0.7167016649167541, 0.1628656063961347]
     [0.09934661324746322, 0.6603982300884956, 0.22285812890052054]

Gen: 50
     [0.09919343583738686, 0.6767849107544622, 0.17970914459367482]
     [0.09185879085156429, 0.7289260536973151, 0.2535733801156136]
     [0.09016618047022061, 1.0, 0.3128181530585833]
     [0.09143670198824279, 0.8812246887655617, 0.24407312607249337]
     [0.09074995659973381, 0.8290835458227088, 0.27083872575805507]
     [0.11853293484513763, 0.7167016649167541, 0.16041145398943565]
     [0.09354374236240413, 0.6767849107544622, 0.18457910327571828]
     [0.10138217083025561, 0.5543722813859308, 0.1945299243622559]
     [0.09246979852064661, 0.6790160491975401, 0.2035508517634427]
     [0.10148514008925137, 0.7684303284835758, 0.17525140682369408]
     [0.09124523022564734, 1.0, 0.24257762694966112]
     [0.0934271573336238, 0.6767849107544622, 0.1967923461121816]
     [0.09310293181562886, 0.8812246887655617, 0.20317697698273465]
     [0.11558767364361404, 0.4898942552872356, 0.18647723677777459]
     [0.10255227604611661, 0.7167016649167541, 0.1628656063961347]
     [0.09934661324746322, 0.6603982300884956, 0.22285812890052054]

Gen: 51
     [0.09919343583738686, 0.6767849107544622, 0.17970914459367482]
     [0.09185879085156429, 0.7289260536973151, 0.2535733801156136]
     [0.09016618047022061, 1.0, 0.3128181530585833]
     [0.09143670198824279, 0.8812246887655617, 0.24407312607249337]
     [0.09074995659973381, 0.8290835458227088, 0.27083872575805507]
     [0.11853293484513763, 0.7167016649167541, 0.16041145398943565]
     [0.09354374236240413, 0.6767849107544622, 0.18457910327571828]
     [0.10138217083025561, 0.5543722813859308, 0.1945299243622559]
     [0.09246979852064661, 0.6790160491975401, 0.2035508517634427]
     [0.10148514008925137, 0.7684303284835758, 0.17525140682369408]
     [0.09124523022564734, 1.0, 0.24257762694966112]
     [0.0934271573336238, 0.6767849107544622, 0.1967923461121816]
     [0.09310293181562886, 0.8812246887655617, 0.20317697698273465]
     [0.11558767364361404, 0.4898942552872356, 0.18647723677777459]
     [0.10255227604611661, 0.7167016649167541, 0.1628656063961347]
     [0.09934661324746322, 0.6603982300884956, 0.22285812890052054]

Gen: 52
     [0.09919343583738686, 0.6767849107544622, 0.17970914459367482]
     [0.09185879085156429, 0.7289260536973151, 0.2535733801156136]
     [0.09016618047022061, 1.0, 0.3128181530585833]
     [0.09143670198824279, 0.8812246887655617, 0.24407312607249337]
     [0.09074995659973381, 0.8290835458227088, 0.27083872575805507]
     [0.11853293484513763, 0.7167016649167541, 0.16041145398943565]
     [0.09354374236240413, 0.6767849107544622, 0.18457910327571828]
     [0.10138217083025561, 0.5543722813859308, 0.1945299243622559]
     [0.09246979852064661, 0.6790160491975401, 0.2035508517634427]
     [0.10148514008925137, 0.7684303284835758, 0.17525140682369408]
     [0.09124523022564734, 1.0, 0.24257762694966112]
     [0.0934271573336238, 0.6767849107544622, 0.1967923461121816]
     [0.09310293181562886, 0.8812246887655617, 0.20317697698273465]
     [0.11558767364361404, 0.4898942552872356, 0.18647723677777459]
     [0.10255227604611661, 0.7167016649167541, 0.1628656063961347]
     [0.09934661324746322, 0.6603982300884956, 0.22285812890052054]

Gen: 53
     [0.09919343583738686, 0.6767849107544622, 0.17970914459367482]
     [0.09185879085156429, 0.7289260536973151, 0.2535733801156136]
     [0.09016618047022061, 1.0, 0.3128181530585833]
     [0.09143670198824279, 0.8812246887655617, 0.24407312607249337]
     [0.09074995659973381, 0.8290835458227088, 0.27083872575805507]
     [0.11853293484513763, 0.7167016649167541, 0.16041145398943565]
     [0.09354374236240413, 0.6767849107544622, 0.18457910327571828]
     [0.10138217083025561, 0.5543722813859308, 0.1945299243622559]
     [0.09246979852064661, 0.6790160491975401, 0.2035508517634427]
     [0.10148514008925137, 0.7684303284835758, 0.17525140682369408]
     [0.09124523022564734, 1.0, 0.24257762694966112]
     [0.0934271573336238, 0.6767849107544622, 0.1967923461121816]
     [0.09310293181562886, 0.8812246887655617, 0.20317697698273465]
     [0.11558767364361404, 0.4898942552872356, 0.18647723677777459]
     [0.10255227604611661, 0.7167016649167541, 0.1628656063961347]
     [0.09934661324746322, 0.6603982300884956, 0.22285812890052054]

Gen: 54
     [0.09919343583738686, 0.6767849107544622, 0.17970914459367482]
     [0.09185879085156429, 0.7289260536973151, 0.2535733801156136]
     [0.09016618047022061, 1.0, 0.3128181530585833]
     [0.09143670198824279, 0.8812246887655617, 0.24407312607249337]
     [0.09074995659973381, 0.8290835458227088, 0.27083872575805507]
     [0.11853293484513763, 0.7167016649167541, 0.16041145398943565]
     [0.09354374236240413, 0.6767849107544622, 0.18457910327571828]
     [0.10138217083025561, 0.5543722813859308, 0.1945299243622559]
     [0.09246979852064661, 0.6790160491975401, 0.2035508517634427]
     [0.10148514008925137, 0.7684303284835758, 0.17525140682369408]
     [0.09124523022564734, 1.0, 0.24257762694966112]
     [0.0934271573336238, 0.6767849107544622, 0.1967923461121816]
     [0.09310293181562886, 0.8812246887655617, 0.20317697698273465]
     [0.11558767364361404, 0.4898942552872356, 0.18647723677777459]
     [0.10255227604611661, 0.7167016649167541, 0.1628656063961347]
     [0.09934661324746322, 0.6603982300884956, 0.22285812890052054]

Gen: 55
     [0.09919343583738686, 0.6767849107544622, 0.17970914459367482]
     [0.09185879085156429, 0.7289260536973151, 0.2535733801156136]
     [0.09016618047022061, 1.0, 0.3128181530585833]
     [0.09074995659973381, 0.8290835458227088, 0.27083872575805507]
     [0.11853293484513763, 0.7167016649167541, 0.16041145398943565]
     [0.09354374236240413, 0.6767849107544622, 0.18457910327571828]
     [0.10138217083025561, 0.5543722813859308, 0.1945299243622559]
     [0.09246979852064661, 0.6790160491975401, 0.2035508517634427]
     [0.10148514008925137, 0.7684303284835758, 0.17525140682369408]
     [0.0934271573336238, 0.6767849107544622, 0.1967923461121816]
     [0.09029978521123165, 0.8313146842657867, 0.23462080469356647]
     [0.09310293181562886, 0.8812246887655617, 0.20317697698273465]
     [0.11558767364361404, 0.4898942552872356, 0.18647723677777459]
     [0.10255227604611661, 0.7167016649167541, 0.1628656063961347]
     [0.09934661324746322, 0.6603982300884956, 0.22285812890052054]

Gen: 56
     [0.09919343583738686, 0.6767849107544622, 0.17970914459367482]
     [0.09185879085156429, 0.7289260536973151, 0.2535733801156136]
     [0.09016618047022061, 1.0, 0.3128181530585833]
     [0.11853293484513763, 0.7167016649167541, 0.16041145398943565]
     [0.09354374236240413, 0.6767849107544622, 0.18457910327571828]
     [0.10138217083025561, 0.5543722813859308, 0.1945299243622559]
     [0.09246979852064661, 0.6790160491975401, 0.2035508517634427]
     [0.10148514008925137, 0.7684303284835758, 0.17525140682369408]
     [0.0934271573336238, 0.6767849107544622, 0.1967923461121816]
     [0.09310293181562886, 0.8812246887655617, 0.20317697698273465]
     [0.09018575313928592, 0.8290835458227088, 0.20326325577828266]
     [0.11558767364361404, 0.4898942552872356, 0.18647723677777459]
     [0.10255227604611661, 0.7167016649167541, 0.1628656063961347]
     [0.09934661324746322, 0.6603982300884956, 0.22285812890052054]

Gen: 57
     [0.09919343583738686, 0.6767849107544622, 0.17970914459367482]
     [0.09185879085156429, 0.7289260536973151, 0.2535733801156136]
     [0.09016618047022061, 1.0, 0.3128181530585833]
     [0.11853293484513763, 0.7167016649167541, 0.16041145398943565]
     [0.09354374236240413, 0.6767849107544622, 0.18457910327571828]
     [0.10138217083025561, 0.5543722813859308, 0.1945299243622559]
     [0.09246979852064661, 0.6790160491975401, 0.2035508517634427]
     [0.10148514008925137, 0.7684303284835758, 0.17525140682369408]
     [0.09999421329784156, 0.6585795710214489, 0.22888805805604287]
     [0.0934271573336238, 0.6767849107544622, 0.1967923461121816]
     [0.09310293181562886, 0.8812246887655617, 0.20317697698273465]
     [0.09018575313928592, 0.8290835458227088, 0.20326325577828266]
     [0.11558767364361404, 0.4898942552872356, 0.18647723677777459]
     [0.10255227604611661, 0.7167016649167541, 0.1628656063961347]
     [0.09934661324746322, 0.6603982300884956, 0.22285812890052054]

Gen: 58
     [0.09919343583738686, 0.6767849107544622, 0.17970914459367482]
     [0.09185879085156429, 0.7289260536973151, 0.2535733801156136]
     [0.09016618047022061, 1.0, 0.3128181530585833]
     [0.11853293484513763, 0.7167016649167541, 0.16041145398943565]
     [0.09354374236240413, 0.6767849107544622, 0.18457910327571828]
     [0.10138217083025561, 0.5543722813859308, 0.1945299243622559]
     [0.09246979852064661, 0.6790160491975401, 0.2035508517634427]
     [0.10148514008925137, 0.7684303284835758, 0.17525140682369408]
     [0.09999421329784156, 0.6585795710214489, 0.22888805805604287]
     [0.0934271573336238, 0.6767849107544622, 0.1967923461121816]
     [0.09310293181562886, 0.8812246887655617, 0.20317697698273465]
     [0.09018575313928592, 0.8290835458227088, 0.20326325577828266]
     [0.11558767364361404, 0.4898942552872356, 0.18647723677777459]
     [0.10255227604611661, 0.7167016649167541, 0.1628656063961347]
     [0.09934661324746322, 0.6603982300884956, 0.22285812890052054]

Gen: 59
     [0.09919343583738686, 0.6767849107544622, 0.17970914459367482]
     [0.09185879085156429, 0.7289260536973151, 0.2535733801156136]
     [0.09016618047022061, 1.0, 0.3128181530585833]
     [0.11853293484513763, 0.7167016649167541, 0.16041145398943565]
     [0.09354374236240413, 0.6767849107544622, 0.18457910327571828]
     [0.10138217083025561, 0.5543722813859308, 0.1945299243622559]
     [0.09246979852064661, 0.6790160491975401, 0.2035508517634427]
     [0.10148514008925137, 0.7684303284835758, 0.17525140682369408]
     [0.09999421329784156, 0.6585795710214489, 0.22888805805604287]
     [0.0934271573336238, 0.6767849107544622, 0.1967923461121816]
     [0.09310293181562886, 0.8812246887655617, 0.20317697698273465]
     [0.09018575313928592, 0.8290835458227088, 0.20326325577828266]
     [0.11558767364361404, 0.4898942552872356, 0.18647723677777459]
     [0.10255227604611661, 0.7167016649167541, 0.1628656063961347]
     [0.09934661324746322, 0.6603982300884956, 0.22285812890052054]

Gen: 60
     [0.09919343583738686, 0.6767849107544622, 0.17970914459367482]
     [0.09185879085156429, 0.7289260536973151, 0.2535733801156136]
     [0.09016618047022061, 1.0, 0.3128181530585833]
     [0.11853293484513763, 0.7167016649167541, 0.16041145398943565]
     [0.09354374236240413, 0.6767849107544622, 0.18457910327571828]
     [0.10138217083025561, 0.5543722813859308, 0.1945299243622559]
     [0.09246979852064661, 0.6790160491975401, 0.2035508517634427]
     [0.10148514008925137, 0.7684303284835758, 0.17525140682369408]
     [0.09999421329784156, 0.6585795710214489, 0.22888805805604287]
     [0.0934271573336238, 0.6767849107544622, 0.1967923461121816]
     [0.09310293181562886, 0.8812246887655617, 0.20317697698273465]
     [0.09018575313928592, 0.8290835458227088, 0.20326325577828266]
     [0.11558767364361404, 0.4898942552872356, 0.18647723677777459]
     [0.10255227604611661, 0.7167016649167541, 0.1628656063961347]
     [0.09934661324746322, 0.6603982300884956, 0.22285812890052054]

Gen: 61
     [0.09919343583738686, 0.6767849107544622, 0.17970914459367482]
     [0.09185879085156429, 0.7289260536973151, 0.2535733801156136]
     [0.09016618047022061, 1.0, 0.3128181530585833]
     [0.11853293484513763, 0.7167016649167541, 0.16041145398943565]
     [0.09354374236240413, 0.6767849107544622, 0.18457910327571828]
     [0.10138217083025561, 0.5543722813859308, 0.1945299243622559]
     [0.09246979852064661, 0.6790160491975401, 0.2035508517634427]
     [0.10148514008925137, 0.7684303284835758, 0.17525140682369408]
     [0.09999421329784156, 0.6585795710214489, 0.22888805805604287]
     [0.0934271573336238, 0.6767849107544622, 0.1967923461121816]
     [0.09310293181562886, 0.8812246887655617, 0.20317697698273465]
     [0.09018575313928592, 0.8290835458227088, 0.20326325577828266]
     [0.11558767364361404, 0.4898942552872356, 0.18647723677777459]
     [0.10255227604611661, 0.7167016649167541, 0.1628656063961347]
     [0.09934661324746322, 0.6603982300884956, 0.22285812890052054]

Gen: 62
     [0.09919343583738686, 0.6767849107544622, 0.17970914459367482]
     [0.09185879085156429, 0.7289260536973151, 0.2535733801156136]
     [0.09016618047022061, 1.0, 0.3128181530585833]
     [0.11853293484513763, 0.7167016649167541, 0.16041145398943565]
     [0.09354374236240413, 0.6767849107544622, 0.18457910327571828]
     [0.10138217083025561, 0.5543722813859308, 0.1945299243622559]
     [0.09246979852064661, 0.6790160491975401, 0.2035508517634427]
     [0.10148514008925137, 0.7684303284835758, 0.17525140682369408]
     [0.09999421329784156, 0.6585795710214489, 0.22888805805604287]
     [0.0934271573336238, 0.6767849107544622, 0.1967923461121816]
     [0.09310293181562886, 0.8812246887655617, 0.20317697698273465]
     [0.09018575313928592, 0.8290835458227088, 0.20326325577828266]
     [0.11558767364361404, 0.4898942552872356, 0.18647723677777459]
     [0.10255227604611661, 0.7167016649167541, 0.1628656063961347]
     [0.09934661324746322, 0.6603982300884956, 0.22285812890052054]

Gen: 63
     [0.09919343583738686, 0.6767849107544622, 0.17970914459367482]
     [0.09185879085156429, 0.7289260536973151, 0.2535733801156136]
     [0.09016618047022061, 1.0, 0.3128181530585833]
     [0.11853293484513763, 0.7167016649167541, 0.16041145398943565]
     [0.09354374236240413, 0.6767849107544622, 0.18457910327571828]
     [0.10138217083025561, 0.5543722813859308, 0.1945299243622559]
     [0.09246979852064661, 0.6790160491975401, 0.2035508517634427]
     [0.10148514008925137, 0.7684303284835758, 0.17525140682369408]
     [0.09999421329784156, 0.6585795710214489, 0.22888805805604287]
     [0.0934271573336238, 0.6767849107544622, 0.1967923461121816]
     [0.11312492128383093, 0.552553622318884, 0.16276015453490936]
     [0.09310293181562886, 0.8812246887655617, 0.20317697698273465]
     [0.09018575313928592, 0.8290835458227088, 0.20326325577828266]
     [0.11558767364361404, 0.4898942552872356, 0.18647723677777459]
     [0.10255227604611661, 0.7167016649167541, 0.1628656063961347]
     [0.09934661324746322, 0.6603982300884956, 0.22285812890052054]

Gen: 64
     [0.09919343583738686, 0.6767849107544622, 0.17970914459367482]
     [0.09185879085156429, 0.7289260536973151, 0.2535733801156136]
     [0.09016618047022061, 1.0, 0.3128181530585833]
     [0.11853293484513763, 0.7167016649167541, 0.16041145398943565]
     [0.09354374236240413, 0.6767849107544622, 0.18457910327571828]
     [0.10138217083025561, 0.5543722813859308, 0.1945299243622559]
     [0.09246979852064661, 0.6790160491975401, 0.2035508517634427]
     [0.10148514008925137, 0.7684303284835758, 0.17525140682369408]
     [0.09999421329784156, 0.6585795710214489, 0.22888805805604287]
     [0.0934271573336238, 0.6767849107544622, 0.1967923461121816]
     [0.11312492128383093, 0.552553622318884, 0.16276015453490936]
     [0.09310293181562886, 0.8812246887655617, 0.20317697698273465]
     [0.09018575313928592, 0.8290835458227088, 0.20326325577828266]
     [0.11558767364361404, 0.4898942552872356, 0.18647723677777459]
     [0.10255227604611661, 0.7167016649167541, 0.1628656063961347]
     [0.09934661324746322, 0.6603982300884956, 0.22285812890052054]

Gen: 65
     [0.09919343583738686, 0.6767849107544622, 0.17970914459367482]
     [0.09185879085156429, 0.7289260536973151, 0.2535733801156136]
     [0.09016618047022061, 1.0, 0.3128181530585833]
     [0.09354374236240413, 0.6767849107544622, 0.18457910327571828]
     [0.10138217083025561, 0.5543722813859308, 0.1945299243622559]
     [0.09246979852064661, 0.6790160491975401, 0.2035508517634427]
     [0.10148514008925137, 0.7684303284835758, 0.17525140682369408]
     [0.09999421329784156, 0.6585795710214489, 0.22888805805604287]
     [0.0934271573336238, 0.6767849107544622, 0.1967923461121816]
     [0.10447295057135174, 0.5644030298485075, 0.15090161341347674]
     [0.11312492128383093, 0.552553622318884, 0.16276015453490936]
     [0.09310293181562886, 0.8812246887655617, 0.20317697698273465]
     [0.09018575313928592, 0.8290835458227088, 0.20326325577828266]
     [0.11558767364361404, 0.4898942552872356, 0.18647723677777459]
     [0.10255227604611661, 0.7167016649167541, 0.1628656063961347]
     [0.09934661324746322, 0.6603982300884956, 0.22285812890052054]

Gen: 66
     [0.09919343583738686, 0.6767849107544622, 0.17970914459367482]
     [0.09185879085156429, 0.7289260536973151, 0.2535733801156136]
     [0.09016618047022061, 1.0, 0.3128181530585833]
     [0.09354374236240413, 0.6767849107544622, 0.18457910327571828]
     [0.10138217083025561, 0.5543722813859308, 0.1945299243622559]
     [0.09246979852064661, 0.6790160491975401, 0.2035508517634427]
     [0.10148514008925137, 0.7684303284835758, 0.17525140682369408]
     [0.09999421329784156, 0.6585795710214489, 0.22888805805604287]
     [0.0934271573336238, 0.6767849107544622, 0.1967923461121816]
     [0.10447295057135174, 0.5644030298485075, 0.15090161341347674]
     [0.11142465203198344, 0.40248612569371534, 0.17731251138400775]
     [0.09742253477978194, 0.7289260536973151, 0.17968997152799748]
     [0.11312492128383093, 0.552553622318884, 0.16276015453490936]
     [0.09310293181562886, 0.8812246887655617, 0.20317697698273465]
     [0.09018575313928592, 0.8290835458227088, 0.20326325577828266]
     [0.10255227604611661, 0.7167016649167541, 0.1628656063961347]
     [0.09934661324746322, 0.6603982300884956, 0.22285812890052054]

Gen: 67
     [0.09919343583738686, 0.6767849107544622, 0.17970914459367482]
     [0.09185879085156429, 0.7289260536973151, 0.2535733801156136]
     [0.09016618047022061, 1.0, 0.3128181530585833]
     [0.09354374236240413, 0.6767849107544622, 0.18457910327571828]
     [0.10138217083025561, 0.5543722813859308, 0.1945299243622559]
     [0.09246979852064661, 0.6790160491975401, 0.2035508517634427]
     [0.10148514008925137, 0.7684303284835758, 0.17525140682369408]
     [0.09999421329784156, 0.6585795710214489, 0.22888805805604287]
     [0.0934271573336238, 0.6767849107544622, 0.1967923461121816]
     [0.10447295057135174, 0.5644030298485075, 0.15090161341347674]
     [0.11142465203198344, 0.40248612569371534, 0.17731251138400775]
     [0.09742253477978194, 0.7289260536973151, 0.17968997152799748]
     [0.11312492128383093, 0.552553622318884, 0.16276015453490936]
     [0.09310293181562886, 0.8812246887655617, 0.20317697698273465]
     [0.09018575313928592, 0.8290835458227088, 0.20326325577828266]
     [0.10255227604611661, 0.7167016649167541, 0.1628656063961347]
     [0.09934661324746322, 0.6603982300884956, 0.22285812890052054]

Gen: 68
     [0.09919343583738686, 0.6767849107544622, 0.17970914459367482]
     [0.09185879085156429, 0.7289260536973151, 0.2535733801156136]
     [0.09016618047022061, 1.0, 0.3128181530585833]
     [0.09354374236240413, 0.6767849107544622, 0.18457910327571828]
     [0.10138217083025561, 0.5543722813859308, 0.1945299243622559]
     [0.09246979852064661, 0.6790160491975401, 0.2035508517634427]
     [0.10148514008925137, 0.7684303284835758, 0.17525140682369408]
     [0.09999421329784156, 0.6585795710214489, 0.22888805805604287]
     [0.0934271573336238, 0.6767849107544622, 0.1967923461121816]
     [0.10447295057135174, 0.5644030298485075, 0.15090161341347674]
     [0.11142465203198344, 0.40248612569371534, 0.17731251138400775]
     [0.09742253477978194, 0.7289260536973151, 0.17968997152799748]
     [0.11312492128383093, 0.552553622318884, 0.16276015453490936]
     [0.09310293181562886, 0.8812246887655617, 0.20317697698273465]
     [0.09018575313928592, 0.8290835458227088, 0.20326325577828266]
     [0.10255227604611661, 0.7167016649167541, 0.1628656063961347]
     [0.09934661324746322, 0.6603982300884956, 0.22285812890052054]

Gen: 69
     [0.09919343583738686, 0.6767849107544622, 0.17970914459367482]
     [0.09185879085156429, 0.7289260536973151, 0.2535733801156136]
     [0.09016618047022061, 1.0, 0.3128181530585833]
     [0.09354374236240413, 0.6767849107544622, 0.18457910327571828]
     [0.10138217083025561, 0.5543722813859308, 0.1945299243622559]
     [0.09246979852064661, 0.6790160491975401, 0.2035508517634427]
     [0.10148514008925137, 0.7684303284835758, 0.17525140682369408]
     [0.09999421329784156, 0.6585795710214489, 0.22888805805604287]
     [0.0934271573336238, 0.6767849107544622, 0.1967923461121816]
     [0.10447295057135174, 0.5644030298485075, 0.15090161341347674]
     [0.11142465203198344, 0.40248612569371534, 0.17731251138400775]
     [0.09742253477978194, 0.7289260536973151, 0.17968997152799748]
     [0.11312492128383093, 0.552553622318884, 0.16276015453490936]
     [0.09310293181562886, 0.8812246887655617, 0.20317697698273465]
     [0.09018575313928592, 0.8290835458227088, 0.20326325577828266]
     [0.10255227604611661, 0.7167016649167541, 0.1628656063961347]
     [0.09934661324746322, 0.6603982300884956, 0.22285812890052054]

Gen: 70
     [0.09919343583738686, 0.6767849107544622, 0.17970914459367482]
     [0.09185879085156429, 0.7289260536973151, 0.2535733801156136]
     [0.09016618047022061, 1.0, 0.3128181530585833]
     [0.09354374236240413, 0.6767849107544622, 0.18457910327571828]
     [0.10138217083025561, 0.5543722813859308, 0.1945299243622559]
     [0.09246979852064661, 0.6790160491975401, 0.2035508517634427]
     [0.10148514008925137, 0.7684303284835758, 0.17525140682369408]
     [0.09999421329784156, 0.6585795710214489, 0.22888805805604287]
     [0.0934271573336238, 0.6767849107544622, 0.1967923461121816]
     [0.10447295057135174, 0.5644030298485075, 0.15090161341347674]
     [0.11142465203198344, 0.40248612569371534, 0.17731251138400775]
     [0.09742253477978194, 0.7289260536973151, 0.17968997152799748]
     [0.11312492128383093, 0.552553622318884, 0.16276015453490936]
     [0.09310293181562886, 0.8812246887655617, 0.20317697698273465]
     [0.09018575313928592, 0.8290835458227088, 0.20326325577828266]
     [0.10255227604611661, 0.7167016649167541, 0.1628656063961347]
     [0.09934661324746322, 0.6603982300884956, 0.22285812890052054]

Gen: 71
     [0.09919343583738686, 0.6767849107544622, 0.17970914459367482]
     [0.09185879085156429, 0.7289260536973151, 0.2535733801156136]
     [0.09016618047022061, 1.0, 0.3128181530585833]
     [0.09708894842006012, 0.5602407379631018, 0.19738671114817904]
     [0.09354374236240413, 0.6767849107544622, 0.18457910327571828]
     [0.10138217083025561, 0.5543722813859308, 0.1945299243622559]
     [0.09246979852064661, 0.6790160491975401, 0.2035508517634427]
     [0.10148514008925137, 0.7684303284835758, 0.17525140682369408]
     [0.0934271573336238, 0.6767849107544622, 0.1967923461121816]
     [0.10447295057135174, 0.5644030298485075, 0.15090161341347674]
     [0.11142465203198344, 0.40248612569371534, 0.17731251138400775]
     [0.09742253477978194, 0.7289260536973151, 0.17968997152799748]
     [0.11312492128383093, 0.552553622318884, 0.16276015453490936]
     [0.09310293181562886, 0.8812246887655617, 0.20317697698273465]
     [0.09018575313928592, 0.8290835458227088, 0.20326325577828266]
     [0.10255227604611661, 0.7167016649167541, 0.1628656063961347]

Gen: 72
     [0.09919343583738686, 0.6767849107544622, 0.17970914459367482]
     [0.09185879085156429, 0.7289260536973151, 0.2535733801156136]
     [0.09016618047022061, 1.0, 0.3128181530585833]
     [0.09708894842006012, 0.5602407379631018, 0.19738671114817904]
     [0.09354374236240413, 0.6767849107544622, 0.18457910327571828]
     [0.10138217083025561, 0.5543722813859308, 0.1945299243622559]
     [0.09246979852064661, 0.6790160491975401, 0.2035508517634427]
     [0.10148514008925137, 0.7684303284835758, 0.17525140682369408]
     [0.0934271573336238, 0.6767849107544622, 0.1967923461121816]
     [0.10447295057135174, 0.5644030298485075, 0.15090161341347674]
     [0.11142465203198344, 0.40248612569371534, 0.17731251138400775]
     [0.09742253477978194, 0.7289260536973151, 0.17968997152799748]
     [0.11312492128383093, 0.552553622318884, 0.16276015453490936]
     [0.09310293181562886, 0.8812246887655617, 0.20317697698273465]
     [0.09018575313928592, 0.8290835458227088, 0.20326325577828266]
     [0.10255227604611661, 0.7167016649167541, 0.1628656063961347]

