0.1757787196348784, 0.3249510011310752, 0.060880622770364184     
0.12873204954973624, 0.4960023830286913, 0.07235961631975076     
0.184164247878157, 0.39814279176991685, 0.06257181094839939     
0.17848271005367322, 0.3654236351548537, 0.06106136043824581     
0.17848271005367322, 0.3654236351548537, 0.06106136043824581     
0.1923981947607324, 0.3326051856776522, 0.05855254947693658     
0.1757787196348784, 0.3249510011310752, 0.060880622770364184     
0.1923981947607324, 0.3326051856776522, 0.05855254947693658     
0.184164247878157, 0.39814279176991685, 0.06257181094839939     
0.12873204954973624, 0.4960023830286913, 0.07235961631975076     
0.184164247878157, 0.39814279176991685, 0.06257181094839939     
0.13107524475060722, 0.49713345824087585, 0.0688244736015423     
0.17405369217062536, 0.4053868536250529, 0.06131740546774478     
0.15906529564483857, 0.3899014842124349, 0.06116679074451009     
0.1757787196348784, 0.3249510011310752, 0.060880622770364184     
0.12873204954973624, 0.4960023830286913, 0.07235961631975076     
0.17848271005367322, 0.3654236351548537, 0.06106136043824581     
0.16301864806005464, 0.4812077465700792, 0.06541412593972828     
0.17405369217062536, 0.4053868536250529, 0.06131740546774478     
0.13107524475060722, 0.49713345824087585, 0.0688244736015423
