Gen: 1
     [0.13778854216365213, 0.45554110971978407, 0.0658006892100873]
     [0.10677030910448305, 0.5565913952081099, 0.09972541188217673]
     [0.09895749952051636, 0.586925653208074, 0.10192637872459603]
     [0.10989606696603353, 0.6331789559455265, 0.09107071100666074]
     [0.10631539404045415, 0.6547718190369487, 0.0956035459006612]
     [0.09282961925035704, 0.8121229187511608, 0.12898944266527038]
     [0.1121452811676259, 0.5300017374945328, 0.07853768128295362]
     [0.09807144544110118, 0.7450076988981889, 0.11181703055173338]
     [0.1258735716538778, 0.5296961781111637, 0.0819928643619936]
     [0.12375433318486512, 0.49680360919554, 0.08291221704029322]

Gen: 2
     [0.13778854216365213, 0.45554110971978407, 0.0658006892100873]
     [0.10677030910448305, 0.5565913952081099, 0.09972541188217673]
     [0.09895749952051636, 0.586925653208074, 0.10192637872459603]
     [0.10989606696603353, 0.6331789559455265, 0.09107071100666074]
     [0.10631539404045415, 0.6547718190369487, 0.0956035459006612]
     [0.09282961925035704, 0.8121229187511608, 0.12898944266527038]
     [0.1121452811676259, 0.5300017374945328, 0.07853768128295362]
     [0.09807144544110118, 0.7450076988981889, 0.11181703055173338]
     [0.1258735716538778, 0.5296961781111637, 0.0819928643619936]
     [0.12375433318486512, 0.49680360919554, 0.08291221704029322]

Gen: 3
     [0.13778854216365213, 0.45554110971978407, 0.0658006892100873]
     [0.10677030910448305, 0.5565913952081099, 0.09972541188217673]
     [0.09895749952051636, 0.586925653208074, 0.10192637872459603]
     [0.10989606696603353, 0.6331789559455265, 0.09107071100666074]
     [0.10631539404045415, 0.6547718190369487, 0.0956035459006612]
     [0.09282961925035704, 0.8121229187511608, 0.12898944266527038]
     [0.1121452811676259, 0.5300017374945328, 0.07853768128295362]
     [0.09807144544110118, 0.7450076988981889, 0.11181703055173338]
     [0.10928422998096331, 0.6774970492549743, 0.09092763294083266]
     [0.1258735716538778, 0.5296961781111637, 0.0819928643619936]
     [0.12982515093828215, 0.5635713301419353, 0.07754831167882323]
     [0.12375433318486512, 0.49680360919554, 0.08291221704029322]

Gen: 4
     [0.13778854216365213, 0.45554110971978407, 0.0658006892100873]
     [0.10677030910448305, 0.5565913952081099, 0.09972541188217673]
     [0.09895749952051636, 0.586925653208074, 0.10192637872459603]
     [0.10989606696603353, 0.6331789559455265, 0.09107071100666074]
     [0.10631539404045415, 0.6547718190369487, 0.0956035459006612]
     [0.09282961925035704, 0.8121229187511608, 0.12898944266527038]
     [0.1121452811676259, 0.5300017374945328, 0.07853768128295362]
     [0.09807144544110118, 0.7450076988981889, 0.11181703055173338]
     [0.10928422998096331, 0.6774970492549743, 0.09092763294083266]
     [0.1258735716538778, 0.5296961781111637, 0.0819928643619936]
     [0.1321139918876122, 0.5257298974878225, 0.07311289163815253]
     [0.12982515093828215, 0.5635713301419353, 0.07754831167882323]
     [0.12375433318486512, 0.49680360919554, 0.08291221704029322]
     [0.0951374810386012, 0.7654502207816329, 0.13188144612349767]

Gen: 5
     [0.12319321843689916, 0.5148615696166129, 0.08393507300025571]
     [0.13778854216365213, 0.45554110971978407, 0.0658006892100873]
     [0.10677030910448305, 0.5565913952081099, 0.09972541188217673]
     [0.09895749952051636, 0.586925653208074, 0.10192637872459603]
     [0.10989606696603353, 0.6331789559455265, 0.09107071100666074]
     [0.10631539404045415, 0.6547718190369487, 0.0956035459006612]
     [0.09282961925035704, 0.8121229187511608, 0.12898944266527038]
     [0.1121452811676259, 0.5300017374945328, 0.07853768128295362]
     [0.09807144544110118, 0.7450076988981889, 0.11181703055173338]
     [0.10928422998096331, 0.6774970492549743, 0.09092763294083266]
     [0.1258735716538778, 0.5296961781111637, 0.0819928643619936]
     [0.1321139918876122, 0.5257298974878225, 0.07311289163815253]
     [0.11879306436810395, 0.5254243381044533, 0.08830960875759532]
     [0.12982515093828215, 0.5635713301419353, 0.07754831167882323]
     [0.12375433318486512, 0.49680360919554, 0.08291221704029322]
     [0.0951374810386012, 0.7654502207816329, 0.13188144612349767]

Gen: 6
     [0.12319321843689916, 0.5148615696166129, 0.08393507300025571]
     [0.13778854216365213, 0.45554110971978407, 0.0658006892100873]
     [0.10677030910448305, 0.5565913952081099, 0.09972541188217673]
     [0.09895749952051636, 0.586925653208074, 0.10192637872459603]
     [0.10989606696603353, 0.6331789559455265, 0.09107071100666074]
     [0.10631539404045415, 0.6547718190369487, 0.0956035459006612]
     [0.09282961925035704, 0.8121229187511608, 0.12898944266527038]
     [0.1121452811676259, 0.5300017374945328, 0.07853768128295362]
     [0.09807144544110118, 0.7450076988981889, 0.11181703055173338]
     [0.11312009916197353, 0.5263589903359356, 0.07639151029553232]
     [0.10928422998096331, 0.6774970492549743, 0.09092763294083266]
     [0.1321139918876122, 0.5257298974878225, 0.07311289163815253]
     [0.11879306436810395, 0.5254243381044533, 0.08830960875759532]
     [0.12375433318486512, 0.49680360919554, 0.08291221704029322]
     [0.0951374810386012, 0.7654502207816329, 0.13188144612349767]

Gen: 7
     [0.12319321843689916, 0.5148615696166129, 0.08393507300025571]
     [0.13778854216365213, 0.45554110971978407, 0.0658006892100873]
     [0.10677030910448305, 0.5565913952081099, 0.09972541188217673]
     [0.09895749952051636, 0.586925653208074, 0.10192637872459603]
     [0.10989606696603353, 0.6331789559455265, 0.09107071100666074]
     [0.10631539404045415, 0.6547718190369487, 0.0956035459006612]
     [0.09282961925035704, 0.8121229187511608, 0.12898944266527038]
     [0.1121452811676259, 0.5300017374945328, 0.07853768128295362]
     [0.09807144544110118, 0.7450076988981889, 0.11181703055173338]
     [0.11312009916197353, 0.5263589903359356, 0.07639151029553232]
     [0.10928422998096331, 0.6774970492549743, 0.09092763294083266]
     [0.1321139918876122, 0.5257298974878225, 0.07311289163815253]
     [0.11879306436810395, 0.5254243381044533, 0.08830960875759532]
     [0.12375433318486512, 0.49680360919554, 0.08291221704029322]
     [0.0951374810386012, 0.7654502207816329, 0.13188144612349767]

Gen: 8
     [0.12319321843689916, 0.5148615696166129, 0.08393507300025571]
     [0.13778854216365213, 0.45554110971978407, 0.0658006892100873]
     [0.10677030910448305, 0.5565913952081099, 0.09972541188217673]
     [0.09895749952051636, 0.586925653208074, 0.10192637872459603]
     [0.10989606696603353, 0.6331789559455265, 0.09107071100666074]
     [0.10631539404045415, 0.6547718190369487, 0.0956035459006612]
     [0.09282961925035704, 0.8121229187511608, 0.12898944266527038]
     [0.1121452811676259, 0.5300017374945328, 0.07853768128295362]
     [0.09807144544110118, 0.7450076988981889, 0.11181703055173338]
     [0.11312009916197353, 0.5263589903359356, 0.07639151029553232]
     [0.10928422998096331, 0.6774970492549743, 0.09092763294083266]
     [0.1321139918876122, 0.5257298974878225, 0.07311289163815253]
     [0.11879306436810395, 0.5254243381044533, 0.08830960875759532]
     [0.13251342950480832, 0.4714841198991055, 0.07610839837804269]
     [0.12375433318486512, 0.49680360919554, 0.08291221704029322]
     [0.0951374810386012, 0.7654502207816329, 0.13188144612349767]

Gen: 9
     [0.12319321843689916, 0.5148615696166129, 0.08393507300025571]
     [0.13778854216365213, 0.45554110971978407, 0.0658006892100873]
     [0.10677030910448305, 0.5565913952081099, 0.09972541188217673]
     [0.09895749952051636, 0.586925653208074, 0.10192637872459603]
     [0.10989606696603353, 0.6331789559455265, 0.09107071100666074]
     [0.10631539404045415, 0.6547718190369487, 0.0956035459006612]
     [0.09282961925035704, 0.8121229187511608, 0.12898944266527038]
     [0.1121452811676259, 0.5300017374945328, 0.07853768128295362]
     [0.09807144544110118, 0.7450076988981889, 0.11181703055173338]
     [0.11312009916197353, 0.5263589903359356, 0.07639151029553232]
     [0.10928422998096331, 0.6774970492549743, 0.09092763294083266]
     [0.1321139918876122, 0.5257298974878225, 0.07311289163815253]
     [0.11879306436810395, 0.5254243381044533, 0.08830960875759532]
     [0.13251342950480832, 0.4714841198991055, 0.07610839837804269]
     [0.12375433318486512, 0.49680360919554, 0.08291221704029322]
     [0.0951374810386012, 0.7654502207816329, 0.13188144612349767]

Gen: 10
     [0.12319321843689916, 0.5148615696166129, 0.08393507300025571]
     [0.13778854216365213, 0.45554110971978407, 0.0658006892100873]
     [0.10677030910448305, 0.5565913952081099, 0.09972541188217673]
     [0.09895749952051636, 0.586925653208074, 0.10192637872459603]
     [0.10989606696603353, 0.6331789559455265, 0.09107071100666074]
     [0.10631539404045415, 0.6547718190369487, 0.0956035459006612]
     [0.09282961925035704, 0.8121229187511608, 0.12898944266527038]
     [0.1121452811676259, 0.5300017374945328, 0.07853768128295362]
     [0.09807144544110118, 0.7450076988981889, 0.11181703055173338]
     [0.11312009916197353, 0.5263589903359356, 0.07639151029553232]
     [0.10928422998096331, 0.6774970492549743, 0.09092763294083266]
     [0.1321139918876122, 0.5257298974878225, 0.07311289163815253]
     [0.11879306436810395, 0.5254243381044533, 0.08830960875759532]
     [0.13251342950480832, 0.4714841198991055, 0.07610839837804269]
     [0.12375433318486512, 0.49680360919554, 0.08291221704029322]
     [0.11105316799997464, 0.6461083118143637, 0.08554241808019677]
     [0.0951374810386012, 0.7654502207816329, 0.13188144612349767]

Gen: 11
     [0.13778854216365213, 0.45554110971978407, 0.0658006892100873]
     [0.10677030910448305, 0.5565913952081099, 0.09972541188217673]
     [0.09895749952051636, 0.586925653208074, 0.10192637872459603]
     [0.10989606696603353, 0.6331789559455265, 0.09107071100666074]
     [0.10631539404045415, 0.6547718190369487, 0.0956035459006612]
     [0.137099036753016, 0.4255363765450221, 0.06704881701837488]
     [0.09282961925035704, 0.8121229187511608, 0.12898944266527038]
     [0.1121452811676259, 0.5300017374945328, 0.07853768128295362]
     [0.09807144544110118, 0.7450076988981889, 0.11181703055173338]
     [0.11312009916197353, 0.5263589903359356, 0.07639151029553232]
     [0.10928422998096331, 0.6774970492549743, 0.09092763294083266]
     [0.11245119966016101, 0.4865943309747344, 0.0793048232529255]
     [0.1321139918876122, 0.5257298974878225, 0.07311289163815253]
     [0.13251342950480832, 0.4714841198991055, 0.07610839837804269]
     [0.11105316799997464, 0.6461083118143637, 0.08554241808019677]
     [0.0951374810386012, 0.7654502207816329, 0.13188144612349767]

Gen: 12
     [0.13778854216365213, 0.45554110971978407, 0.0658006892100873]
     [0.10677030910448305, 0.5565913952081099, 0.09972541188217673]
     [0.09895749952051636, 0.586925653208074, 0.10192637872459603]
     [0.10989606696603353, 0.6331789559455265, 0.09107071100666074]
     [0.10631539404045415, 0.6547718190369487, 0.0956035459006612]
     [0.137099036753016, 0.4255363765450221, 0.06704881701837488]
     [0.09282961925035704, 0.8121229187511608, 0.12898944266527038]
     [0.1121452811676259, 0.5300017374945328, 0.07853768128295362]
     [0.09807144544110118, 0.7450076988981889, 0.11181703055173338]
     [0.12765202009234616, 0.4446548077671997, 0.0745497607247665]
     [0.11312009916197353, 0.5263589903359356, 0.07639151029553232]
     [0.10928422998096331, 0.6774970492549743, 0.09092763294083266]
     [0.11245119966016101, 0.4865943309747344, 0.0793048232529255]
     [0.1321139918876122, 0.5257298974878225, 0.07311289163815253]
     [0.11105316799997464, 0.6461083118143637, 0.08554241808019677]
     [0.0951374810386012, 0.7654502207816329, 0.13188144612349767]

Gen: 13
     [0.13778854216365213, 0.45554110971978407, 0.0658006892100873]
     [0.10677030910448305, 0.5565913952081099, 0.09972541188217673]
     [0.09895749952051636, 0.586925653208074, 0.10192637872459603]
     [0.1267089034961887, 0.42446392302300084, 0.06921934171912862]
     [0.10989606696603353, 0.6331789559455265, 0.09107071100666074]
     [0.10631539404045415, 0.6547718190369487, 0.0956035459006612]
     [0.137099036753016, 0.4255363765450221, 0.06704881701837488]
     [0.09282961925035704, 0.8121229187511608, 0.12898944266527038]
     [0.1121452811676259, 0.5300017374945328, 0.07853768128295362]
     [0.09807144544110118, 0.7450076988981889, 0.11181703055173338]
     [0.11005774409680338, 0.6297219409611341, 0.09739658804476213]
     [0.11312009916197353, 0.5263589903359356, 0.07639151029553232]
     [0.10928422998096331, 0.6774970492549743, 0.09092763294083266]
     [0.11245119966016101, 0.4865943309747344, 0.0793048232529255]
     [0.1261208425597611, 0.526071405033941, 0.07606577937971092]
     [0.11105316799997464, 0.6461083118143637, 0.08554241808019677]
     [0.0951374810386012, 0.7654502207816329, 0.13188144612349767]

Gen: 14
     [0.13778854216365213, 0.45554110971978407, 0.0658006892100873]
     [0.10677030910448305, 0.5565913952081099, 0.09972541188217673]
     [0.09895749952051636, 0.586925653208074, 0.10192637872459603]
     [0.0975245963223208, 0.6530762640272727, 0.0860081828476797]
     [0.1267089034961887, 0.42446392302300084, 0.06921934171912862]
     [0.10989606696603353, 0.6331789559455265, 0.09107071100666074]
     [0.137099036753016, 0.4255363765450221, 0.06704881701837488]
     [0.09282961925035704, 0.8121229187511608, 0.12898944266527038]
     [0.1121452811676259, 0.5300017374945328, 0.07853768128295362]
     [0.11005774409680338, 0.6297219409611341, 0.09739658804476213]
     [0.11312009916197353, 0.5263589903359356, 0.07639151029553232]
     [0.11245119966016101, 0.4865943309747344, 0.0793048232529255]
     [0.1261208425597611, 0.526071405033941, 0.07606577937971092]
     [0.11105316799997464, 0.6461083118143637, 0.08554241808019677]
     [0.0951374810386012, 0.7654502207816329, 0.13188144612349767]

Gen: 15
     [0.13778854216365213, 0.45554110971978407, 0.0658006892100873]
     [0.10677030910448305, 0.5565913952081099, 0.09972541188217673]
     [0.09895749952051636, 0.586925653208074, 0.10192637872459603]
     [0.0975245963223208, 0.6530762640272727, 0.0860081828476797]
     [0.1267089034961887, 0.42446392302300084, 0.06921934171912862]
     [0.10989606696603353, 0.6331789559455265, 0.09107071100666074]
     [0.137099036753016, 0.4255363765450221, 0.06704881701837488]
     [0.09282961925035704, 0.8121229187511608, 0.12898944266527038]
     [0.1121452811676259, 0.5300017374945328, 0.07853768128295362]
     [0.11005774409680338, 0.6297219409611341, 0.09739658804476213]
     [0.11312009916197353, 0.5263589903359356, 0.07639151029553232]
     [0.11245119966016101, 0.4865943309747344, 0.0793048232529255]
     [0.1261208425597611, 0.526071405033941, 0.07606577937971092]
     [0.11105316799997464, 0.6461083118143637, 0.08554241808019677]
     [0.0951374810386012, 0.7654502207816329, 0.13188144612349767]

Gen: 16
     [0.13778854216365213, 0.45554110971978407, 0.0658006892100873]
     [0.10677030910448305, 0.5565913952081099, 0.09972541188217673]
     [0.09895749952051636, 0.586925653208074, 0.10192637872459603]
     [0.0975245963223208, 0.6530762640272727, 0.0860081828476797]
     [0.1267089034961887, 0.42446392302300084, 0.06921934171912862]
     [0.10989606696603353, 0.6331789559455265, 0.09107071100666074]
     [0.137099036753016, 0.4255363765450221, 0.06704881701837488]
     [0.09282961925035704, 0.8121229187511608, 0.12898944266527038]
     [0.11170621680269208, 0.5004343736332209, 0.0732711907748134]
     [0.11005774409680338, 0.6297219409611341, 0.09739658804476213]
     [0.11245119966016101, 0.4865943309747344, 0.0793048232529255]
     [0.11105316799997464, 0.6461083118143637, 0.08554241808019677]
     [0.0951374810386012, 0.7654502207816329, 0.13188144612349767]

Gen: 17
     [0.13778854216365213, 0.45554110971978407, 0.0658006892100873]
     [0.10677030910448305, 0.5565913952081099, 0.09972541188217673]
     [0.09895749952051636, 0.586925653208074, 0.10192637872459603]
     [0.0975245963223208, 0.6530762640272727, 0.0860081828476797]
     [0.10989606696603353, 0.6331789559455265, 0.09107071100666074]
     [0.1157481450719384, 0.4173282127172617, 0.06846742081998952]
     [0.137099036753016, 0.4255363765450221, 0.06704881701837488]
     [0.09282961925035704, 0.8121229187511608, 0.12898944266527038]
     [0.11170621680269208, 0.5004343736332209, 0.0732711907748134]
     [0.11005774409680338, 0.6297219409611341, 0.09739658804476213]
     [0.11245119966016101, 0.4865943309747344, 0.0793048232529255]
     [0.11114668712463563, 0.5676634293348991, 0.09471159114986058]
     [0.10955844707530826, 0.6515604498313432, 0.08037334242538631]
     [0.11105316799997464, 0.6461083118143637, 0.08554241808019677]
     [0.0951374810386012, 0.7654502207816329, 0.13188144612349767]

