Gen: 1
     [0.16388412805288607, 1.0, 0.6509226997031875]
     [0.20759625390218522, 1.0, 0.43218479803845655]
     [0.1694237008018608, 1.0, 0.5799457994579946]
     [0.16981391932423334, 1.0, 0.5310362627435798]
     [0.18188773948705392, 1.0, 0.46902826171118855]

Gen: 2
     [0.16388412805288607, 1.0, 0.6509226997031875]
     [0.18098488094509396, 1.0, 0.5309717382888115]
     [0.20759625390218522, 1.0, 0.43218479803845655]
     [0.16145865213931565, 1.0, 0.7542263517873274]
     [0.1694237008018608, 1.0, 0.5799457994579946]
     [0.16981391932423334, 1.0, 0.5310362627435798]
     [0.18098488094509396, 1.0, 0.5309717382888115]
     [0.18188773948705392, 1.0, 0.46902826171118855]

Gen: 3
     [0.16388412805288607, 1.0, 0.6509226997031875]
     [0.20759625390218522, 1.0, 0.43218479803845655]
     [0.16145865213931565, 1.0, 0.7542263517873274]
     [0.1694237008018608, 1.0, 0.5799457994579946]
     [0.18098488094509396, 1.0, 0.5309717382888115]
     [0.16981391932423334, 1.0, 0.5310362627435798]
     [0.18188773948705392, 1.0, 0.46902826171118855]

Gen: 4
     [0.16388412805288607, 1.0, 0.6509226997031875]
     [0.20759625390218522, 1.0, 0.43218479803845655]
     [0.1694237008018608, 1.0, 0.4806426635694928]
     [0.16145865213931565, 1.0, 0.7542263517873274]
     [0.18188773948705392, 1.0, 0.46902826171118855]

Gen: 5
     [0.16981391932423334, 1.0, 0.42999096657633246]
     [0.16388412805288607, 1.0, 0.6509226997031875]
     [0.1694237008018608, 1.0, 0.4806426635694928]
     [0.16145865213931565, 1.0, 0.7542263517873274]

Gen: 6
     [0.16981391932423334, 1.0, 0.42999096657633246]
     [0.16388412805288607, 1.0, 0.6509226997031875]
     [0.1694237008018608, 1.0, 0.4806426635694928]
     [0.16388412805288607, 1.0, 0.6509226997031875]
     [0.16145865213931565, 1.0, 0.7542263517873274]

Gen: 7
     [0.16388412805288607, 1.0, 0.6526648599819331]
     [0.1694237008018608, 1.0, 0.4806426635694928]
     [0.16145865213931565, 1.0, 0.7542263517873274]
     [0.16981391932423334, 1.0, 0.42999096657633246]

Gen: 8
     [0.16388412805288607, 1.0, 0.6526648599819331]
     [0.1694237008018608, 1.0, 0.4806426635694928]
     [0.16145865213931565, 1.0, 0.7542263517873274]
     [0.16981391932423334, 1.0, 0.42999096657633246]

Gen: 9
     [0.16388412805288607, 1.0, 0.6526648599819331]
     [0.1694237008018608, 1.0, 0.4806426635694928]
     [0.16145865213931565, 1.0, 0.7542263517873274]
     [0.16981391932423334, 1.0, 0.42999096657633246]

Gen: 10
     [0.16981391932423334, 1.0, 0.42999096657633246]
     [0.16388412805288607, 1.0, 0.6526648599819331]
     [0.1694237008018608, 1.0, 0.4806426635694928]
     [0.16145865213931565, 1.0, 0.7542263517873274]
     [0.16981391932423334, 1.0, 0.42999096657633246]

Gen: 11
     [0.22027453020750443, 1.0, 0.4454123112659698]
     [0.1694237008018608, 1.0, 0.4806426635694928]
     [0.16145865213931565, 1.0, 0.7542263517873274]
     [0.21471965477137786, 1.0, 0.44760614272809396]
     [0.16388412805288607, 1.0, 0.6509226997031875]
     [0.18188773948705392, 1.0, 0.46902826171118855]

Gen: 12
     [0.22027453020750443, 1.0, 0.4454123112659698]
     [0.1694237008018608, 1.0, 0.4806426635694928]
     [0.16145865213931565, 1.0, 0.7542263517873274]
     [0.21471965477137786, 1.0, 0.44760614272809396]
     [0.16388412805288607, 1.0, 0.6509226997031875]
     [0.18188773948705392, 1.0, 0.46902826171118855]

Gen: 13
     [0.22027453020750443, 1.0, 0.4454123112659698]
     [0.1694237008018608, 1.0, 0.4806426635694928]
     [0.1694237008018608, 1.0, 0.4806426635694928]
     [0.16145865213931565, 1.0, 0.7542263517873274]
     [0.21471965477137786, 1.0, 0.44760614272809396]
     [0.16388412805288607, 1.0, 0.6509226997031875]
     [0.18188773948705392, 1.0, 0.46902826171118855]

Gen: 14
     [0.21471965477137786, 1.0, 0.44760614272809396]
     [0.22027453020750443, 1.0, 0.4454123112659698]
     [0.1694237008018608, 1.0, 0.5799457994579946]
     [0.16981391932423334, 1.0, 0.5292941024648342]
     [0.16145865213931565, 1.0, 0.7542263517873274]
     [0.21471965477137786, 1.0, 0.44760614272809396]
     [0.1694237008018608, 1.0, 0.5799457994579946]
     [0.17178031462324783, 1.0, 0.5193573364305072]
     [0.16388412805288607, 1.0, 0.6509226997031875]
     [0.18188773948705392, 1.0, 0.46902826171118855]

Gen: 15
     [0.16145865213931565, 1.0, 0.7542263517873274]
     [0.16981391932423334, 1.0, 0.42999096657633246]
     [0.16388412805288607, 1.0, 0.6509226997031875]
     [0.1694237008018608, 1.0, 0.5816879597367403]

Gen: 16
     [0.16145865213931565, 1.0, 0.7542263517873274]
     [0.16981391932423334, 1.0, 0.42999096657633246]
     [0.16388412805288607, 1.0, 0.6509226997031875]
     [0.1694237008018608, 1.0, 0.5816879597367403]

Gen: 17
     [0.16145865213931565, 1.0, 0.7542263517873274]
     [0.16981391932423334, 1.0, 0.42999096657633246]
     [0.16388412805288607, 1.0, 0.6509226997031875]
     [0.1694237008018608, 1.0, 0.5816879597367403]

Gen: 18
     [0.16145865213931565, 1.0, 0.7542263517873274]
     [0.16145865213931565, 1.0, 0.7542263517873274]
     [0.16981391932423334, 1.0, 0.42999096657633246]
     [0.16388412805288607, 1.0, 0.6509226997031875]
     [0.1694237008018608, 1.0, 0.5816879597367403]

Gen: 19
     [0.16981391932423334, 1.0, 0.42999096657633246]
     [0.16388412805288607, 1.0, 0.6509226997031875]
     [0.1694237008018608, 1.0, 0.5816879597367403]

Gen: 20
     [0.16981391932423334, 1.0, 0.42999096657633246]
     [0.16388412805288607, 1.0, 0.6509226997031875]
     [0.1694237008018608, 1.0, 0.5816879597367403]

Gen: 21
     [0.16981391932423334, 1.0, 0.42999096657633246]
     [0.16388412805288607, 1.0, 0.6509226997031875]
     [0.1694237008018608, 1.0, 0.5816879597367403]

Gen: 22
     [0.16145865213931565, 1.0, 0.7542263517873274]
     [0.16981391932423334, 1.0, 0.42999096657633246]
     [0.16388412805288607, 1.0, 0.5516195638146858]

Gen: 23
     [0.16145865213931565, 1.0, 0.7542263517873274]
     [0.16145865213931565, 1.0, 0.7542263517873274]
     [0.16981391932423334, 1.0, 0.42999096657633246]
     [0.16388412805288607, 1.0, 0.5516195638146858]

Gen: 24
     [0.16981391932423334, 1.0, 0.42999096657633246]
     [0.16388412805288607, 1.0, 0.5516195638146858]

Gen: 25
     [0.16981391932423334, 1.0, 0.42999096657633246]
     [0.16388412805288607, 1.0, 0.5516195638146858]

Gen: 26
     [0.16981391932423334, 1.0, 0.42999096657633246]
     [0.16388412805288607, 1.0, 0.5516195638146858]

Gen: 27
     [0.1694237008018608, 1.0, 0.4806426635694928]
     [0.16981391932423334, 1.0, 0.42999096657633246]
     [0.16388412805288607, 1.0, 0.5516195638146858]

Gen: 28
     [0.1694237008018608, 1.0, 0.4806426635694928]
     [0.16981391932423334, 1.0, 0.42999096657633246]
     [0.16388412805288607, 1.0, 0.5516195638146858]

Gen: 29
     [0.16981391932423334, 1.0, 0.42999096657633246]
     [0.1694237008018608, 1.0, 0.4806426635694928]
     [0.16981391932423334, 1.0, 0.42999096657633246]
     [0.16388412805288607, 1.0, 0.5516195638146858]

Gen: 30
     [0.20759625390218522, 1.0, 0.43218479803845655]
     [0.1694237008018608, 1.0, 0.4806426635694928]
     [0.16388412805288607, 1.0, 0.5516195638146858]
     [0.18188773948705392, 1.0, 0.46902826171118855]

Gen: 31
     [0.20759625390218522, 1.0, 0.43218479803845655]
     [0.1694237008018608, 1.0, 0.4806426635694928]
     [0.16388412805288607, 1.0, 0.5516195638146858]
     [0.18188773948705392, 1.0, 0.46902826171118855]

Gen: 32
     [0.20759625390218522, 1.0, 0.43218479803845655]
     [0.1694237008018608, 1.0, 0.4806426635694928]
     [0.16388412805288607, 1.0, 0.5516195638146858]
     [0.18188773948705392, 1.0, 0.46902826171118855]

Gen: 33
     [0.20759625390218522, 1.0, 0.43218479803845655]
     [0.1694237008018608, 1.0, 0.4806426635694928]
     [0.16388412805288607, 1.0, 0.5516195638146858]
     [0.18188773948705392, 1.0, 0.46902826171118855]

Gen: 34
     [0.16981391932423334, 1.0, 0.42999096657633246]
     [0.1694237008018608, 1.0, 0.4806426635694928]
     [0.16388412805288607, 1.0, 0.5516195638146858]
     [0.16145865213931565, 1.0, 0.7542263517873274]

Gen: 35
     [0.16981391932423334, 1.0, 0.42999096657633246]
     [0.1694237008018608, 1.0, 0.4806426635694928]
     [0.1694237008018608, 1.0, 0.4806426635694928]
     [0.16388412805288607, 1.0, 0.5516195638146858]
     [0.16145865213931565, 1.0, 0.7542263517873274]

Gen: 36
     [0.16981391932423334, 1.0, 0.42999096657633246]
     [0.1694237008018608, 1.0, 0.4806426635694928]
     [0.16388412805288607, 1.0, 0.5516195638146858]
     [0.16145865213931565, 1.0, 0.7542263517873274]

Gen: 37
     [0.16981391932423334, 1.0, 0.42999096657633246]
     [0.16388412805288607, 1.0, 0.5516195638146858]
     [0.1694237008018608, 1.0, 0.4806426635694928]
     [0.16388412805288607, 1.0, 0.5516195638146858]
     [0.16145865213931565, 1.0, 0.7542263517873274]

Gen: 38
     [0.16388412805288607, 1.0, 0.751967995870435]
     [0.16981391932423334, 1.0, 0.42999096657633246]
     [0.16388412805288607, 1.0, 0.751967995870435]
     [0.1694237008018608, 1.0, 0.4806426635694928]
     [0.16145865213931565, 1.0, 0.7542263517873274]

Gen: 39
     [0.16981391932423334, 1.0, 0.42999096657633246]
     [0.16388412805288607, 1.0, 0.5516195638146858]
     [0.16981391932423334, 1.0, 0.42999096657633246]
     [0.1694237008018608, 1.0, 0.4806426635694928]
     [0.16145865213931565, 1.0, 0.7542263517873274]

Gen: 40
     [0.20759625390218522, 1.0, 0.43218479803845655]
     [0.16388412805288607, 1.0, 0.5516195638146858]
     [0.1694237008018608, 1.0, 0.4806426635694928]
     [0.16145865213931565, 1.0, 0.7542263517873274]
     [0.18188773948705392, 1.0, 0.46902826171118855]

Gen: 41
     [0.16981391932423334, 1.0, 0.42999096657633246]
     [0.16388412805288607, 1.0, 0.5516195638146858]
     [0.1694237008018608, 1.0, 0.4806426635694928]
     [0.16145865213931565, 1.0, 0.7542263517873274]

Gen: 42
     [0.16981391932423334, 1.0, 0.42999096657633246]
     [0.16388412805288607, 1.0, 0.5516195638146858]
     [0.1694237008018608, 1.0, 0.4806426635694928]
     [0.16145865213931565, 1.0, 0.7542263517873274]

Gen: 43
     [0.16981391932423334, 1.0, 0.42999096657633246]
     [0.16388412805288607, 1.0, 0.5516195638146858]
     [0.1694237008018608, 1.0, 0.4806426635694928]
     [0.16145865213931565, 1.0, 0.7542263517873274]

Gen: 44
     [0.16981391932423334, 1.0, 0.42999096657633246]
     [0.16388412805288607, 1.0, 0.5516195638146858]
     [0.1694237008018608, 1.0, 0.4806426635694928]
     [0.16145865213931565, 1.0, 0.7542263517873274]

Gen: 45
     [0.16388412805288607, 1.0, 0.5516195638146858]
     [0.16981391932423334, 1.0, 0.42999096657633246]
     [0.16388412805288607, 1.0, 0.5516195638146858]
     [0.1694237008018608, 1.0, 0.4806426635694928]
     [0.16145865213931565, 1.0, 0.7542263517873274]

Gen: 46
     [0.16145865213931565, 1.0, 0.7542263517873274]
     [0.16388412805288607, 1.0, 0.6509226997031875]
     [0.16981391932423334, 1.0, 0.42999096657633246]
     [0.1694237008018608, 1.0, 0.4806426635694928]
     [0.16145865213931565, 1.0, 0.7542263517873274]

Gen: 47
     [0.16388412805288607, 1.0, 0.6509226997031875]
     [0.16981391932423334, 1.0, 0.42999096657633246]
     [0.1694237008018608, 1.0, 0.4806426635694928]

Gen: 48
     [0.16388412805288607, 1.0, 0.6509226997031875]
     [0.16981391932423334, 1.0, 0.42999096657633246]
     [0.1694237008018608, 1.0, 0.4806426635694928]

Gen: 49
     [0.16388412805288607, 1.0, 0.6509226997031875]
     [0.16981391932423334, 1.0, 0.42999096657633246]
     [0.16145865213931565, 1.0, 0.7542263517873274]
     [0.1694237008018608, 1.0, 0.4806426635694928]

Gen: 50
     [0.16388412805288607, 1.0, 0.6509226997031875]
     [0.16981391932423334, 1.0, 0.42999096657633246]
     [0.16145865213931565, 1.0, 0.7542263517873274]
     [0.1694237008018608, 1.0, 0.4806426635694928]

Gen: 51
     [0.16388412805288607, 1.0, 0.6509226997031875]
     [0.16981391932423334, 1.0, 0.42999096657633246]
     [0.16145865213931565, 1.0, 0.7542263517873274]
     [0.1694237008018608, 1.0, 0.4806426635694928]

Gen: 52
     [0.16145865213931565, 1.0, 0.7542263517873274]
     [0.16388412805288607, 1.0, 0.6509226997031875]
     [0.16981391932423334, 1.0, 0.42999096657633246]
     [0.16145865213931565, 1.0, 0.7542263517873274]
     [0.1694237008018608, 1.0, 0.4806426635694928]

Gen: 53
     [0.1694237008018608, 1.0, 0.4806426635694928]
     [0.16145865213931565, 1.0, 0.7542263517873274]
     [0.16388412805288607, 1.0, 0.6509226997031875]
     [0.16981391932423334, 1.0, 0.42999096657633246]
     [0.1694237008018608, 1.0, 0.4806426635694928]

Gen: 54
     [0.16145865213931565, 1.0, 0.7542263517873274]
     [0.16981391932423334, 1.0, 0.42999096657633246]
     [0.16981391932423334, 1.0, 0.42999096657633246]
     [0.16388412805288607, 1.0, 0.5516195638146858]
     [0.16981391932423334, 1.0, 0.42999096657633246]

Gen: 55
     [0.16145865213931565, 1.0, 0.7542263517873274]
     [0.20759625390218522, 1.0, 0.43218479803845655]
     [0.18188773948705392, 1.0, 0.46902826171118855]
     [0.16388412805288607, 1.0, 0.5516195638146858]
     [0.16145865213931565, 1.0, 0.7542263517873274]
     [0.16981391932423334, 1.0, 0.5292941024648342]
     [0.17178031462324783, 1.0, 0.5193573364305072]

Gen: 56
     [0.16388412805288607, 1.0, 0.5516195638146858]
     [0.16981391932423334, 1.0, 0.42999096657633246]
     [0.16145865213931565, 1.0, 0.7542263517873274]

Gen: 57
     [0.16388412805288607, 1.0, 0.5516195638146858]
     [0.16981391932423334, 1.0, 0.42999096657633246]
     [0.16981391932423334, 1.0, 0.42999096657633246]
     [0.16145865213931565, 1.0, 0.7542263517873274]

Gen: 58
     [0.20759625390218522, 1.0, 0.43218479803845655]
     [0.18188773948705392, 1.0, 0.46902826171118855]
     [0.18188773948705392, 1.0, 0.46902826171118855]
     [0.16388412805288607, 1.0, 0.5516195638146858]
     [0.16145865213931565, 1.0, 0.7542263517873274]
     [0.16981391932423334, 1.0, 0.5292941024648342]
     [0.17178031462324783, 1.0, 0.5193573364305072]

Gen: 59
     [0.19748882903837914, 1.0, 0.4825138727577752]
     [0.20759625390218522, 1.0, 0.43218479803845655]
     [0.16388412805288607, 1.0, 0.5516195638146858]
     [0.16145865213931565, 1.0, 0.7542263517873274]
     [0.16145865213931565, 1.0, 0.7542263517873274]
     [0.16981391932423334, 1.0, 0.5292941024648342]
     [0.17178031462324783, 1.0, 0.5193573364305072]

Gen: 60
     [0.1694237008018608, 1.0, 0.4806426635694928]
     [0.20759625390218522, 1.0, 0.43218479803845655]
     [0.18188773948705392, 1.0, 0.46902826171118855]
     [0.16388412805288607, 1.0, 0.5516195638146858]

Gen: 61
     [0.1694237008018608, 1.0, 0.4806426635694928]
     [0.20759625390218522, 1.0, 0.43218479803845655]
     [0.18188773948705392, 1.0, 0.46902826171118855]
     [0.16388412805288607, 1.0, 0.5516195638146858]

Gen: 62
     [0.1694237008018608, 1.0, 0.4806426635694928]
     [0.20759625390218522, 1.0, 0.43218479803845655]
     [0.18188773948705392, 1.0, 0.46902826171118855]
     [0.16388412805288607, 1.0, 0.5516195638146858]

Gen: 63
     [0.1694237008018608, 1.0, 0.4806426635694928]
     [0.20759625390218522, 1.0, 0.43218479803845655]
     [0.16145865213931565, 1.0, 0.7542263517873274]
     [0.18188773948705392, 1.0, 0.46902826171118855]
     [0.16388412805288607, 1.0, 0.5516195638146858]

Gen: 64
     [0.1694237008018608, 1.0, 0.4806426635694928]
     [0.16981391932423334, 1.0, 0.42999096657633246]
     [0.16145865213931565, 1.0, 0.7542263517873274]
     [0.16388412805288607, 1.0, 0.5516195638146858]

Gen: 65
     [0.1694237008018608, 1.0, 0.4806426635694928]
     [0.16981391932423334, 1.0, 0.42999096657633246]
     [0.16145865213931565, 1.0, 0.7542263517873274]
     [0.16388412805288607, 1.0, 0.5516195638146858]

Gen: 66
     [0.1694237008018608, 1.0, 0.4806426635694928]
     [0.16981391932423334, 1.0, 0.42999096657633246]
     [0.16145865213931565, 1.0, 0.7542263517873274]
     [0.16388412805288607, 1.0, 0.5516195638146858]

Gen: 67
     [0.1694237008018608, 1.0, 0.4806426635694928]
     [0.16981391932423334, 1.0, 0.42999096657633246]
     [0.16145865213931565, 1.0, 0.7542263517873274]
     [0.16388412805288607, 1.0, 0.5516195638146858]

Gen: 68
     [0.1694237008018608, 1.0, 0.4806426635694928]
     [0.16981391932423334, 1.0, 0.42999096657633246]
     [0.16145865213931565, 1.0, 0.7542263517873274]
     [0.16388412805288607, 1.0, 0.5516195638146858]

Gen: 69
     [0.16981391932423334, 1.0, 0.42999096657633246]
     [0.16145865213931565, 1.0, 0.7542263517873274]
     [0.1694237008018608, 1.0, 0.4806426635694928]
     [0.16981391932423334, 1.0, 0.42999096657633246]
     [0.16145865213931565, 1.0, 0.7542263517873274]
     [0.16388412805288607, 1.0, 0.5516195638146858]

Gen: 70
     [0.1694237008018608, 1.0, 0.4806426635694928]
     [0.16388412805288607, 1.0, 0.5516195638146858]
     [0.16981391932423334, 1.0, 0.42999096657633246]

Gen: 71
     [0.16145865213931565, 1.0, 0.7542263517873274]
     [0.1694237008018608, 1.0, 0.4806426635694928]
     [0.16388412805288607, 1.0, 0.5516195638146858]
     [0.16981391932423334, 1.0, 0.42999096657633246]

Gen: 72
     [0.16145865213931565, 1.0, 0.7542263517873274]
     [0.1694237008018608, 1.0, 0.4806426635694928]
     [0.16145865213931565, 1.0, 0.7542263517873274]
     [0.16388412805288607, 1.0, 0.5516195638146858]
     [0.16981391932423334, 1.0, 0.42999096657633246]

Gen: 73
     [0.16145865213931565, 1.0, 0.7542263517873274]
     [0.1694237008018608, 1.0, 0.4806426635694928]
     [0.16388412805288607, 1.0, 0.5516195638146858]
     [0.16981391932423334, 1.0, 0.42999096657633246]

Gen: 74
     [0.16145865213931565, 1.0, 0.7542263517873274]
     [0.1694237008018608, 1.0, 0.4806426635694928]
     [0.16388412805288607, 1.0, 0.5516195638146858]
     [0.16981391932423334, 1.0, 0.42999096657633246]

Gen: 75
     [0.16145865213931565, 1.0, 0.7542263517873274]
     [0.16145865213931565, 1.0, 0.7542263517873274]
     [0.16145865213931565, 1.0, 0.7542263517873274]
     [0.1694237008018608, 1.0, 0.4806426635694928]
     [0.16388412805288607, 1.0, 0.5516195638146858]
     [0.16981391932423334, 1.0, 0.42999096657633246]

Gen: 76
     [0.1694237008018608, 1.0, 0.4806426635694928]
     [0.16388412805288607, 1.0, 0.5516195638146858]
     [0.16981391932423334, 1.0, 0.42999096657633246]
     [0.16145865213931565, 1.0, 0.7542263517873274]

Gen: 77
     [0.1694237008018608, 1.0, 0.4806426635694928]
     [0.16388412805288607, 1.0, 0.5516195638146858]
     [0.16981391932423334, 1.0, 0.42999096657633246]
     [0.16145865213931565, 1.0, 0.7542263517873274]

Gen: 78
     [0.1694237008018608, 1.0, 0.4806426635694928]
     [0.16388412805288607, 1.0, 0.5516195638146858]
     [0.16981391932423334, 1.0, 0.42999096657633246]
     [0.16981391932423334, 1.0, 0.42999096657633246]
     [0.16145865213931565, 1.0, 0.7542263517873274]

Gen: 79
     [0.16145865213931565, 1.0, 0.7542263517873274]
     [0.16981391932423334, 1.0, 0.42999096657633246]
     [0.1694237008018608, 1.0, 0.4806426635694928]
     [0.16388412805288607, 1.0, 0.5516195638146858]
     [0.16145865213931565, 1.0, 0.7542263517873274]

Gen: 80
     [0.16981391932423334, 1.0, 0.42999096657633246]
     [0.1694237008018608, 1.0, 0.4806426635694928]
     [0.16388412805288607, 1.0, 0.5516195638146858]

Gen: 81
     [0.16981391932423334, 1.0, 0.42999096657633246]
     [0.1694237008018608, 1.0, 0.4806426635694928]
     [0.16981391932423334, 1.0, 0.42999096657633246]
     [0.16388412805288607, 1.0, 0.5516195638146858]

Gen: 82
     [0.20759625390218522, 1.0, 0.43218479803845655]
     [0.1694237008018608, 1.0, 0.4806426635694928]
     [0.18188773948705392, 1.0, 0.46902826171118855]
     [0.16388412805288607, 1.0, 0.5516195638146858]

Gen: 83
     [0.20759625390218522, 1.0, 0.43218479803845655]
     [0.1694237008018608, 1.0, 0.4806426635694928]
     [0.18188773948705392, 1.0, 0.46902826171118855]
     [0.16388412805288607, 1.0, 0.5516195638146858]
     [0.18188773948705392, 1.0, 0.46902826171118855]

Gen: 84
     [0.16981391932423334, 1.0, 0.42999096657633246]
     [0.1694237008018608, 1.0, 0.4806426635694928]
     [0.16388412805288607, 1.0, 0.5516195638146858]

Gen: 85
     [0.1694237008018608, 1.0, 0.4806426635694928]
     [0.16981391932423334, 1.0, 0.42999096657633246]
     [0.16388412805288607, 1.0, 0.5516195638146858]

Gen: 86
     [0.16145865213931565, 1.0, 0.7542263517873274]
     [0.1694237008018608, 1.0, 0.4806426635694928]
     [0.16981391932423334, 1.0, 0.42999096657633246]
     [0.16145865213931565, 1.0, 0.7542263517873274]
     [0.16388412805288607, 1.0, 0.5516195638146858]

Gen: 87
     [0.1694237008018608, 1.0, 0.4806426635694928]
     [0.16981391932423334, 1.0, 0.42999096657633246]
     [0.16388412805288607, 1.0, 0.5516195638146858]

Gen: 88
     [0.1694237008018608, 1.0, 0.4806426635694928]
     [0.16981391932423334, 1.0, 0.42999096657633246]
     [0.16388412805288607, 1.0, 0.5516195638146858]

Gen: 89
     [0.16145865213931565, 1.0, 0.7542263517873274]
     [0.1694237008018608, 1.0, 0.4806426635694928]
     [0.16981391932423334, 1.0, 0.42999096657633246]
     [0.16388412805288607, 1.0, 0.5516195638146858]

Gen: 90
     [0.16145865213931565, 1.0, 0.7542263517873274]
     [0.1694237008018608, 1.0, 0.4806426635694928]
     [0.16981391932423334, 1.0, 0.42999096657633246]
     [0.16388412805288607, 1.0, 0.5516195638146858]

Gen: 91
     [0.16145865213931565, 1.0, 0.7542263517873274]
     [0.1694237008018608, 1.0, 0.4806426635694928]
     [0.16981391932423334, 1.0, 0.42999096657633246]
     [0.16388412805288607, 1.0, 0.5516195638146858]

Gen: 92
     [0.16145865213931565, 1.0, 0.7542263517873274]
     [0.1694237008018608, 1.0, 0.4806426635694928]
     [0.16981391932423334, 1.0, 0.42999096657633246]
     [0.16388412805288607, 1.0, 0.5516195638146858]

Gen: 93
     [0.16145865213931565, 1.0, 0.7542263517873274]
     [0.16145865213931565, 1.0, 0.7542263517873274]
     [0.1694237008018608, 1.0, 0.4806426635694928]
     [0.16388412805288607, 1.0, 0.5516195638146858]
     [0.16981391932423334, 1.0, 0.42999096657633246]

Gen: 94
     [0.1694237008018608, 1.0, 0.4806426635694928]
     [0.16388412805288607, 1.0, 0.5516195638146858]
     [0.16981391932423334, 1.0, 0.42999096657633246]

Gen: 95
     [0.1694237008018608, 1.0, 0.4806426635694928]
     [0.16388412805288607, 1.0, 0.5516195638146858]
     [0.16981391932423334, 1.0, 0.42999096657633246]

Gen: 96
     [0.16145865213931565, 1.0, 0.7542263517873274]
     [0.1694237008018608, 1.0, 0.4806426635694928]
     [0.16388412805288607, 1.0, 0.5516195638146858]
     [0.16981391932423334, 1.0, 0.42999096657633246]

Gen: 97
     [0.16145865213931565, 1.0, 0.7542263517873274]
     [0.16388412805288607, 1.0, 0.5516195638146858]
     [0.1694237008018608, 1.0, 0.4806426635694928]
     [0.16981391932423334, 1.0, 0.42999096657633246]

Gen: 98
     [0.16145865213931565, 1.0, 0.7542263517873274]
     [0.16388412805288607, 1.0, 0.5516195638146858]
     [0.1694237008018608, 1.0, 0.4806426635694928]
     [0.16981391932423334, 1.0, 0.42999096657633246]

Gen: 99
     [0.16145865213931565, 1.0, 0.7542263517873274]
     [0.16388412805288607, 1.0, 0.5516195638146858]
     [0.1694237008018608, 1.0, 0.4806426635694928]
     [0.16981391932423334, 1.0, 0.42999096657633246]

Gen: 100
     [0.16145865213931565, 1.0, 0.7542263517873274]
     [0.16388412805288607, 1.0, 0.5516195638146858]
     [0.1694237008018608, 1.0, 0.4806426635694928]
     [0.16981391932423334, 1.0, 0.42999096657633246]

Gen: 101
     [0.16145865213931565, 1.0, 0.7542263517873274]
     [0.16388412805288607, 1.0, 0.5516195638146858]
     [0.1694237008018608, 1.0, 0.4806426635694928]
     [0.16981391932423334, 1.0, 0.42999096657633246]

Gen: 102
     [0.16145865213931565, 1.0, 0.7542263517873274]
     [0.16388412805288607, 1.0, 0.5516195638146858]
     [0.1694237008018608, 1.0, 0.4806426635694928]
     [0.16981391932423334, 1.0, 0.42999096657633246]

Gen: 103
     [0.16388412805288607, 1.0, 0.5516195638146858]
     [0.16145865213931565, 1.0, 0.7542263517873274]
     [0.16388412805288607, 1.0, 0.5516195638146858]
     [0.1694237008018608, 1.0, 0.4806426635694928]
     [0.16981391932423334, 1.0, 0.42999096657633246]

Gen: 104
     [0.16145865213931565, 1.0, 0.7542263517873274]
     [0.16981391932423334, 1.0, 0.42999096657633246]
     [0.1694237008018608, 1.0, 0.4806426635694928]
     [0.16981391932423334, 1.0, 0.42999096657633246]
     [0.16388412805288607, 1.0, 0.6509226997031875]

Gen: 105
     [0.20759625390218522, 1.0, 0.43218479803845655]
     [0.16145865213931565, 1.0, 0.7542263517873274]
     [0.1694237008018608, 1.0, 0.4806426635694928]
     [0.16388412805288607, 1.0, 0.6509226997031875]

Gen: 106
     [0.18188773948705392, 1.0, 0.46902826171118855]
     [0.20759625390218522, 1.0, 0.43218479803845655]
     [0.1694237008018608, 1.0, 0.4806426635694928]
     [0.16145865213931565, 1.0, 0.7542263517873274]
     [0.16388412805288607, 1.0, 0.6509226997031875]

Gen: 107
     [0.16981391932423334, 1.0, 0.42999096657633246]
     [0.1694237008018608, 1.0, 0.4806426635694928]
     [0.16145865213931565, 1.0, 0.7542263517873274]
     [0.16388412805288607, 1.0, 0.6509226997031875]

