Gen: 2
     [0.08100946571717643, 0.7266010297172794, 0.20919979004628525]
     [0.08139130477079928, 0.6954204678890796, 0.23692322374385646]
     [0.07919390614055569, 0.6954204678890796, 0.2248604284964451]
     [0.07976788076893143, 0.736067202601391, 0.1778021663406022]
     [0.083794215503152, 0.6887002077499774, 0.20976284773584006]
     [0.08199324850182893, 0.7266010297172794, 0.1705492198310827]
     [0.07325837613822088, 0.7012194020413693, 0.1707400868444911]
     [0.07342132656237839, 0.6463372775720351, 0.21913441809419287]
     [0.08448614678185072, 0.6784030349561918, 0.16381161425776591]
     [0.08235684683632967, 0.542209375846807, 0.1505654435272224]

Gen: 3
     [0.07325837613822088, 0.7012194020413693, 0.1707400868444911]
     [0.07325837613822088, 0.7012194020413693, 0.1707400868444911]
     [0.07342132656237839, 0.6463372775720351, 0.21913441809419287]
     [0.07342132656237839, 0.6463372775720351, 0.21913441809419287]
     [0.07342132656237839, 0.6463372775720351, 0.21913441809419287]
     [0.08448614678185072, 0.6784030349561918, 0.16381161425776591]
     [0.08448614678185072, 0.6784030349561918, 0.16381161425776591]
     [0.08235684683632967, 0.542209375846807, 0.1505654435272224]
     [0.08235684683632967, 0.542209375846807, 0.1505654435272224]
     [0.08235684683632967, 0.542209375846807, 0.1505654435272224]

Gen: 4
     [0.07552265740524554, 0.6707614488302773, 0.15546118242114806]
     [0.08235684683632967, 0.542209375846807, 0.1505654435272224]
     [0.08235684683632967, 0.542209375846807, 0.1505654435272224]
     [0.08235684683632967, 0.542209375846807, 0.1505654435272224]
     [0.08235684683632967, 0.542209375846807, 0.1505654435272224]
     [0.08235684683632967, 0.542209375846807, 0.1505654435272224]
     [0.08235684683632967, 0.542209375846807, 0.1505654435272224]
     [0.08235684683632967, 0.542209375846807, 0.1505654435272224]
     [0.08235684683632967, 0.542209375846807, 0.1505654435272224]
     [0.08235684683632967, 0.542209375846807, 0.1505654435272224]

Gen: 5
     [0.08235684683632967, 0.542209375846807, 0.1505654435272224]
     [0.08235684683632967, 0.542209375846807, 0.1505654435272224]
     [0.08235684683632967, 0.542209375846807, 0.1505654435272224]
     [0.08235684683632967, 0.542209375846807, 0.1505654435272224]
     [0.08235684683632967, 0.542209375846807, 0.1505654435272224]
     [0.08235684683632967, 0.542209375846807, 0.1505654435272224]
     [0.08235684683632967, 0.542209375846807, 0.1505654435272224]
     [0.08235684683632967, 0.542209375846807, 0.1505654435272224]
     [0.08235684683632967, 0.542209375846807, 0.1505654435272224]
     [0.08235684683632967, 0.542209375846807, 0.1505654435272224]

Gen: 6
     [0.08235684683632967, 0.542209375846807, 0.1505654435272224]
     [0.08235684683632967, 0.542209375846807, 0.1505654435272224]
     [0.08235684683632967, 0.542209375846807, 0.1505654435272224]
     [0.08235684683632967, 0.542209375846807, 0.1505654435272224]
     [0.08235684683632967, 0.542209375846807, 0.1505654435272224]
     [0.08235684683632967, 0.542209375846807, 0.1505654435272224]
     [0.08235684683632967, 0.542209375846807, 0.1505654435272224]
     [0.08235684683632967, 0.542209375846807, 0.1505654435272224]
     [0.08235684683632967, 0.542209375846807, 0.1505654435272224]
     [0.08235684683632967, 0.542209375846807, 0.1505654435272224]

Gen: 7
     [0.08235684683632967, 0.542209375846807, 0.1505654435272224]
     [0.08235684683632967, 0.542209375846807, 0.1505654435272224]
     [0.08235684683632967, 0.542209375846807, 0.1505654435272224]
     [0.08235684683632967, 0.542209375846807, 0.1505654435272224]
     [0.08235684683632967, 0.542209375846807, 0.1505654435272224]
     [0.08235684683632967, 0.542209375846807, 0.1505654435272224]
     [0.08235684683632967, 0.542209375846807, 0.1505654435272224]
     [0.08235684683632967, 0.542209375846807, 0.1505654435272224]
     [0.08235684683632967, 0.542209375846807, 0.1505654435272224]
     [0.08235684683632967, 0.542209375846807, 0.1505654435272224]

Gen: 8
     [0.08235684683632967, 0.542209375846807, 0.1505654435272224]
     [0.08235684683632967, 0.542209375846807, 0.1505654435272224]
     [0.08235684683632967, 0.542209375846807, 0.1505654435272224]
     [0.08235684683632967, 0.542209375846807, 0.1505654435272224]
     [0.08235684683632967, 0.542209375846807, 0.1505654435272224]
     [0.08235684683632967, 0.542209375846807, 0.1505654435272224]
     [0.08235684683632967, 0.542209375846807, 0.1505654435272224]
     [0.08235684683632967, 0.542209375846807, 0.1505654435272224]
     [0.08235684683632967, 0.542209375846807, 0.1505654435272224]
     [0.08235684683632967, 0.542209375846807, 0.1505654435272224]

Gen: 9
     [0.08235684683632967, 0.542209375846807, 0.1505654435272224]
     [0.08235684683632967, 0.542209375846807, 0.1505654435272224]
     [0.08235684683632967, 0.542209375846807, 0.1505654435272224]
     [0.08235684683632967, 0.542209375846807, 0.1505654435272224]
     [0.08235684683632967, 0.542209375846807, 0.1505654435272224]
     [0.08235684683632967, 0.542209375846807, 0.1505654435272224]
     [0.08235684683632967, 0.542209375846807, 0.1505654435272224]
     [0.08235684683632967, 0.542209375846807, 0.1505654435272224]
     [0.08235684683632967, 0.542209375846807, 0.1505654435272224]
     [0.08235684683632967, 0.542209375846807, 0.1505654435272224]

Gen: 10
     [0.08235684683632967, 0.542209375846807, 0.1505654435272224]
     [0.08235684683632967, 0.542209375846807, 0.1505654435272224]
     [0.08235684683632967, 0.542209375846807, 0.1505654435272224]
     [0.08235684683632967, 0.542209375846807, 0.1505654435272224]
     [0.08235684683632967, 0.542209375846807, 0.1505654435272224]
     [0.08235684683632967, 0.542209375846807, 0.1505654435272224]
     [0.08235684683632967, 0.542209375846807, 0.1505654435272224]
     [0.08235684683632967, 0.542209375846807, 0.1505654435272224]
     [0.08235684683632967, 0.542209375846807, 0.1505654435272224]
     [0.08235684683632967, 0.542209375846807, 0.1505654435272224]

Gen: 11
     [0.08235684683632967, 0.542209375846807, 0.1505654435272224]
     [0.08235684683632967, 0.542209375846807, 0.1505654435272224]
     [0.08235684683632967, 0.542209375846807, 0.1505654435272224]
     [0.08235684683632967, 0.542209375846807, 0.1505654435272224]
     [0.08235684683632967, 0.542209375846807, 0.1505654435272224]
     [0.08235684683632967, 0.542209375846807, 0.1505654435272224]
     [0.08235684683632967, 0.542209375846807, 0.1505654435272224]
     [0.08235684683632967, 0.542209375846807, 0.1505654435272224]
     [0.08235684683632967, 0.542209375846807, 0.1505654435272224]
     [0.08235684683632967, 0.542209375846807, 0.1505654435272224]

Gen: 12
     [0.08235684683632967, 0.542209375846807, 0.1505654435272224]
     [0.08235684683632967, 0.542209375846807, 0.1505654435272224]
     [0.08235684683632967, 0.542209375846807, 0.1505654435272224]
     [0.08235684683632967, 0.542209375846807, 0.1505654435272224]
     [0.08235684683632967, 0.542209375846807, 0.1505654435272224]
     [0.08235684683632967, 0.542209375846807, 0.1505654435272224]
     [0.08235684683632967, 0.542209375846807, 0.1505654435272224]
     [0.08235684683632967, 0.542209375846807, 0.1505654435272224]
     [0.08235684683632967, 0.542209375846807, 0.1505654435272224]
     [0.08235684683632967, 0.542209375846807, 0.1505654435272224]

Gen: 13
     [0.08235684683632967, 0.542209375846807, 0.1505654435272224]
     [0.08235684683632967, 0.542209375846807, 0.1505654435272224]
     [0.08235684683632967, 0.542209375846807, 0.1505654435272224]
     [0.08235684683632967, 0.542209375846807, 0.1505654435272224]
     [0.08235684683632967, 0.542209375846807, 0.1505654435272224]
     [0.08235684683632967, 0.542209375846807, 0.1505654435272224]
     [0.08235684683632967, 0.542209375846807, 0.1505654435272224]
     [0.08235684683632967, 0.542209375846807, 0.1505654435272224]
     [0.08235684683632967, 0.542209375846807, 0.1505654435272224]
     [0.08235684683632967, 0.542209375846807, 0.1505654435272224]

Gen: 14
     [0.08235684683632967, 0.542209375846807, 0.1505654435272224]
     [0.08235684683632967, 0.542209375846807, 0.1505654435272224]
     [0.08235684683632967, 0.542209375846807, 0.1505654435272224]
     [0.08235684683632967, 0.542209375846807, 0.1505654435272224]
     [0.08235684683632967, 0.542209375846807, 0.1505654435272224]
     [0.08235684683632967, 0.542209375846807, 0.1505654435272224]
     [0.08235684683632967, 0.542209375846807, 0.1505654435272224]
     [0.08235684683632967, 0.542209375846807, 0.1505654435272224]
     [0.08235684683632967, 0.542209375846807, 0.1505654435272224]
     [0.08235684683632967, 0.542209375846807, 0.1505654435272224]

Gen: 15
     [0.08235684683632967, 0.542209375846807, 0.1505654435272224]
     [0.08235684683632967, 0.542209375846807, 0.1505654435272224]
     [0.08235684683632967, 0.542209375846807, 0.1505654435272224]
     [0.08235684683632967, 0.542209375846807, 0.1505654435272224]
     [0.08235684683632967, 0.542209375846807, 0.1505654435272224]
     [0.08235684683632967, 0.542209375846807, 0.1505654435272224]
     [0.08235684683632967, 0.542209375846807, 0.1505654435272224]
     [0.08235684683632967, 0.542209375846807, 0.1505654435272224]
     [0.08235684683632967, 0.542209375846807, 0.1505654435272224]
     [0.08235684683632967, 0.542209375846807, 0.1505654435272224]

Gen: 16
     [0.08235684683632967, 0.542209375846807, 0.1505654435272224]
     [0.08235684683632967, 0.542209375846807, 0.1505654435272224]
     [0.08235684683632967, 0.542209375846807, 0.1505654435272224]
     [0.08235684683632967, 0.542209375846807, 0.1505654435272224]
     [0.08235684683632967, 0.542209375846807, 0.1505654435272224]
     [0.08235684683632967, 0.542209375846807, 0.1505654435272224]
     [0.08235684683632967, 0.542209375846807, 0.1505654435272224]
     [0.08235684683632967, 0.542209375846807, 0.1505654435272224]
     [0.08235684683632967, 0.542209375846807, 0.1505654435272224]
     [0.08235684683632967, 0.542209375846807, 0.1505654435272224]

Gen: 17
     [0.08235684683632967, 0.542209375846807, 0.1505654435272224]
     [0.08235684683632967, 0.542209375846807, 0.1505654435272224]
     [0.08235684683632967, 0.542209375846807, 0.1505654435272224]
     [0.08235684683632967, 0.542209375846807, 0.1505654435272224]
     [0.08235684683632967, 0.542209375846807, 0.1505654435272224]
     [0.08235684683632967, 0.542209375846807, 0.1505654435272224]
     [0.08235684683632967, 0.542209375846807, 0.1505654435272224]
     [0.08235684683632967, 0.542209375846807, 0.1505654435272224]
     [0.08235684683632967, 0.542209375846807, 0.1505654435272224]
     [0.08235684683632967, 0.542209375846807, 0.1505654435272224]

Gen: 18
     [0.08235684683632967, 0.542209375846807, 0.1505654435272224]
     [0.08235684683632967, 0.542209375846807, 0.1505654435272224]
     [0.08235684683632967, 0.542209375846807, 0.1505654435272224]
     [0.08235684683632967, 0.542209375846807, 0.1505654435272224]
     [0.08235684683632967, 0.542209375846807, 0.1505654435272224]
     [0.08235684683632967, 0.542209375846807, 0.1505654435272224]
     [0.08235684683632967, 0.542209375846807, 0.1505654435272224]
     [0.08235684683632967, 0.542209375846807, 0.1505654435272224]
     [0.08235684683632967, 0.542209375846807, 0.1505654435272224]
     [0.08235684683632967, 0.542209375846807, 0.1505654435272224]

Gen: 19
     [0.08235684683632967, 0.542209375846807, 0.1505654435272224]
     [0.08235684683632967, 0.542209375846807, 0.1505654435272224]
     [0.08235684683632967, 0.542209375846807, 0.1505654435272224]
     [0.08235684683632967, 0.542209375846807, 0.1505654435272224]
     [0.08235684683632967, 0.542209375846807, 0.1505654435272224]
     [0.08235684683632967, 0.542209375846807, 0.1505654435272224]
     [0.08235684683632967, 0.542209375846807, 0.1505654435272224]
     [0.08235684683632967, 0.542209375846807, 0.1505654435272224]
     [0.08235684683632967, 0.542209375846807, 0.1505654435272224]
     [0.08235684683632967, 0.542209375846807, 0.1505654435272224]

Gen: 20
     [0.08235684683632967, 0.542209375846807, 0.1505654435272224]
     [0.08235684683632967, 0.542209375846807, 0.1505654435272224]
     [0.08235684683632967, 0.542209375846807, 0.1505654435272224]
     [0.08235684683632967, 0.542209375846807, 0.1505654435272224]
     [0.08235684683632967, 0.542209375846807, 0.1505654435272224]
     [0.08235684683632967, 0.542209375846807, 0.1505654435272224]
     [0.08235684683632967, 0.542209375846807, 0.1505654435272224]
     [0.08235684683632967, 0.542209375846807, 0.1505654435272224]
     [0.08235684683632967, 0.542209375846807, 0.1505654435272224]
     [0.08235684683632967, 0.542209375846807, 0.1505654435272224]

Gen: 21
     [0.08235684683632967, 0.542209375846807, 0.1505654435272224]
     [0.08235684683632967, 0.542209375846807, 0.1505654435272224]
     [0.08235684683632967, 0.542209375846807, 0.1505654435272224]
     [0.08235684683632967, 0.542209375846807, 0.1505654435272224]
     [0.08235684683632967, 0.542209375846807, 0.1505654435272224]
     [0.08235684683632967, 0.542209375846807, 0.1505654435272224]
     [0.08235684683632967, 0.542209375846807, 0.1505654435272224]
     [0.08235684683632967, 0.542209375846807, 0.1505654435272224]
     [0.08235684683632967, 0.542209375846807, 0.1505654435272224]
     [0.08235684683632967, 0.542209375846807, 0.1505654435272224]

Gen: 22
     [0.08235684683632967, 0.542209375846807, 0.1505654435272224]
     [0.08235684683632967, 0.542209375846807, 0.1505654435272224]
     [0.08235684683632967, 0.542209375846807, 0.1505654435272224]
     [0.08235684683632967, 0.542209375846807, 0.1505654435272224]
     [0.08235684683632967, 0.542209375846807, 0.1505654435272224]
     [0.08235684683632967, 0.542209375846807, 0.1505654435272224]
     [0.08235684683632967, 0.542209375846807, 0.1505654435272224]
     [0.08235684683632967, 0.542209375846807, 0.1505654435272224]
     [0.08235684683632967, 0.542209375846807, 0.1505654435272224]
     [0.08235684683632967, 0.542209375846807, 0.1505654435272224]

Gen: 23
     [0.08235684683632967, 0.542209375846807, 0.1505654435272224]
     [0.08235684683632967, 0.542209375846807, 0.1505654435272224]
     [0.08235684683632967, 0.542209375846807, 0.1505654435272224]
     [0.08235684683632967, 0.542209375846807, 0.1505654435272224]
     [0.08235684683632967, 0.542209375846807, 0.1505654435272224]
     [0.08235684683632967, 0.542209375846807, 0.1505654435272224]
     [0.08235684683632967, 0.542209375846807, 0.1505654435272224]
     [0.08235684683632967, 0.542209375846807, 0.1505654435272224]
     [0.08235684683632967, 0.542209375846807, 0.1505654435272224]
     [0.08235684683632967, 0.542209375846807, 0.1505654435272224]

Gen: 24
     [0.08235684683632967, 0.542209375846807, 0.1505654435272224]
     [0.08235684683632967, 0.542209375846807, 0.1505654435272224]
     [0.08235684683632967, 0.542209375846807, 0.1505654435272224]
     [0.08235684683632967, 0.542209375846807, 0.1505654435272224]
     [0.08235684683632967, 0.542209375846807, 0.1505654435272224]
     [0.08235684683632967, 0.542209375846807, 0.1505654435272224]
     [0.08235684683632967, 0.542209375846807, 0.1505654435272224]
     [0.08235684683632967, 0.542209375846807, 0.1505654435272224]
     [0.08235684683632967, 0.542209375846807, 0.1505654435272224]
     [0.08235684683632967, 0.542209375846807, 0.1505654435272224]

Gen: 25
     [0.08235684683632967, 0.542209375846807, 0.1505654435272224]
     [0.08235684683632967, 0.542209375846807, 0.1505654435272224]
     [0.08235684683632967, 0.542209375846807, 0.1505654435272224]
     [0.08235684683632967, 0.542209375846807, 0.1505654435272224]
     [0.08235684683632967, 0.542209375846807, 0.1505654435272224]
     [0.08235684683632967, 0.542209375846807, 0.1505654435272224]
     [0.08235684683632967, 0.542209375846807, 0.1505654435272224]
     [0.08235684683632967, 0.542209375846807, 0.1505654435272224]
     [0.08235684683632967, 0.542209375846807, 0.1505654435272224]
     [0.08235684683632967, 0.542209375846807, 0.1505654435272224]

Gen: 26
     [0.08235684683632967, 0.542209375846807, 0.1505654435272224]
     [0.08235684683632967, 0.542209375846807, 0.1505654435272224]
     [0.08235684683632967, 0.542209375846807, 0.1505654435272224]
     [0.08235684683632967, 0.542209375846807, 0.1505654435272224]
     [0.08235684683632967, 0.542209375846807, 0.1505654435272224]
     [0.08235684683632967, 0.542209375846807, 0.1505654435272224]
     [0.08235684683632967, 0.542209375846807, 0.1505654435272224]
     [0.08235684683632967, 0.542209375846807, 0.1505654435272224]
     [0.08235684683632967, 0.542209375846807, 0.1505654435272224]
     [0.08235684683632967, 0.542209375846807, 0.1505654435272224]

Gen: 27
     [0.08235684683632967, 0.542209375846807, 0.1505654435272224]
     [0.08235684683632967, 0.542209375846807, 0.1505654435272224]
     [0.08235684683632967, 0.542209375846807, 0.1505654435272224]
     [0.08235684683632967, 0.542209375846807, 0.1505654435272224]
     [0.08235684683632967, 0.542209375846807, 0.1505654435272224]
     [0.08235684683632967, 0.542209375846807, 0.1505654435272224]
     [0.08235684683632967, 0.542209375846807, 0.1505654435272224]
     [0.08235684683632967, 0.542209375846807, 0.1505654435272224]
     [0.08235684683632967, 0.542209375846807, 0.1505654435272224]
     [0.08235684683632967, 0.542209375846807, 0.1505654435272224]

Gen: 28
     [0.08235684683632967, 0.542209375846807, 0.1505654435272224]
     [0.08235684683632967, 0.542209375846807, 0.1505654435272224]
     [0.08235684683632967, 0.542209375846807, 0.1505654435272224]
     [0.08235684683632967, 0.542209375846807, 0.1505654435272224]
     [0.08235684683632967, 0.542209375846807, 0.1505654435272224]
     [0.08235684683632967, 0.542209375846807, 0.1505654435272224]
     [0.08235684683632967, 0.542209375846807, 0.1505654435272224]
     [0.08235684683632967, 0.542209375846807, 0.1505654435272224]
     [0.08235684683632967, 0.542209375846807, 0.1505654435272224]
     [0.08235684683632967, 0.542209375846807, 0.1505654435272224]

Gen: 29
     [0.08235684683632967, 0.542209375846807, 0.1505654435272224]
     [0.08235684683632967, 0.542209375846807, 0.1505654435272224]
     [0.08235684683632967, 0.542209375846807, 0.1505654435272224]
     [0.08235684683632967, 0.542209375846807, 0.1505654435272224]
     [0.08235684683632967, 0.542209375846807, 0.1505654435272224]
     [0.08235684683632967, 0.542209375846807, 0.1505654435272224]
     [0.08235684683632967, 0.542209375846807, 0.1505654435272224]
     [0.08235684683632967, 0.542209375846807, 0.1505654435272224]
     [0.08235684683632967, 0.542209375846807, 0.1505654435272224]
     [0.08235684683632967, 0.542209375846807, 0.1505654435272224]

Gen: 30
     [0.08235684683632967, 0.542209375846807, 0.1505654435272224]
     [0.08235684683632967, 0.542209375846807, 0.1505654435272224]
     [0.08235684683632967, 0.542209375846807, 0.1505654435272224]
     [0.08235684683632967, 0.542209375846807, 0.1505654435272224]
     [0.08235684683632967, 0.542209375846807, 0.1505654435272224]
     [0.08235684683632967, 0.542209375846807, 0.1505654435272224]
     [0.08235684683632967, 0.542209375846807, 0.1505654435272224]
     [0.08235684683632967, 0.542209375846807, 0.1505654435272224]
     [0.08235684683632967, 0.542209375846807, 0.1505654435272224]
     [0.08235684683632967, 0.542209375846807, 0.1505654435272224]

Gen: 31
     [0.08235684683632967, 0.542209375846807, 0.1505654435272224]
     [0.08235684683632967, 0.542209375846807, 0.1505654435272224]
     [0.08235684683632967, 0.542209375846807, 0.1505654435272224]
     [0.08235684683632967, 0.542209375846807, 0.1505654435272224]
     [0.08235684683632967, 0.542209375846807, 0.1505654435272224]
     [0.08235684683632967, 0.542209375846807, 0.1505654435272224]
     [0.08235684683632967, 0.542209375846807, 0.1505654435272224]
     [0.08235684683632967, 0.542209375846807, 0.1505654435272224]
     [0.08235684683632967, 0.542209375846807, 0.1505654435272224]
     [0.08235684683632967, 0.542209375846807, 0.1505654435272224]

Gen: 32
     [0.08235684683632967, 0.542209375846807, 0.1505654435272224]
     [0.08235684683632967, 0.542209375846807, 0.1505654435272224]
     [0.08235684683632967, 0.542209375846807, 0.1505654435272224]
     [0.08235684683632967, 0.542209375846807, 0.1505654435272224]
     [0.08235684683632967, 0.542209375846807, 0.1505654435272224]
     [0.08235684683632967, 0.542209375846807, 0.1505654435272224]
     [0.08235684683632967, 0.542209375846807, 0.1505654435272224]
     [0.08235684683632967, 0.542209375846807, 0.1505654435272224]
     [0.08235684683632967, 0.542209375846807, 0.1505654435272224]
     [0.08235684683632967, 0.542209375846807, 0.1505654435272224]

Gen: 33
     [0.08235684683632967, 0.542209375846807, 0.1505654435272224]
     [0.08235684683632967, 0.542209375846807, 0.1505654435272224]
     [0.08235684683632967, 0.542209375846807, 0.1505654435272224]
     [0.08235684683632967, 0.542209375846807, 0.1505654435272224]
     [0.08235684683632967, 0.542209375846807, 0.1505654435272224]
     [0.08235684683632967, 0.542209375846807, 0.1505654435272224]
     [0.08235684683632967, 0.542209375846807, 0.1505654435272224]
     [0.08235684683632967, 0.542209375846807, 0.1505654435272224]
     [0.08235684683632967, 0.542209375846807, 0.1505654435272224]
     [0.08235684683632967, 0.542209375846807, 0.1505654435272224]

Gen: 34
     [0.08235684683632967, 0.542209375846807, 0.1505654435272224]
     [0.08235684683632967, 0.542209375846807, 0.1505654435272224]
     [0.08235684683632967, 0.542209375846807, 0.1505654435272224]
     [0.08235684683632967, 0.542209375846807, 0.1505654435272224]
     [0.08235684683632967, 0.542209375846807, 0.1505654435272224]
     [0.08235684683632967, 0.542209375846807, 0.1505654435272224]
     [0.08235684683632967, 0.542209375846807, 0.1505654435272224]
     [0.08235684683632967, 0.542209375846807, 0.1505654435272224]
     [0.08235684683632967, 0.542209375846807, 0.1505654435272224]
     [0.08235684683632967, 0.542209375846807, 0.1505654435272224]

Gen: 35
     [0.08235684683632967, 0.542209375846807, 0.1505654435272224]
     [0.08235684683632967, 0.542209375846807, 0.1505654435272224]
     [0.08235684683632967, 0.542209375846807, 0.1505654435272224]
     [0.08235684683632967, 0.542209375846807, 0.1505654435272224]
     [0.08235684683632967, 0.542209375846807, 0.1505654435272224]
     [0.08235684683632967, 0.542209375846807, 0.1505654435272224]
     [0.08235684683632967, 0.542209375846807, 0.1505654435272224]
     [0.08235684683632967, 0.542209375846807, 0.1505654435272224]
     [0.08235684683632967, 0.542209375846807, 0.1505654435272224]
     [0.08235684683632967, 0.542209375846807, 0.1505654435272224]

Gen: 36
     [0.08235684683632967, 0.542209375846807, 0.1505654435272224]
     [0.08235684683632967, 0.542209375846807, 0.1505654435272224]
     [0.08235684683632967, 0.542209375846807, 0.1505654435272224]
     [0.08235684683632967, 0.542209375846807, 0.1505654435272224]
     [0.08235684683632967, 0.542209375846807, 0.1505654435272224]
     [0.08235684683632967, 0.542209375846807, 0.1505654435272224]
     [0.08235684683632967, 0.542209375846807, 0.1505654435272224]
     [0.08235684683632967, 0.542209375846807, 0.1505654435272224]
     [0.08235684683632967, 0.542209375846807, 0.1505654435272224]
     [0.08235684683632967, 0.542209375846807, 0.1505654435272224]

Gen: 37
     [0.08235684683632967, 0.542209375846807, 0.1505654435272224]
     [0.08235684683632967, 0.542209375846807, 0.1505654435272224]
     [0.08235684683632967, 0.542209375846807, 0.1505654435272224]
     [0.08235684683632967, 0.542209375846807, 0.1505654435272224]
     [0.08235684683632967, 0.542209375846807, 0.1505654435272224]
     [0.08235684683632967, 0.542209375846807, 0.1505654435272224]
     [0.08235684683632967, 0.542209375846807, 0.1505654435272224]
     [0.08235684683632967, 0.542209375846807, 0.1505654435272224]
     [0.08235684683632967, 0.542209375846807, 0.1505654435272224]
     [0.08235684683632967, 0.542209375846807, 0.1505654435272224]

Gen: 38
     [0.08235684683632967, 0.542209375846807, 0.1505654435272224]
     [0.08235684683632967, 0.542209375846807, 0.1505654435272224]
     [0.08235684683632967, 0.542209375846807, 0.1505654435272224]
     [0.08235684683632967, 0.542209375846807, 0.1505654435272224]
     [0.08235684683632967, 0.542209375846807, 0.1505654435272224]
     [0.08235684683632967, 0.542209375846807, 0.1505654435272224]
     [0.08235684683632967, 0.542209375846807, 0.1505654435272224]
     [0.08235684683632967, 0.542209375846807, 0.1505654435272224]
     [0.08235684683632967, 0.542209375846807, 0.1505654435272224]
     [0.08235684683632967, 0.542209375846807, 0.1505654435272224]

Gen: 39
     [0.08235684683632967, 0.542209375846807, 0.1505654435272224]
     [0.08235684683632967, 0.542209375846807, 0.1505654435272224]
     [0.08235684683632967, 0.542209375846807, 0.1505654435272224]
     [0.08235684683632967, 0.542209375846807, 0.1505654435272224]
     [0.08235684683632967, 0.542209375846807, 0.1505654435272224]
     [0.08235684683632967, 0.542209375846807, 0.1505654435272224]
     [0.08235684683632967, 0.542209375846807, 0.1505654435272224]
     [0.08235684683632967, 0.542209375846807, 0.1505654435272224]
     [0.08235684683632967, 0.542209375846807, 0.1505654435272224]
     [0.08235684683632967, 0.542209375846807, 0.1505654435272224]

Gen: 40
     [0.08235684683632967, 0.542209375846807, 0.1505654435272224]
     [0.08235684683632967, 0.542209375846807, 0.1505654435272224]
     [0.08235684683632967, 0.542209375846807, 0.1505654435272224]
     [0.08235684683632967, 0.542209375846807, 0.1505654435272224]
     [0.08235684683632967, 0.542209375846807, 0.1505654435272224]
     [0.08235684683632967, 0.542209375846807, 0.1505654435272224]
     [0.08235684683632967, 0.542209375846807, 0.1505654435272224]
     [0.08235684683632967, 0.542209375846807, 0.1505654435272224]
     [0.08235684683632967, 0.542209375846807, 0.1505654435272224]
     [0.08235684683632967, 0.542209375846807, 0.1505654435272224]

Gen: 41
     [0.08235684683632967, 0.542209375846807, 0.1505654435272224]
     [0.08235684683632967, 0.542209375846807, 0.1505654435272224]
     [0.08235684683632967, 0.542209375846807, 0.1505654435272224]
     [0.08235684683632967, 0.542209375846807, 0.1505654435272224]
     [0.08235684683632967, 0.542209375846807, 0.1505654435272224]
     [0.08235684683632967, 0.542209375846807, 0.1505654435272224]
     [0.08235684683632967, 0.542209375846807, 0.1505654435272224]
     [0.08235684683632967, 0.542209375846807, 0.1505654435272224]
     [0.08235684683632967, 0.542209375846807, 0.1505654435272224]
     [0.08235684683632967, 0.542209375846807, 0.1505654435272224]

Gen: 42
     [0.08235684683632967, 0.542209375846807, 0.1505654435272224]
     [0.08235684683632967, 0.542209375846807, 0.1505654435272224]
     [0.08235684683632967, 0.542209375846807, 0.1505654435272224]
     [0.08235684683632967, 0.542209375846807, 0.1505654435272224]
     [0.08235684683632967, 0.542209375846807, 0.1505654435272224]
     [0.08235684683632967, 0.542209375846807, 0.1505654435272224]
     [0.08235684683632967, 0.542209375846807, 0.1505654435272224]
     [0.08235684683632967, 0.542209375846807, 0.1505654435272224]
     [0.08235684683632967, 0.542209375846807, 0.1505654435272224]
     [0.08235684683632967, 0.542209375846807, 0.1505654435272224]

Gen: 43
     [0.08235684683632967, 0.542209375846807, 0.1505654435272224]
     [0.08235684683632967, 0.542209375846807, 0.1505654435272224]
     [0.08235684683632967, 0.542209375846807, 0.1505654435272224]
     [0.08235684683632967, 0.542209375846807, 0.1505654435272224]
     [0.08235684683632967, 0.542209375846807, 0.1505654435272224]
     [0.08235684683632967, 0.542209375846807, 0.1505654435272224]
     [0.08235684683632967, 0.542209375846807, 0.1505654435272224]
     [0.08235684683632967, 0.542209375846807, 0.1505654435272224]
     [0.08235684683632967, 0.542209375846807, 0.1505654435272224]
     [0.08235684683632967, 0.542209375846807, 0.1505654435272224]

Gen: 44
     [0.08235684683632967, 0.542209375846807, 0.1505654435272224]
     [0.08235684683632967, 0.542209375846807, 0.1505654435272224]
     [0.08235684683632967, 0.542209375846807, 0.1505654435272224]
     [0.08235684683632967, 0.542209375846807, 0.1505654435272224]
     [0.08235684683632967, 0.542209375846807, 0.1505654435272224]
     [0.08235684683632967, 0.542209375846807, 0.1505654435272224]
     [0.08235684683632967, 0.542209375846807, 0.1505654435272224]
     [0.08235684683632967, 0.542209375846807, 0.1505654435272224]
     [0.08235684683632967, 0.542209375846807, 0.1505654435272224]
     [0.08235684683632967, 0.542209375846807, 0.1505654435272224]

Gen: 45
     [0.08235684683632967, 0.542209375846807, 0.1505654435272224]
     [0.08235684683632967, 0.542209375846807, 0.1505654435272224]
     [0.08235684683632967, 0.542209375846807, 0.1505654435272224]
     [0.08235684683632967, 0.542209375846807, 0.1505654435272224]
     [0.08235684683632967, 0.542209375846807, 0.1505654435272224]
     [0.08235684683632967, 0.542209375846807, 0.1505654435272224]
     [0.08235684683632967, 0.542209375846807, 0.1505654435272224]
     [0.08235684683632967, 0.542209375846807, 0.1505654435272224]
     [0.08235684683632967, 0.542209375846807, 0.1505654435272224]
     [0.08235684683632967, 0.542209375846807, 0.1505654435272224]

Gen: 46
     [0.08235684683632967, 0.542209375846807, 0.1505654435272224]
     [0.08235684683632967, 0.542209375846807, 0.1505654435272224]
     [0.08235684683632967, 0.542209375846807, 0.1505654435272224]
     [0.08235684683632967, 0.542209375846807, 0.1505654435272224]
     [0.08235684683632967, 0.542209375846807, 0.1505654435272224]
     [0.08235684683632967, 0.542209375846807, 0.1505654435272224]
     [0.08235684683632967, 0.542209375846807, 0.1505654435272224]
     [0.08235684683632967, 0.542209375846807, 0.1505654435272224]
     [0.08235684683632967, 0.542209375846807, 0.1505654435272224]
     [0.08235684683632967, 0.542209375846807, 0.1505654435272224]

Gen: 47
     [0.08235684683632967, 0.542209375846807, 0.1505654435272224]
     [0.08235684683632967, 0.542209375846807, 0.1505654435272224]
     [0.08235684683632967, 0.542209375846807, 0.1505654435272224]
     [0.08235684683632967, 0.542209375846807, 0.1505654435272224]
     [0.08235684683632967, 0.542209375846807, 0.1505654435272224]
     [0.08235684683632967, 0.542209375846807, 0.1505654435272224]
     [0.08235684683632967, 0.542209375846807, 0.1505654435272224]
     [0.08235684683632967, 0.542209375846807, 0.1505654435272224]
     [0.08235684683632967, 0.542209375846807, 0.1505654435272224]
     [0.08235684683632967, 0.542209375846807, 0.1505654435272224]

Gen: 48
     [0.08235684683632967, 0.542209375846807, 0.1505654435272224]
     [0.08235684683632967, 0.542209375846807, 0.1505654435272224]
     [0.08235684683632967, 0.542209375846807, 0.1505654435272224]
     [0.08235684683632967, 0.542209375846807, 0.1505654435272224]
     [0.08235684683632967, 0.542209375846807, 0.1505654435272224]
     [0.08235684683632967, 0.542209375846807, 0.1505654435272224]
     [0.08235684683632967, 0.542209375846807, 0.1505654435272224]
     [0.08235684683632967, 0.542209375846807, 0.1505654435272224]
     [0.08235684683632967, 0.542209375846807, 0.1505654435272224]
     [0.08235684683632967, 0.542209375846807, 0.1505654435272224]

Gen: 49
     [0.08235684683632967, 0.542209375846807, 0.1505654435272224]
     [0.08235684683632967, 0.542209375846807, 0.1505654435272224]
     [0.08235684683632967, 0.542209375846807, 0.1505654435272224]
     [0.08235684683632967, 0.542209375846807, 0.1505654435272224]
     [0.08235684683632967, 0.542209375846807, 0.1505654435272224]
     [0.08235684683632967, 0.542209375846807, 0.1505654435272224]
     [0.08235684683632967, 0.542209375846807, 0.1505654435272224]
     [0.08235684683632967, 0.542209375846807, 0.1505654435272224]
     [0.08235684683632967, 0.542209375846807, 0.1505654435272224]
     [0.08235684683632967, 0.542209375846807, 0.1505654435272224]

Gen: 50
     [0.08235684683632967, 0.542209375846807, 0.1505654435272224]
     [0.08235684683632967, 0.542209375846807, 0.1505654435272224]
     [0.08235684683632967, 0.542209375846807, 0.1505654435272224]
     [0.08235684683632967, 0.542209375846807, 0.1505654435272224]
     [0.08235684683632967, 0.542209375846807, 0.1505654435272224]
     [0.08235684683632967, 0.542209375846807, 0.1505654435272224]
     [0.08235684683632967, 0.542209375846807, 0.1505654435272224]
     [0.08235684683632967, 0.542209375846807, 0.1505654435272224]
     [0.08235684683632967, 0.542209375846807, 0.1505654435272224]
     [0.08235684683632967, 0.542209375846807, 0.1505654435272224]

Gen: 51
     [0.08235684683632967, 0.542209375846807, 0.1505654435272224]
     [0.08235684683632967, 0.542209375846807, 0.1505654435272224]
     [0.08235684683632967, 0.542209375846807, 0.1505654435272224]
     [0.08235684683632967, 0.542209375846807, 0.1505654435272224]
     [0.08235684683632967, 0.542209375846807, 0.1505654435272224]
     [0.08235684683632967, 0.542209375846807, 0.1505654435272224]
     [0.08235684683632967, 0.542209375846807, 0.1505654435272224]
     [0.08235684683632967, 0.542209375846807, 0.1505654435272224]
     [0.08235684683632967, 0.542209375846807, 0.1505654435272224]
     [0.08235684683632967, 0.542209375846807, 0.1505654435272224]

Gen: 52
     [0.08235684683632967, 0.542209375846807, 0.1505654435272224]
     [0.08235684683632967, 0.542209375846807, 0.1505654435272224]
     [0.08235684683632967, 0.542209375846807, 0.1505654435272224]
     [0.08235684683632967, 0.542209375846807, 0.1505654435272224]
     [0.08235684683632967, 0.542209375846807, 0.1505654435272224]
     [0.08235684683632967, 0.542209375846807, 0.1505654435272224]
     [0.08235684683632967, 0.542209375846807, 0.1505654435272224]
     [0.08235684683632967, 0.542209375846807, 0.1505654435272224]
     [0.08235684683632967, 0.542209375846807, 0.1505654435272224]
     [0.08235684683632967, 0.542209375846807, 0.1505654435272224]

Gen: 53
     [0.08235684683632967, 0.542209375846807, 0.1505654435272224]
     [0.08235684683632967, 0.542209375846807, 0.1505654435272224]
     [0.08235684683632967, 0.542209375846807, 0.1505654435272224]
     [0.08235684683632967, 0.542209375846807, 0.1505654435272224]
     [0.08235684683632967, 0.542209375846807, 0.1505654435272224]
     [0.08235684683632967, 0.542209375846807, 0.1505654435272224]
     [0.08235684683632967, 0.542209375846807, 0.1505654435272224]
     [0.08235684683632967, 0.542209375846807, 0.1505654435272224]
     [0.08235684683632967, 0.542209375846807, 0.1505654435272224]
     [0.08235684683632967, 0.542209375846807, 0.1505654435272224]

Gen: 54
     [0.08235684683632967, 0.542209375846807, 0.1505654435272224]
     [0.08235684683632967, 0.542209375846807, 0.1505654435272224]
     [0.08235684683632967, 0.542209375846807, 0.1505654435272224]
     [0.08235684683632967, 0.542209375846807, 0.1505654435272224]
     [0.08235684683632967, 0.542209375846807, 0.1505654435272224]
     [0.08235684683632967, 0.542209375846807, 0.1505654435272224]
     [0.08235684683632967, 0.542209375846807, 0.1505654435272224]
     [0.08235684683632967, 0.542209375846807, 0.1505654435272224]
     [0.08235684683632967, 0.542209375846807, 0.1505654435272224]
     [0.08235684683632967, 0.542209375846807, 0.1505654435272224]

Gen: 55
     [0.08235684683632967, 0.542209375846807, 0.1505654435272224]
     [0.08235684683632967, 0.542209375846807, 0.1505654435272224]
     [0.08235684683632967, 0.542209375846807, 0.1505654435272224]
     [0.08235684683632967, 0.542209375846807, 0.1505654435272224]
     [0.08235684683632967, 0.542209375846807, 0.1505654435272224]
     [0.08235684683632967, 0.542209375846807, 0.1505654435272224]
     [0.08235684683632967, 0.542209375846807, 0.1505654435272224]
     [0.08235684683632967, 0.542209375846807, 0.1505654435272224]
     [0.08235684683632967, 0.542209375846807, 0.1505654435272224]
     [0.07716310607829403, 0.4010297172793786, 0.17095958390991076]

Gen: 56
     [0.08235684683632967, 0.542209375846807, 0.1505654435272224]
     [0.08235684683632967, 0.542209375846807, 0.1505654435272224]
     [0.08235684683632967, 0.542209375846807, 0.1505654435272224]
     [0.08235684683632967, 0.542209375846807, 0.1505654435272224]
     [0.08235684683632967, 0.542209375846807, 0.1505654435272224]
     [0.08235684683632967, 0.542209375846807, 0.1505654435272224]
     [0.08235684683632967, 0.542209375846807, 0.1505654435272224]
     [0.07716310607829403, 0.4010297172793786, 0.17095958390991076]
     [0.07716310607829403, 0.4010297172793786, 0.17095958390991076]
     [0.07716310607829403, 0.4010297172793786, 0.17095958390991076]

Gen: 57
     [0.08235684683632967, 0.542209375846807, 0.1505654435272224]
     [0.08235684683632967, 0.542209375846807, 0.1505654435272224]
     [0.08235684683632967, 0.542209375846807, 0.1505654435272224]
     [0.07716310607829403, 0.4010297172793786, 0.17095958390991076]
     [0.07716310607829403, 0.4010297172793786, 0.17095958390991076]
     [0.07716310607829403, 0.4010297172793786, 0.17095958390991076]
     [0.07716310607829403, 0.4010297172793786, 0.17095958390991076]
     [0.07716310607829403, 0.4010297172793786, 0.17095958390991076]
     [0.07716310607829403, 0.4010297172793786, 0.17095958390991076]
     [0.07716310607829403, 0.4010297172793786, 0.17095958390991076]

Gen: 58
     [0.07716310607829403, 0.4010297172793786, 0.17095958390991076]
     [0.07716310607829403, 0.4010297172793786, 0.17095958390991076]
     [0.07716310607829403, 0.4010297172793786, 0.17095958390991076]
     [0.07716310607829403, 0.4010297172793786, 0.17095958390991076]
     [0.07716310607829403, 0.4010297172793786, 0.17095958390991076]
     [0.07716310607829403, 0.4010297172793786, 0.17095958390991076]
     [0.07716310607829403, 0.4010297172793786, 0.17095958390991076]
     [0.07716310607829403, 0.4010297172793786, 0.17095958390991076]
     [0.07716310607829403, 0.4010297172793786, 0.17095958390991076]
     [0.07716310607829403, 0.4010297172793786, 0.17095958390991076]

Gen: 59
     [0.07716310607829403, 0.4010297172793786, 0.17095958390991076]
     [0.07716310607829403, 0.4010297172793786, 0.17095958390991076]
     [0.07716310607829403, 0.4010297172793786, 0.17095958390991076]
     [0.07716310607829403, 0.4010297172793786, 0.17095958390991076]
     [0.07716310607829403, 0.4010297172793786, 0.17095958390991076]
     [0.07716310607829403, 0.4010297172793786, 0.17095958390991076]
     [0.07716310607829403, 0.4010297172793786, 0.17095958390991076]
     [0.07716310607829403, 0.4010297172793786, 0.17095958390991076]
     [0.07716310607829403, 0.4010297172793786, 0.17095958390991076]
     [0.07716310607829403, 0.4010297172793786, 0.17095958390991076]

Gen: 60
     [0.07716310607829403, 0.4010297172793786, 0.17095958390991076]
     [0.07716310607829403, 0.4010297172793786, 0.17095958390991076]
     [0.07716310607829403, 0.4010297172793786, 0.17095958390991076]
     [0.07716310607829403, 0.4010297172793786, 0.17095958390991076]
     [0.07716310607829403, 0.4010297172793786, 0.17095958390991076]
     [0.07716310607829403, 0.4010297172793786, 0.17095958390991076]
     [0.07716310607829403, 0.4010297172793786, 0.17095958390991076]
     [0.07716310607829403, 0.4010297172793786, 0.17095958390991076]
     [0.07716310607829403, 0.4010297172793786, 0.17095958390991076]
     [0.07716310607829403, 0.4010297172793786, 0.17095958390991076]

Gen: 61
     [0.07716310607829403, 0.4010297172793786, 0.17095958390991076]
     [0.07716310607829403, 0.4010297172793786, 0.17095958390991076]
     [0.07716310607829403, 0.4010297172793786, 0.17095958390991076]
     [0.07716310607829403, 0.4010297172793786, 0.17095958390991076]
     [0.07716310607829403, 0.4010297172793786, 0.17095958390991076]
     [0.07716310607829403, 0.4010297172793786, 0.17095958390991076]
     [0.07716310607829403, 0.4010297172793786, 0.17095958390991076]
     [0.07716310607829403, 0.4010297172793786, 0.17095958390991076]
     [0.07716310607829403, 0.4010297172793786, 0.17095958390991076]
     [0.07716310607829403, 0.4010297172793786, 0.17095958390991076]

Gen: 62
     [0.07716310607829403, 0.4010297172793786, 0.17095958390991076]
     [0.07716310607829403, 0.4010297172793786, 0.17095958390991076]
     [0.07716310607829403, 0.4010297172793786, 0.17095958390991076]
     [0.07716310607829403, 0.4010297172793786, 0.17095958390991076]
     [0.07716310607829403, 0.4010297172793786, 0.17095958390991076]
     [0.07716310607829403, 0.4010297172793786, 0.17095958390991076]
     [0.07716310607829403, 0.4010297172793786, 0.17095958390991076]
     [0.07716310607829403, 0.4010297172793786, 0.17095958390991076]
     [0.07716310607829403, 0.4010297172793786, 0.17095958390991076]
     [0.07716310607829403, 0.4010297172793786, 0.17095958390991076]

Gen: 63
     [0.07716310607829403, 0.4010297172793786, 0.17095958390991076]
     [0.07716310607829403, 0.4010297172793786, 0.17095958390991076]
     [0.07716310607829403, 0.4010297172793786, 0.17095958390991076]
     [0.07716310607829403, 0.4010297172793786, 0.17095958390991076]
     [0.07716310607829403, 0.4010297172793786, 0.17095958390991076]
     [0.07716310607829403, 0.4010297172793786, 0.17095958390991076]
     [0.07716310607829403, 0.4010297172793786, 0.17095958390991076]
     [0.07716310607829403, 0.4010297172793786, 0.17095958390991076]
     [0.07716310607829403, 0.4010297172793786, 0.17095958390991076]
     [0.07716310607829403, 0.4010297172793786, 0.17095958390991076]

Gen: 64
     [0.07716310607829403, 0.4010297172793786, 0.17095958390991076]
     [0.07716310607829403, 0.4010297172793786, 0.17095958390991076]
     [0.07716310607829403, 0.4010297172793786, 0.17095958390991076]
     [0.07716310607829403, 0.4010297172793786, 0.17095958390991076]
     [0.07716310607829403, 0.4010297172793786, 0.17095958390991076]
     [0.07716310607829403, 0.4010297172793786, 0.17095958390991076]
     [0.07716310607829403, 0.4010297172793786, 0.17095958390991076]
     [0.07716310607829403, 0.4010297172793786, 0.17095958390991076]
     [0.07716310607829403, 0.4010297172793786, 0.17095958390991076]
     [0.07716310607829403, 0.4010297172793786, 0.17095958390991076]

Gen: 65
     [0.07716310607829403, 0.4010297172793786, 0.17095958390991076]
     [0.07716310607829403, 0.4010297172793786, 0.17095958390991076]
     [0.07716310607829403, 0.4010297172793786, 0.17095958390991076]
     [0.07716310607829403, 0.4010297172793786, 0.17095958390991076]
     [0.07716310607829403, 0.4010297172793786, 0.17095958390991076]
     [0.07716310607829403, 0.4010297172793786, 0.17095958390991076]
     [0.07716310607829403, 0.4010297172793786, 0.17095958390991076]
     [0.07716310607829403, 0.4010297172793786, 0.17095958390991076]
     [0.07716310607829403, 0.4010297172793786, 0.17095958390991076]
     [0.07716310607829403, 0.4010297172793786, 0.17095958390991076]

Gen: 66
     [0.07716310607829403, 0.4010297172793786, 0.17095958390991076]
     [0.07716310607829403, 0.4010297172793786, 0.17095958390991076]
     [0.07716310607829403, 0.4010297172793786, 0.17095958390991076]
     [0.07716310607829403, 0.4010297172793786, 0.17095958390991076]
     [0.07716310607829403, 0.4010297172793786, 0.17095958390991076]
     [0.07716310607829403, 0.4010297172793786, 0.17095958390991076]
     [0.07716310607829403, 0.4010297172793786, 0.17095958390991076]
     [0.07716310607829403, 0.4010297172793786, 0.17095958390991076]
     [0.07716310607829403, 0.4010297172793786, 0.17095958390991076]
     [0.07716310607829403, 0.4010297172793786, 0.17095958390991076]

Gen: 67
     [0.07716310607829403, 0.4010297172793786, 0.17095958390991076]
     [0.07716310607829403, 0.4010297172793786, 0.17095958390991076]
     [0.07716310607829403, 0.4010297172793786, 0.17095958390991076]
     [0.07716310607829403, 0.4010297172793786, 0.17095958390991076]
     [0.07716310607829403, 0.4010297172793786, 0.17095958390991076]
     [0.07716310607829403, 0.4010297172793786, 0.17095958390991076]
     [0.07716310607829403, 0.4010297172793786, 0.17095958390991076]
     [0.07716310607829403, 0.4010297172793786, 0.17095958390991076]
     [0.07716310607829403, 0.4010297172793786, 0.17095958390991076]
     [0.07716310607829403, 0.4010297172793786, 0.17095958390991076]

Gen: 68
     [0.07716310607829403, 0.4010297172793786, 0.17095958390991076]
     [0.07716310607829403, 0.4010297172793786, 0.17095958390991076]
     [0.07716310607829403, 0.4010297172793786, 0.17095958390991076]
     [0.07716310607829403, 0.4010297172793786, 0.17095958390991076]
     [0.07716310607829403, 0.4010297172793786, 0.17095958390991076]
     [0.07716310607829403, 0.4010297172793786, 0.17095958390991076]
     [0.07716310607829403, 0.4010297172793786, 0.17095958390991076]
     [0.07716310607829403, 0.4010297172793786, 0.17095958390991076]
     [0.07716310607829403, 0.4010297172793786, 0.17095958390991076]
     [0.07716310607829403, 0.4010297172793786, 0.17095958390991076]

Gen: 69
     [0.07716310607829403, 0.4010297172793786, 0.17095958390991076]
     [0.07716310607829403, 0.4010297172793786, 0.17095958390991076]
     [0.07716310607829403, 0.4010297172793786, 0.17095958390991076]
     [0.07716310607829403, 0.4010297172793786, 0.17095958390991076]
     [0.07716310607829403, 0.4010297172793786, 0.17095958390991076]
     [0.07716310607829403, 0.4010297172793786, 0.17095958390991076]
     [0.07716310607829403, 0.4010297172793786, 0.17095958390991076]
     [0.07716310607829403, 0.4010297172793786, 0.17095958390991076]
     [0.07716310607829403, 0.4010297172793786, 0.17095958390991076]
     [0.07716310607829403, 0.4010297172793786, 0.17095958390991076]

Gen: 70
     [0.07716310607829403, 0.4010297172793786, 0.17095958390991076]
     [0.07716310607829403, 0.4010297172793786, 0.17095958390991076]
     [0.07716310607829403, 0.4010297172793786, 0.17095958390991076]
     [0.07716310607829403, 0.4010297172793786, 0.17095958390991076]
     [0.07716310607829403, 0.4010297172793786, 0.17095958390991076]
     [0.07716310607829403, 0.4010297172793786, 0.17095958390991076]
     [0.07716310607829403, 0.4010297172793786, 0.17095958390991076]
     [0.07716310607829403, 0.4010297172793786, 0.17095958390991076]
     [0.07716310607829403, 0.4010297172793786, 0.17095958390991076]
     [0.07716310607829403, 0.4010297172793786, 0.17095958390991076]

Gen: 71
     [0.07716310607829403, 0.4010297172793786, 0.17095958390991076]
     [0.07716310607829403, 0.4010297172793786, 0.17095958390991076]
     [0.07716310607829403, 0.4010297172793786, 0.17095958390991076]
     [0.07716310607829403, 0.4010297172793786, 0.17095958390991076]
     [0.07716310607829403, 0.4010297172793786, 0.17095958390991076]
     [0.07716310607829403, 0.4010297172793786, 0.17095958390991076]
     [0.07716310607829403, 0.4010297172793786, 0.17095958390991076]
     [0.07716310607829403, 0.4010297172793786, 0.17095958390991076]
     [0.07716310607829403, 0.4010297172793786, 0.17095958390991076]
     [0.07716310607829403, 0.4010297172793786, 0.17095958390991076]

Gen: 72
     [0.07716310607829403, 0.4010297172793786, 0.17095958390991076]
     [0.07716310607829403, 0.4010297172793786, 0.17095958390991076]
     [0.07716310607829403, 0.4010297172793786, 0.17095958390991076]
     [0.07716310607829403, 0.4010297172793786, 0.17095958390991076]
     [0.07716310607829403, 0.4010297172793786, 0.17095958390991076]
     [0.07716310607829403, 0.4010297172793786, 0.17095958390991076]
     [0.07716310607829403, 0.4010297172793786, 0.17095958390991076]
     [0.07716310607829403, 0.4010297172793786, 0.17095958390991076]
     [0.07716310607829403, 0.4010297172793786, 0.17095958390991076]
     [0.07716310607829403, 0.4010297172793786, 0.17095958390991076]

Gen: 73
     [0.07716310607829403, 0.4010297172793786, 0.17095958390991076]
     [0.07716310607829403, 0.4010297172793786, 0.17095958390991076]
     [0.07716310607829403, 0.4010297172793786, 0.17095958390991076]
     [0.07716310607829403, 0.4010297172793786, 0.17095958390991076]
     [0.07716310607829403, 0.4010297172793786, 0.17095958390991076]
     [0.07716310607829403, 0.4010297172793786, 0.17095958390991076]
     [0.07716310607829403, 0.4010297172793786, 0.17095958390991076]
     [0.07716310607829403, 0.4010297172793786, 0.17095958390991076]
     [0.07716310607829403, 0.4010297172793786, 0.17095958390991076]
     [0.07716310607829403, 0.4010297172793786, 0.17095958390991076]

Gen: 74
     [0.07716310607829403, 0.4010297172793786, 0.17095958390991076]
     [0.07716310607829403, 0.4010297172793786, 0.17095958390991076]
     [0.07716310607829403, 0.4010297172793786, 0.17095958390991076]
     [0.07716310607829403, 0.4010297172793786, 0.17095958390991076]
     [0.07716310607829403, 0.4010297172793786, 0.17095958390991076]
     [0.07716310607829403, 0.4010297172793786, 0.17095958390991076]
     [0.07716310607829403, 0.4010297172793786, 0.17095958390991076]
     [0.07716310607829403, 0.4010297172793786, 0.17095958390991076]
     [0.07716310607829403, 0.4010297172793786, 0.17095958390991076]
     [0.07716310607829403, 0.4010297172793786, 0.17095958390991076]

Gen: 75
     [0.07716310607829403, 0.4010297172793786, 0.17095958390991076]
     [0.07716310607829403, 0.4010297172793786, 0.17095958390991076]
     [0.07716310607829403, 0.4010297172793786, 0.17095958390991076]
     [0.07716310607829403, 0.4010297172793786, 0.17095958390991076]
     [0.07716310607829403, 0.4010297172793786, 0.17095958390991076]
     [0.07716310607829403, 0.4010297172793786, 0.17095958390991076]
     [0.07716310607829403, 0.4010297172793786, 0.17095958390991076]
     [0.07716310607829403, 0.4010297172793786, 0.17095958390991076]
     [0.07716310607829403, 0.4010297172793786, 0.17095958390991076]
     [0.07716310607829403, 0.4010297172793786, 0.17095958390991076]

Gen: 76
     [0.07716310607829403, 0.4010297172793786, 0.17095958390991076]
     [0.07716310607829403, 0.4010297172793786, 0.17095958390991076]
     [0.07716310607829403, 0.4010297172793786, 0.17095958390991076]
     [0.07716310607829403, 0.4010297172793786, 0.17095958390991076]
     [0.07716310607829403, 0.4010297172793786, 0.17095958390991076]
     [0.07716310607829403, 0.4010297172793786, 0.17095958390991076]
     [0.07716310607829403, 0.4010297172793786, 0.17095958390991076]
     [0.07716310607829403, 0.4010297172793786, 0.17095958390991076]
     [0.07716310607829403, 0.4010297172793786, 0.17095958390991076]
     [0.07716310607829403, 0.4010297172793786, 0.17095958390991076]

Gen: 77
     [0.07716310607829403, 0.4010297172793786, 0.17095958390991076]
     [0.07716310607829403, 0.4010297172793786, 0.17095958390991076]
     [0.07716310607829403, 0.4010297172793786, 0.17095958390991076]
     [0.07716310607829403, 0.4010297172793786, 0.17095958390991076]
     [0.07716310607829403, 0.4010297172793786, 0.17095958390991076]
     [0.07716310607829403, 0.4010297172793786, 0.17095958390991076]
     [0.07716310607829403, 0.4010297172793786, 0.17095958390991076]
     [0.07716310607829403, 0.4010297172793786, 0.17095958390991076]
     [0.07716310607829403, 0.4010297172793786, 0.17095958390991076]
     [0.07716310607829403, 0.4010297172793786, 0.17095958390991076]

Gen: 78
     [0.07716310607829403, 0.4010297172793786, 0.17095958390991076]
     [0.07716310607829403, 0.4010297172793786, 0.17095958390991076]
     [0.07716310607829403, 0.4010297172793786, 0.17095958390991076]
     [0.07716310607829403, 0.4010297172793786, 0.17095958390991076]
     [0.07716310607829403, 0.4010297172793786, 0.17095958390991076]
     [0.07716310607829403, 0.4010297172793786, 0.17095958390991076]
     [0.07716310607829403, 0.4010297172793786, 0.17095958390991076]
     [0.07716310607829403, 0.4010297172793786, 0.17095958390991076]
     [0.07716310607829403, 0.4010297172793786, 0.17095958390991076]
     [0.07716310607829403, 0.4010297172793786, 0.17095958390991076]

Gen: 79
     [0.07716310607829403, 0.4010297172793786, 0.17095958390991076]
     [0.07716310607829403, 0.4010297172793786, 0.17095958390991076]
     [0.07716310607829403, 0.4010297172793786, 0.17095958390991076]
     [0.07716310607829403, 0.4010297172793786, 0.17095958390991076]
     [0.07716310607829403, 0.4010297172793786, 0.17095958390991076]
     [0.07716310607829403, 0.4010297172793786, 0.17095958390991076]
     [0.07716310607829403, 0.4010297172793786, 0.17095958390991076]
     [0.07716310607829403, 0.4010297172793786, 0.17095958390991076]
     [0.07716310607829403, 0.4010297172793786, 0.17095958390991076]
     [0.07716310607829403, 0.4010297172793786, 0.17095958390991076]

Gen: 80
     [0.07716310607829403, 0.4010297172793786, 0.17095958390991076]
     [0.07716310607829403, 0.4010297172793786, 0.17095958390991076]
     [0.07716310607829403, 0.4010297172793786, 0.17095958390991076]
     [0.07716310607829403, 0.4010297172793786, 0.17095958390991076]
     [0.07716310607829403, 0.4010297172793786, 0.17095958390991076]
     [0.07716310607829403, 0.4010297172793786, 0.17095958390991076]
     [0.07716310607829403, 0.4010297172793786, 0.17095958390991076]
     [0.07716310607829403, 0.4010297172793786, 0.17095958390991076]
     [0.07716310607829403, 0.4010297172793786, 0.17095958390991076]
     [0.07716310607829403, 0.4010297172793786, 0.17095958390991076]

Gen: 81
     [0.07716310607829403, 0.4010297172793786, 0.17095958390991076]
     [0.07716310607829403, 0.4010297172793786, 0.17095958390991076]
     [0.07716310607829403, 0.4010297172793786, 0.17095958390991076]
     [0.07716310607829403, 0.4010297172793786, 0.17095958390991076]
     [0.07716310607829403, 0.4010297172793786, 0.17095958390991076]
     [0.07716310607829403, 0.4010297172793786, 0.17095958390991076]
     [0.07716310607829403, 0.4010297172793786, 0.17095958390991076]
     [0.07716310607829403, 0.4010297172793786, 0.17095958390991076]
     [0.07716310607829403, 0.4010297172793786, 0.17095958390991076]
     [0.07716310607829403, 0.4010297172793786, 0.17095958390991076]

Gen: 82
     [0.07716310607829403, 0.4010297172793786, 0.17095958390991076]
     [0.07716310607829403, 0.4010297172793786, 0.17095958390991076]
     [0.07716310607829403, 0.4010297172793786, 0.17095958390991076]
     [0.07716310607829403, 0.4010297172793786, 0.17095958390991076]
     [0.07716310607829403, 0.4010297172793786, 0.17095958390991076]
     [0.07716310607829403, 0.4010297172793786, 0.17095958390991076]
     [0.07716310607829403, 0.4010297172793786, 0.17095958390991076]
     [0.07716310607829403, 0.4010297172793786, 0.17095958390991076]
     [0.07716310607829403, 0.4010297172793786, 0.17095958390991076]
     [0.07716310607829403, 0.4010297172793786, 0.17095958390991076]

Gen: 83
     [0.07716310607829403, 0.4010297172793786, 0.17095958390991076]
     [0.07716310607829403, 0.4010297172793786, 0.17095958390991076]
     [0.07716310607829403, 0.4010297172793786, 0.17095958390991076]
     [0.07716310607829403, 0.4010297172793786, 0.17095958390991076]
     [0.07716310607829403, 0.4010297172793786, 0.17095958390991076]
     [0.07716310607829403, 0.4010297172793786, 0.17095958390991076]
     [0.07716310607829403, 0.4010297172793786, 0.17095958390991076]
     [0.07716310607829403, 0.4010297172793786, 0.17095958390991076]
     [0.07716310607829403, 0.4010297172793786, 0.17095958390991076]
     [0.07716310607829403, 0.4010297172793786, 0.17095958390991076]

Gen: 84
     [0.07716310607829403, 0.4010297172793786, 0.17095958390991076]
     [0.07716310607829403, 0.4010297172793786, 0.17095958390991076]
     [0.07716310607829403, 0.4010297172793786, 0.17095958390991076]
     [0.07716310607829403, 0.4010297172793786, 0.17095958390991076]
     [0.07716310607829403, 0.4010297172793786, 0.17095958390991076]
     [0.07716310607829403, 0.4010297172793786, 0.17095958390991076]
     [0.07716310607829403, 0.4010297172793786, 0.17095958390991076]
     [0.07716310607829403, 0.4010297172793786, 0.17095958390991076]
     [0.07716310607829403, 0.4010297172793786, 0.17095958390991076]
     [0.07716310607829403, 0.4010297172793786, 0.17095958390991076]

Gen: 85
     [0.07716310607829403, 0.4010297172793786, 0.17095958390991076]
     [0.07716310607829403, 0.4010297172793786, 0.17095958390991076]
     [0.07716310607829403, 0.4010297172793786, 0.17095958390991076]
     [0.07716310607829403, 0.4010297172793786, 0.17095958390991076]
     [0.07716310607829403, 0.4010297172793786, 0.17095958390991076]
     [0.07716310607829403, 0.4010297172793786, 0.17095958390991076]
     [0.07716310607829403, 0.4010297172793786, 0.17095958390991076]
     [0.07716310607829403, 0.4010297172793786, 0.17095958390991076]
     [0.07716310607829403, 0.4010297172793786, 0.17095958390991076]
     [0.07716310607829403, 0.4010297172793786, 0.17095958390991076]

Gen: 86
     [0.07716310607829403, 0.4010297172793786, 0.17095958390991076]
     [0.07716310607829403, 0.4010297172793786, 0.17095958390991076]
     [0.07716310607829403, 0.4010297172793786, 0.17095958390991076]
     [0.07716310607829403, 0.4010297172793786, 0.17095958390991076]
     [0.07716310607829403, 0.4010297172793786, 0.17095958390991076]
     [0.07716310607829403, 0.4010297172793786, 0.17095958390991076]
     [0.07716310607829403, 0.4010297172793786, 0.17095958390991076]
     [0.07716310607829403, 0.4010297172793786, 0.17095958390991076]
     [0.07716310607829403, 0.4010297172793786, 0.17095958390991076]
     [0.07716310607829403, 0.4010297172793786, 0.17095958390991076]

Gen: 87
     [0.07716310607829403, 0.4010297172793786, 0.17095958390991076]
     [0.07716310607829403, 0.4010297172793786, 0.17095958390991076]
     [0.07716310607829403, 0.4010297172793786, 0.17095958390991076]
     [0.07716310607829403, 0.4010297172793786, 0.17095958390991076]
     [0.07716310607829403, 0.4010297172793786, 0.17095958390991076]
     [0.07716310607829403, 0.4010297172793786, 0.17095958390991076]
     [0.07716310607829403, 0.4010297172793786, 0.17095958390991076]
     [0.07716310607829403, 0.4010297172793786, 0.17095958390991076]
     [0.07716310607829403, 0.4010297172793786, 0.17095958390991076]
     [0.07716310607829403, 0.4010297172793786, 0.17095958390991076]

Gen: 88
     [0.07716310607829403, 0.4010297172793786, 0.17095958390991076]
     [0.07716310607829403, 0.4010297172793786, 0.17095958390991076]
     [0.07716310607829403, 0.4010297172793786, 0.17095958390991076]
     [0.07716310607829403, 0.4010297172793786, 0.17095958390991076]
     [0.07716310607829403, 0.4010297172793786, 0.17095958390991076]
     [0.07716310607829403, 0.4010297172793786, 0.17095958390991076]
     [0.07716310607829403, 0.4010297172793786, 0.17095958390991076]
     [0.07716310607829403, 0.4010297172793786, 0.17095958390991076]
     [0.07716310607829403, 0.4010297172793786, 0.17095958390991076]
     [0.07716310607829403, 0.4010297172793786, 0.17095958390991076]

Gen: 89
     [0.07716310607829403, 0.4010297172793786, 0.17095958390991076]
     [0.07716310607829403, 0.4010297172793786, 0.17095958390991076]
     [0.07716310607829403, 0.4010297172793786, 0.17095958390991076]
     [0.07716310607829403, 0.4010297172793786, 0.17095958390991076]
     [0.07716310607829403, 0.4010297172793786, 0.17095958390991076]
     [0.07716310607829403, 0.4010297172793786, 0.17095958390991076]
     [0.07716310607829403, 0.4010297172793786, 0.17095958390991076]
     [0.07716310607829403, 0.4010297172793786, 0.17095958390991076]
     [0.07716310607829403, 0.4010297172793786, 0.17095958390991076]
     [0.07716310607829403, 0.4010297172793786, 0.17095958390991076]

Gen: 90
     [0.07716310607829403, 0.4010297172793786, 0.17095958390991076]
     [0.07716310607829403, 0.4010297172793786, 0.17095958390991076]
     [0.07716310607829403, 0.4010297172793786, 0.17095958390991076]
     [0.07716310607829403, 0.4010297172793786, 0.17095958390991076]
     [0.07716310607829403, 0.4010297172793786, 0.17095958390991076]
     [0.07716310607829403, 0.4010297172793786, 0.17095958390991076]
     [0.07716310607829403, 0.4010297172793786, 0.17095958390991076]
     [0.07716310607829403, 0.4010297172793786, 0.17095958390991076]
     [0.07716310607829403, 0.4010297172793786, 0.17095958390991076]
     [0.07716310607829403, 0.4010297172793786, 0.17095958390991076]

Gen: 91
     [0.07716310607829403, 0.4010297172793786, 0.17095958390991076]
     [0.07716310607829403, 0.4010297172793786, 0.17095958390991076]
     [0.07716310607829403, 0.4010297172793786, 0.17095958390991076]
     [0.07716310607829403, 0.4010297172793786, 0.17095958390991076]
     [0.07716310607829403, 0.4010297172793786, 0.17095958390991076]
     [0.07716310607829403, 0.4010297172793786, 0.17095958390991076]
     [0.07716310607829403, 0.4010297172793786, 0.17095958390991076]
     [0.07716310607829403, 0.4010297172793786, 0.17095958390991076]
     [0.07716310607829403, 0.4010297172793786, 0.17095958390991076]
     [0.07716310607829403, 0.4010297172793786, 0.17095958390991076]

Gen: 92
     [0.07716310607829403, 0.4010297172793786, 0.17095958390991076]
     [0.07716310607829403, 0.4010297172793786, 0.17095958390991076]
     [0.07716310607829403, 0.4010297172793786, 0.17095958390991076]
     [0.07716310607829403, 0.4010297172793786, 0.17095958390991076]
     [0.07716310607829403, 0.4010297172793786, 0.17095958390991076]
     [0.07716310607829403, 0.4010297172793786, 0.17095958390991076]
     [0.07716310607829403, 0.4010297172793786, 0.17095958390991076]
     [0.07716310607829403, 0.4010297172793786, 0.17095958390991076]
     [0.07716310607829403, 0.4010297172793786, 0.17095958390991076]
     [0.07716310607829403, 0.4010297172793786, 0.17095958390991076]

Gen: 93
     [0.07716310607829403, 0.4010297172793786, 0.17095958390991076]
     [0.07716310607829403, 0.4010297172793786, 0.17095958390991076]
     [0.07716310607829403, 0.4010297172793786, 0.17095958390991076]
     [0.07716310607829403, 0.4010297172793786, 0.17095958390991076]
     [0.07716310607829403, 0.4010297172793786, 0.17095958390991076]
     [0.07716310607829403, 0.4010297172793786, 0.17095958390991076]
     [0.07716310607829403, 0.4010297172793786, 0.17095958390991076]
     [0.07716310607829403, 0.4010297172793786, 0.17095958390991076]
     [0.07716310607829403, 0.4010297172793786, 0.17095958390991076]
     [0.07716310607829403, 0.4010297172793786, 0.17095958390991076]

Gen: 94
     [0.07716310607829403, 0.4010297172793786, 0.17095958390991076]
     [0.07716310607829403, 0.4010297172793786, 0.17095958390991076]
     [0.07716310607829403, 0.4010297172793786, 0.17095958390991076]
     [0.07716310607829403, 0.4010297172793786, 0.17095958390991076]
     [0.07716310607829403, 0.4010297172793786, 0.17095958390991076]
     [0.07716310607829403, 0.4010297172793786, 0.17095958390991076]
     [0.07716310607829403, 0.4010297172793786, 0.17095958390991076]
     [0.07716310607829403, 0.4010297172793786, 0.17095958390991076]
     [0.07716310607829403, 0.4010297172793786, 0.17095958390991076]
     [0.07716310607829403, 0.4010297172793786, 0.17095958390991076]

Gen: 95
     [0.07716310607829403, 0.4010297172793786, 0.17095958390991076]
     [0.07716310607829403, 0.4010297172793786, 0.17095958390991076]
     [0.07716310607829403, 0.4010297172793786, 0.17095958390991076]
     [0.07716310607829403, 0.4010297172793786, 0.17095958390991076]
     [0.07716310607829403, 0.4010297172793786, 0.17095958390991076]
     [0.07716310607829403, 0.4010297172793786, 0.17095958390991076]
     [0.07716310607829403, 0.4010297172793786, 0.17095958390991076]
     [0.07716310607829403, 0.4010297172793786, 0.17095958390991076]
     [0.07716310607829403, 0.4010297172793786, 0.17095958390991076]
     [0.07716310607829403, 0.4010297172793786, 0.17095958390991076]

Gen: 96
     [0.07716310607829403, 0.4010297172793786, 0.17095958390991076]
     [0.07716310607829403, 0.4010297172793786, 0.17095958390991076]
     [0.07716310607829403, 0.4010297172793786, 0.17095958390991076]
     [0.07716310607829403, 0.4010297172793786, 0.17095958390991076]
     [0.07716310607829403, 0.4010297172793786, 0.17095958390991076]
     [0.07716310607829403, 0.4010297172793786, 0.17095958390991076]
     [0.07716310607829403, 0.4010297172793786, 0.17095958390991076]
     [0.07716310607829403, 0.4010297172793786, 0.17095958390991076]
     [0.07716310607829403, 0.4010297172793786, 0.17095958390991076]
     [0.07716310607829403, 0.4010297172793786, 0.17095958390991076]

Gen: 97
     [0.07716310607829403, 0.4010297172793786, 0.17095958390991076]
     [0.07716310607829403, 0.4010297172793786, 0.17095958390991076]
     [0.07716310607829403, 0.4010297172793786, 0.17095958390991076]
     [0.07716310607829403, 0.4010297172793786, 0.17095958390991076]
     [0.07716310607829403, 0.4010297172793786, 0.17095958390991076]
     [0.07716310607829403, 0.4010297172793786, 0.17095958390991076]
     [0.07716310607829403, 0.4010297172793786, 0.17095958390991076]
     [0.07716310607829403, 0.4010297172793786, 0.17095958390991076]
     [0.07716310607829403, 0.4010297172793786, 0.17095958390991076]
     [0.07716310607829403, 0.4010297172793786, 0.17095958390991076]

Gen: 98
     [0.07716310607829403, 0.4010297172793786, 0.17095958390991076]
     [0.07716310607829403, 0.4010297172793786, 0.17095958390991076]
     [0.07716310607829403, 0.4010297172793786, 0.17095958390991076]
     [0.07716310607829403, 0.4010297172793786, 0.17095958390991076]
     [0.07716310607829403, 0.4010297172793786, 0.17095958390991076]
     [0.07716310607829403, 0.4010297172793786, 0.17095958390991076]
     [0.07716310607829403, 0.4010297172793786, 0.17095958390991076]
     [0.07716310607829403, 0.4010297172793786, 0.17095958390991076]
     [0.07716310607829403, 0.4010297172793786, 0.17095958390991076]
     [0.07716310607829403, 0.4010297172793786, 0.17095958390991076]

Gen: 99
     [0.07716310607829403, 0.4010297172793786, 0.17095958390991076]
     [0.07716310607829403, 0.4010297172793786, 0.17095958390991076]
     [0.07716310607829403, 0.4010297172793786, 0.17095958390991076]
     [0.07716310607829403, 0.4010297172793786, 0.17095958390991076]
     [0.07716310607829403, 0.4010297172793786, 0.17095958390991076]
     [0.07716310607829403, 0.4010297172793786, 0.17095958390991076]
     [0.07716310607829403, 0.4010297172793786, 0.17095958390991076]
     [0.07716310607829403, 0.4010297172793786, 0.17095958390991076]
     [0.07716310607829403, 0.4010297172793786, 0.17095958390991076]
     [0.07716310607829403, 0.4010297172793786, 0.17095958390991076]

Gen: 100
     [0.07716310607829403, 0.4010297172793786, 0.17095958390991076]
     [0.07716310607829403, 0.4010297172793786, 0.17095958390991076]
     [0.07716310607829403, 0.4010297172793786, 0.17095958390991076]
     [0.07716310607829403, 0.4010297172793786, 0.17095958390991076]
     [0.07716310607829403, 0.4010297172793786, 0.17095958390991076]
     [0.07716310607829403, 0.4010297172793786, 0.17095958390991076]
     [0.07716310607829403, 0.4010297172793786, 0.17095958390991076]
     [0.07716310607829403, 0.4010297172793786, 0.17095958390991076]
     [0.07716310607829403, 0.4010297172793786, 0.17095958390991076]
     [0.07716310607829403, 0.4010297172793786, 0.17095958390991076]

Gen: 101
     [0.07716310607829403, 0.4010297172793786, 0.17095958390991076]
     [0.07716310607829403, 0.4010297172793786, 0.17095958390991076]
     [0.07716310607829403, 0.4010297172793786, 0.17095958390991076]
     [0.07716310607829403, 0.4010297172793786, 0.17095958390991076]
     [0.07716310607829403, 0.4010297172793786, 0.17095958390991076]
     [0.07716310607829403, 0.4010297172793786, 0.17095958390991076]
     [0.07716310607829403, 0.4010297172793786, 0.17095958390991076]
     [0.07716310607829403, 0.4010297172793786, 0.17095958390991076]
     [0.07716310607829403, 0.4010297172793786, 0.17095958390991076]
     [0.07716310607829403, 0.4010297172793786, 0.17095958390991076]

Gen: 102
     [0.07716310607829403, 0.4010297172793786, 0.17095958390991076]
     [0.07716310607829403, 0.4010297172793786, 0.17095958390991076]
     [0.07716310607829403, 0.4010297172793786, 0.17095958390991076]
     [0.07716310607829403, 0.4010297172793786, 0.17095958390991076]
     [0.07716310607829403, 0.4010297172793786, 0.17095958390991076]
     [0.07716310607829403, 0.4010297172793786, 0.17095958390991076]
     [0.07716310607829403, 0.4010297172793786, 0.17095958390991076]
     [0.07716310607829403, 0.4010297172793786, 0.17095958390991076]
     [0.07716310607829403, 0.4010297172793786, 0.17095958390991076]
     [0.07716310607829403, 0.4010297172793786, 0.17095958390991076]

