Gen: 2
     [0.15685086514191585, 0.5613339909890119, 0.08198953409338369]
     [0.17303004538681016, 0.5472206448617887, 0.07722950426620973]
     [0.12508799356389932, 0.5581424266665561, 0.08980706921620082]
     [0.1508510961899514, 0.543357608564998, 0.08324553087310473]
     [0.14192790470182753, 0.5358636497403227, 0.0894133329227331]
     [0.14147162638701544, 0.5329497929628079, 0.08919116886887701]
     [0.1476982878343236, 0.537024218584852, 0.07511564628843054]
     [0.14381285774006763, 0.5148573536543412, 0.07898042096788739]
     [0.13706966264493486, 0.512262653309072, 0.08141102769571883]
     [0.1420305465449592, 0.4402576462834855, 0.06537342258022652]

Gen: 3
     [0.14192790470182753, 0.5358636497403227, 0.0894133329227331]
     [0.14147162638701544, 0.5329497929628079, 0.08919116886887701]
     [0.1476982878343236, 0.537024218584852, 0.07511564628843054]
     [0.1372026399315832, 0.5157940985074255, 0.08467529953653499]
     [0.14381285774006763, 0.5148573536543412, 0.07898042096788739]
     [0.19388005282522713, 0.4765254226750283, 0.07225390931747243]
     [0.13706966264493486, 0.512262653309072, 0.08141102769571883]
     [0.1387306320659767, 0.5042671629480107, 0.07447335021193571]
     [0.1422316746910148, 0.4934158442516611, 0.08541877924151872]
     [0.1420305465449592, 0.4402576462834855, 0.06537342258022652]

Gen: 4
     [0.1278427011676237, 0.537687400781726, 0.09577250400885137]
     [0.1476982878343236, 0.537024218584852, 0.07511564628843054]
     [0.1372026399315832, 0.5157940985074255, 0.08467529953653499]
     [0.14381285774006763, 0.5148573536543412, 0.07898042096788739]
     [0.19388005282522713, 0.4765254226750283, 0.07225390931747243]
     [0.13706966264493486, 0.512262653309072, 0.08141102769571883]
     [0.1387306320659767, 0.5042671629480107, 0.07447335021193571]
     [0.1422316746910148, 0.4934158442516611, 0.08541877924151872]
     [0.1420305465449592, 0.4402576462834855, 0.06537342258022652]
     [0.1420305465449592, 0.4402576462834855, 0.06537342258022652]

Gen: 5
     [0.1372026399315832, 0.5157940985074255, 0.08467529953653499]
     [0.14381285774006763, 0.5148573536543412, 0.07898042096788739]
     [0.19388005282522713, 0.4765254226750283, 0.07225390931747243]
     [0.13706966264493486, 0.512262653309072, 0.08141102769571883]
     [0.13702644502677414, 0.5075540597112671, 0.07443375661817918]
     [0.1387306320659767, 0.5042671629480107, 0.07447335021193571]
     [0.1422316746910148, 0.4934158442516611, 0.08541877924151872]
     [0.13737343263412213, 0.47851911415438053, 0.08177396897182036]
     [0.1420305465449592, 0.4402576462834855, 0.06537342258022652]
     [0.1420305465449592, 0.4402576462834855, 0.06537342258022652]

Gen: 6
     [0.13706966264493486, 0.512262653309072, 0.08141102769571883]
     [0.140119829157431, 0.5080721708025748, 0.07874065976125064]
     [0.13702644502677414, 0.5075540597112671, 0.07443375661817918]
     [0.1387306320659767, 0.5042671629480107, 0.07447335021193571]
     [0.1422316746910148, 0.4934158442516611, 0.08541877924151872]
     [0.1422316746910148, 0.4934158442516611, 0.08541877924151872]
     [0.13737343263412213, 0.47851911415438053, 0.08177396897182036]
     [0.1420305465449592, 0.4402576462834855, 0.06537342258022652]
     [0.1420305465449592, 0.4402576462834855, 0.06537342258022652]
     [0.1620544325900734, 0.40257231794612475, 0.05696638283925661]

Gen: 7
     [0.1387306320659767, 0.5042671629480107, 0.07447335021193571]
     [0.1422316746910148, 0.4934158442516611, 0.08541877924151872]
     [0.1422316746910148, 0.4934158442516611, 0.08541877924151872]
     [0.14712980993390198, 0.4836339068477707, 0.07835792168827084]
     [0.15128368792557925, 0.4859799138692122, 0.06256887635580563]
     [0.13737343263412213, 0.47851911415438053, 0.08177396897182036]
     [0.1420305465449592, 0.47102930021843564, 0.07222311430010624]
     [0.1420305465449592, 0.4402576462834855, 0.06537342258022652]
     [0.1420305465449592, 0.4402576462834855, 0.06537342258022652]
     [0.1620544325900734, 0.40257231794612475, 0.05696638283925661]

Gen: 8
     [0.14712980993390198, 0.4836339068477707, 0.07835792168827084]
     [0.13854404831064823, 0.4817314029204886, 0.08197633622879819]
     [0.15128368792557925, 0.4859799138692122, 0.06256887635580563]
     [0.13737343263412213, 0.47851911415438053, 0.08177396897182036]
     [0.1420305465449592, 0.47102930021843564, 0.07222311430010624]
     [0.1420305465449592, 0.47102930021843564, 0.07222311430010624]
     [0.1420305465449592, 0.4402576462834855, 0.06537342258022652]
     [0.1420305465449592, 0.4402576462834855, 0.06537342258022652]
     [0.13381753687834158, 0.42194552787230427, 0.080652150482052]
     [0.1620544325900734, 0.40257231794612475, 0.05696638283925661]

Gen: 9
     [0.1420305465449592, 0.47102930021843564, 0.07222311430010624]
     [0.1420305465449592, 0.47102930021843564, 0.07222311430010624]
     [0.1420305465449592, 0.4402576462834855, 0.06537342258022652]
     [0.1420305465449592, 0.4402576462834855, 0.06537342258022652]
     [0.1420305465449592, 0.4402576462834855, 0.06537342258022652]
     [0.1420305465449592, 0.4402576462834855, 0.06537342258022652]
     [0.15233503959814265, 0.4273587525542877, 0.058303766450588296]
     [0.13381753687834158, 0.42194552787230427, 0.080652150482052]
     [0.1620544325900734, 0.40257231794612475, 0.05696638283925661]
     [0.16103674079319288, 0.36408288119505433, 0.05319179356780073]

Gen: 10
     [0.13157188295006786, 0.44710914735493923, 0.0825460440500727]
     [0.1420305465449592, 0.4402576462834855, 0.06537342258022652]
     [0.1420305465449592, 0.4402576462834855, 0.06537342258022652]
     [0.1420305465449592, 0.4402576462834855, 0.06537342258022652]
     [0.1420305465449592, 0.4402576462834855, 0.06537342258022652]
     [0.15233503959814265, 0.4273587525542877, 0.058303766450588296]
     [0.13381753687834158, 0.42194552787230427, 0.080652150482052]
     [0.1620544325900734, 0.40257231794612475, 0.05696638283925661]
     [0.14296595864572606, 0.40596698181637314, 0.05948717497508903]
     [0.16103674079319288, 0.36408288119505433, 0.05319179356780073]

Gen: 11
     [0.1420305465449592, 0.4402576462834855, 0.06537342258022652]
     [0.1420305465449592, 0.4402576462834855, 0.06537342258022652]
     [0.13661712431630973, 0.4397519698583692, 0.07078014777209048]
     [0.15233503959814265, 0.4273587525542877, 0.058303766450588296]
     [0.13381753687834158, 0.42194552787230427, 0.080652150482052]
     [0.1620544325900734, 0.40257231794612475, 0.05696638283925661]
     [0.14296595864572606, 0.40596698181637314, 0.05948717497508903]
     [0.14296595864572606, 0.40596698181637314, 0.05948717497508903]
     [0.16178806246275598, 0.36408288119505433, 0.05299162595492049]
     [0.16103674079319288, 0.36408288119505433, 0.05319179356780073]

Gen: 12
     [0.1420305465449592, 0.4402576462834855, 0.06537342258022652]
     [0.1420305465449592, 0.4402576462834855, 0.06537342258022652]
     [0.13661712431630973, 0.4397519698583692, 0.07078014777209048]
     [0.15233503959814265, 0.4273587525542877, 0.058303766450588296]
     [0.13381753687834158, 0.42194552787230427, 0.080652150482052]
     [0.1620544325900734, 0.40257231794612475, 0.05696638283925661]
     [0.14296595864572606, 0.40596698181637314, 0.05948717497508903]
     [0.14296595864572606, 0.40596698181637314, 0.05948717497508903]
     [0.16178806246275598, 0.36408288119505433, 0.05299162595492049]
     [0.16103674079319288, 0.36408288119505433, 0.05319179356780073]

Gen: 13
     [0.1420305465449592, 0.4402576462834855, 0.06537342258022652]
     [0.1420305465449592, 0.4402576462834855, 0.06537342258022652]
     [0.13661712431630973, 0.4397519698583692, 0.07078014777209048]
     [0.15233503959814265, 0.4273587525542877, 0.058303766450588296]
     [0.13381753687834158, 0.42194552787230427, 0.080652150482052]
     [0.1620544325900734, 0.40257231794612475, 0.05696638283925661]
     [0.14296595864572606, 0.40596698181637314, 0.05948717497508903]
     [0.14296595864572606, 0.40596698181637314, 0.05948717497508903]
     [0.16178806246275598, 0.36408288119505433, 0.05299162595492049]
     [0.16103674079319288, 0.36408288119505433, 0.05319179356780073]

Gen: 14
     [0.15233503959814265, 0.4273587525542877, 0.058303766450588296]
     [0.15233503959814265, 0.4273587525542877, 0.058303766450588296]
     [0.13381753687834158, 0.42194552787230427, 0.080652150482052]
     [0.1620544325900734, 0.40257231794612475, 0.05696638283925661]
     [0.15080746301776993, 0.40809330973510016, 0.05332597185775342]
     [0.14296595864572606, 0.40596698181637314, 0.05948717497508903]
     [0.14296595864572606, 0.40596698181637314, 0.05948717497508903]
     [0.14296595864572606, 0.40596698181637314, 0.05948717497508903]
     [0.16178806246275598, 0.36408288119505433, 0.05299162595492049]
     [0.16103674079319288, 0.36408288119505433, 0.05319179356780073]

Gen: 15
     [0.13381753687834158, 0.42194552787230427, 0.080652150482052]
     [0.1620544325900734, 0.40257231794612475, 0.05696638283925661]
     [0.15080746301776993, 0.40809330973510016, 0.05332597185775342]
     [0.14296595864572606, 0.40596698181637314, 0.05948717497508903]
     [0.14296595864572606, 0.40596698181637314, 0.05948717497508903]
     [0.14296595864572606, 0.40596698181637314, 0.05948717497508903]
     [0.14296595864572606, 0.40596698181637314, 0.05948717497508903]
     [0.1437039825866243, 0.3768781527059906, 0.06790741258064445]
     [0.16178806246275598, 0.36408288119505433, 0.05299162595492049]
     [0.16103674079319288, 0.36408288119505433, 0.05319179356780073]

Gen: 16
     [0.15080746301776993, 0.40809330973510016, 0.05332597185775342]
     [0.14296595864572606, 0.40596698181637314, 0.05948717497508903]
     [0.14296595864572606, 0.40596698181637314, 0.05948717497508903]
     [0.14296595864572606, 0.40596698181637314, 0.05948717497508903]
     [0.14296595864572606, 0.40596698181637314, 0.05948717497508903]
     [0.14296595864572606, 0.40596698181637314, 0.05948717497508903]
     [0.14296595864572606, 0.40596698181637314, 0.05948717497508903]
     [0.1437039825866243, 0.3768781527059906, 0.06790741258064445]
     [0.16178806246275598, 0.36408288119505433, 0.05299162595492049]
     [0.16103674079319288, 0.36408288119505433, 0.05319179356780073]

Gen: 17
     [0.14296595864572606, 0.40596698181637314, 0.05948717497508903]
     [0.14296595864572606, 0.40596698181637314, 0.05948717497508903]
     [0.14296595864572606, 0.40596698181637314, 0.05948717497508903]
     [0.14296595864572606, 0.40596698181637314, 0.05948717497508903]
     [0.14296595864572606, 0.40596698181637314, 0.05948717497508903]
     [0.14296595864572606, 0.40596698181637314, 0.05948717497508903]
     [0.1437039825866243, 0.3768781527059906, 0.06790741258064445]
     [0.16178806246275598, 0.36408288119505433, 0.05299162595492049]
     [0.16103674079319288, 0.36408288119505433, 0.05319179356780073]
     [0.16178806246275598, 0.3308450184654793, 0.04651587373163022]

Gen: 18
     [0.14296595864572606, 0.40596698181637314, 0.05948717497508903]
     [0.14296595864572606, 0.40596698181637314, 0.05948717497508903]
     [0.14296595864572606, 0.40596698181637314, 0.05948717497508903]
     [0.14296595864572606, 0.40596698181637314, 0.05948717497508903]
     [0.14296595864572606, 0.40596698181637314, 0.05948717497508903]
     [0.1437039825866243, 0.3768781527059906, 0.06790741258064445]
     [0.1437039825866243, 0.3768781527059906, 0.06790741258064445]
     [0.16178806246275598, 0.36408288119505433, 0.05299162595492049]
     [0.16103674079319288, 0.36408288119505433, 0.05319179356780073]
     [0.16178806246275598, 0.3308450184654793, 0.04651587373163022]

Gen: 19
     [0.14296595864572606, 0.40596698181637314, 0.05948717497508903]
     [0.14296595864572606, 0.40596698181637314, 0.05948717497508903]
     [0.14296595864572606, 0.40596698181637314, 0.05948717497508903]
     [0.14296595864572606, 0.40596698181637314, 0.05948717497508903]
     [0.1437039825866243, 0.3768781527059906, 0.06790741258064445]
     [0.1437039825866243, 0.3768781527059906, 0.06790741258064445]
     [0.14274737723079786, 0.37385238393275333, 0.0662862748807243]
     [0.16178806246275598, 0.36408288119505433, 0.05299162595492049]
     [0.16103674079319288, 0.36408288119505433, 0.05319179356780073]
     [0.16178806246275598, 0.3308450184654793, 0.04651587373163022]

Gen: 20
     [0.14296595864572606, 0.40596698181637314, 0.05948717497508903]
     [0.14296595864572606, 0.40596698181637314, 0.05948717497508903]
     [0.1437039825866243, 0.3768781527059906, 0.06790741258064445]
     [0.1437039825866243, 0.3768781527059906, 0.06790741258064445]
     [0.1437039825866243, 0.3768781527059906, 0.06790741258064445]
     [0.14274737723079786, 0.37385238393275333, 0.0662862748807243]
     [0.14274737723079786, 0.37385238393275333, 0.0662862748807243]
     [0.16178806246275598, 0.36408288119505433, 0.05299162595492049]
     [0.16103674079319288, 0.36408288119505433, 0.05319179356780073]
     [0.16178806246275598, 0.3308450184654793, 0.04651587373163022]

Gen: 21
     [0.1437039825866243, 0.3768781527059906, 0.06790741258064445]
     [0.1437039825866243, 0.3768781527059906, 0.06790741258064445]
     [0.14479190301301598, 0.3788801339628038, 0.05920122124240298]
     [0.14274737723079786, 0.37385238393275333, 0.0662862748807243]
     [0.14274737723079786, 0.37385238393275333, 0.0662862748807243]
     [0.16178806246275598, 0.36408288119505433, 0.05299162595492049]
     [0.16178806246275598, 0.36408288119505433, 0.05299162595492049]
     [0.16103674079319288, 0.36408288119505433, 0.05319179356780073]
     [0.16178806246275598, 0.3308450184654793, 0.04651587373163022]
     [0.16178806246275598, 0.3308450184654793, 0.04651587373163022]

Gen: 22
     [0.14274737723079786, 0.37385238393275333, 0.0662862748807243]
     [0.14274737723079786, 0.37385238393275333, 0.0662862748807243]
     [0.14274737723079786, 0.37385238393275333, 0.0662862748807243]
     [0.15629817829428372, 0.3671086499682916, 0.05454237504371793]
     [0.16178806246275598, 0.36408288119505433, 0.05299162595492049]
     [0.16178806246275598, 0.36408288119505433, 0.05299162595492049]
     [0.16178806246275598, 0.36408288119505433, 0.05299162595492049]
     [0.16103674079319288, 0.36408288119505433, 0.05319179356780073]
     [0.16178806246275598, 0.3308450184654793, 0.04651587373163022]
     [0.16178806246275598, 0.3308450184654793, 0.04651587373163022]

Gen: 23
     [0.15629817829428372, 0.3671086499682916, 0.05454237504371793]
     [0.16178806246275598, 0.36408288119505433, 0.05299162595492049]
     [0.16178806246275598, 0.36408288119505433, 0.05299162595492049]
     [0.16178806246275598, 0.36408288119505433, 0.05299162595492049]
     [0.16103674079319288, 0.36408288119505433, 0.05319179356780073]
     [0.13429043735398472, 0.37385238393275333, 0.06586834250218315]
     [0.16019856833328763, 0.36408288119505433, 0.049725154470006756]
     [0.16178806246275598, 0.3308450184654793, 0.04651587373163022]
     [0.16178806246275598, 0.3308450184654793, 0.04651587373163022]
     [0.1636937932020349, 0.3000733645305292, 0.04052184356571107]

Gen: 24
     [0.16178806246275598, 0.36408288119505433, 0.05299162595492049]
     [0.16178806246275598, 0.36408288119505433, 0.05299162595492049]
     [0.16178806246275598, 0.36408288119505433, 0.05299162595492049]
     [0.16103674079319288, 0.36408288119505433, 0.05319179356780073]
     [0.13429043735398472, 0.37385238393275333, 0.06586834250218315]
     [0.16019856833328763, 0.36408288119505433, 0.049725154470006756]
     [0.16178806246275598, 0.3308450184654793, 0.04651587373163022]
     [0.16178806246275598, 0.3308450184654793, 0.04651587373163022]
     [0.1636937932020349, 0.3000733645305292, 0.04052184356571107]
     [0.1636937932020349, 0.3000733645305292, 0.04052184356571107]

Gen: 25
     [0.16103674079319288, 0.36408288119505433, 0.05319179356780073]
     [0.13429043735398472, 0.37385238393275333, 0.06586834250218315]
     [0.16019856833328763, 0.36408288119505433, 0.049725154470006756]
     [0.16178806246275598, 0.3308450184654793, 0.04651587373163022]
     [0.16178806246275598, 0.3308450184654793, 0.04651587373163022]
     [0.1636937932020349, 0.3000733645305292, 0.04052184356571107]
     [0.1636937932020349, 0.3000733645305292, 0.04052184356571107]
     [0.1636937932020349, 0.3000733645305292, 0.04052184356571107]
     [0.1636937932020349, 0.3000733645305292, 0.04052184356571107]
     [0.1636937932020349, 0.3000733645305292, 0.04052184356571107]

Gen: 26
     [0.16019856833328763, 0.36408288119505433, 0.049725154470006756]
     [0.16019856833328763, 0.36408288119505433, 0.049725154470006756]
     [0.16178806246275598, 0.3308450184654793, 0.04651587373163022]
     [0.16178806246275598, 0.3308450184654793, 0.04651587373163022]
     [0.1636937932020349, 0.3000733645305292, 0.04052184356571107]
     [0.1636937932020349, 0.3000733645305292, 0.04052184356571107]
     [0.1636937932020349, 0.3000733645305292, 0.04052184356571107]
     [0.1636937932020349, 0.3000733645305292, 0.04052184356571107]
     [0.1636937932020349, 0.3000733645305292, 0.04052184356571107]
     [0.1636937932020349, 0.3000733645305292, 0.04052184356571107]

Gen: 27
     [0.1636937932020349, 0.3000733645305292, 0.04052184356571107]
     [0.1636937932020349, 0.3000733645305292, 0.04052184356571107]
     [0.1636937932020349, 0.3000733645305292, 0.04052184356571107]
     [0.1636937932020349, 0.3000733645305292, 0.04052184356571107]
     [0.1636937932020349, 0.3000733645305292, 0.04052184356571107]
     [0.1636937932020349, 0.3000733645305292, 0.04052184356571107]
     [0.1636937932020349, 0.3000733645305292, 0.04052184356571107]
     [0.1636937932020349, 0.3000733645305292, 0.04052184356571107]
     [0.1636937932020349, 0.3000733645305292, 0.04052184356571107]
     [0.1636937932020349, 0.3000733645305292, 0.04052184356571107]

