Gen: 1
     [0.18053354390004575, 1.0, 0.08512573172292541]
     [0.15212300587707875, 1.0, 0.0932361519962816]
     [0.15870986903719222, 1.0, 0.0923132885598615]
     [0.15186032975833, 1.0, 0.11376144316980014]
     [0.16118812640070643, 1.0, 0.08891149268108668]
     [0.1663354605574642, 1.0, 0.08852752760170023]

Gen: 2
     [0.18053354390004575, 1.0, 0.08512573172292541]
     [0.15212300587707875, 1.0, 0.0932361519962816]
     [0.15870986903719222, 1.0, 0.0923132885598615]
     [0.15186032975833, 1.0, 0.11376144316980014]
     [0.17873473145159294, 1.0, 0.08608227630666011]
     [0.16118812640070643, 1.0, 0.08891149268108668]
     [0.1663354605574642, 1.0, 0.08852752760170023]

Gen: 3
     [0.18053354390004575, 1.0, 0.08512573172292541]
     [0.15212300587707875, 1.0, 0.0932361519962816]
     [0.15870986903719222, 1.0, 0.0923132885598615]
     [0.15186032975833, 1.0, 0.11376144316980014]
     [0.17873473145159294, 1.0, 0.08608227630666011]
     [0.16118812640070643, 1.0, 0.08891149268108668]
     [0.1663354605574642, 1.0, 0.08852752760170023]

Gen: 4
     [0.18053354390004575, 1.0, 0.08512573172292541]
     [0.15212300587707875, 1.0, 0.0932361519962816]
     [0.15357211577230373, 1.0, 0.08844669284814517]
     [0.17873473145159294, 1.0, 0.08608227630666011]
     [0.1446219659511071, 1.0, 0.10096934341971425]

Gen: 5
     [0.18053354390004575, 1.0, 0.08512573172292541]
     [0.15212300587707875, 1.0, 0.0932361519962816]
     [0.15357211577230373, 1.0, 0.08844669284814517]
     [0.17873473145159294, 1.0, 0.08608227630666011]
     [0.1446219659511071, 1.0, 0.10096934341971425]

Gen: 6
     [0.18053354390004575, 1.0, 0.08512573172292541]
     [0.15212300587707875, 1.0, 0.0932361519962816]
     [0.15357211577230373, 1.0, 0.08844669284814517]
     [0.17873473145159294, 1.0, 0.08608227630666011]
     [0.1446219659511071, 1.0, 0.10096934341971425]

Gen: 7
     [0.15212300587707875, 1.0, 0.0932361519962816]
     [0.17185405427415562, 1.0, 0.08440495517039293]
     [0.15357211577230373, 1.0, 0.08844669284814517]
     [0.1446219659511071, 1.0, 0.10096934341971425]

Gen: 8
     [0.1628623872548589, 1.0, 0.08816377121070253]
     [0.15212300587707875, 1.0, 0.0932361519962816]
     [0.14340678949902314, 1.0, 0.09754733885255068]
     [0.17185405427415562, 1.0, 0.08440495517039293]
     [0.15357211577230373, 1.0, 0.08844669284814517]
     [0.1491305739832478, 1.0, 0.09450929936477356]

Gen: 9
     [0.1628623872548589, 1.0, 0.08816377121070253]
     [0.15212300587707875, 1.0, 0.0932361519962816]
     [0.14340678949902314, 1.0, 0.09754733885255068]
     [0.17185405427415562, 1.0, 0.08440495517039293]
     [0.141801191703267, 1.0, 0.1035897366807903]
     [0.15357211577230373, 1.0, 0.08844669284814517]
     [0.1491305739832478, 1.0, 0.09450929936477356]

Gen: 10
     [0.1628623872548589, 1.0, 0.08816377121070253]
     [0.15212300587707875, 1.0, 0.0932361519962816]
     [0.14340678949902314, 1.0, 0.09754733885255068]
     [0.17185405427415562, 1.0, 0.08440495517039293]
     [0.141801191703267, 1.0, 0.1035897366807903]
     [0.15357211577230373, 1.0, 0.08844669284814517]
     [0.1491305739832478, 1.0, 0.09450929936477356]

Gen: 11
     [0.1628623872548589, 1.0, 0.08816377121070253]
     [0.15212300587707875, 1.0, 0.0932361519962816]
     [0.14340678949902314, 1.0, 0.09754733885255068]
     [0.17185405427415562, 1.0, 0.08440495517039293]
     [0.141801191703267, 1.0, 0.1035897366807903]
     [0.15357211577230373, 1.0, 0.08844669284814517]
     [0.1491305739832478, 1.0, 0.09450929936477356]

Gen: 12
     [0.1628623872548589, 1.0, 0.08816377121070253]
     [0.15212300587707875, 1.0, 0.0932361519962816]
     [0.14340678949902314, 1.0, 0.09754733885255068]
     [0.17185405427415562, 1.0, 0.08440495517039293]
     [0.141801191703267, 1.0, 0.1035897366807903]
     [0.15357211577230373, 1.0, 0.08844669284814517]
     [0.1703953634870614, 1.0, 0.08749014826441048]
     [0.1491305739832478, 1.0, 0.09450929936477356]

Gen: 13
     [0.1628623872548589, 1.0, 0.08816377121070253]
     [0.15212300587707875, 1.0, 0.0932361519962816]
     [0.14340678949902314, 1.0, 0.09754733885255068]
     [0.17185405427415562, 1.0, 0.08440495517039293]
     [0.141801191703267, 1.0, 0.1035897366807903]
     [0.15357211577230373, 1.0, 0.08844669284814517]
     [0.1703953634870614, 1.0, 0.08749014826441048]
     [0.1491305739832478, 1.0, 0.09450929936477356]

Gen: 14
     [0.1628623872548589, 1.0, 0.08816377121070253]
     [0.15212300587707875, 1.0, 0.0932361519962816]
     [0.14340678949902314, 1.0, 0.09754733885255068]
     [0.17185405427415562, 1.0, 0.08440495517039293]
     [0.141801191703267, 1.0, 0.1035897366807903]
     [0.15357211577230373, 1.0, 0.08844669284814517]
     [0.1703953634870614, 1.0, 0.08749014826441048]
     [0.1491305739832478, 1.0, 0.09450929936477356]

Gen: 15
     [0.1628623872548589, 1.0, 0.08816377121070253]
     [0.14340678949902314, 1.0, 0.09754733885255068]
     [0.17185405427415562, 1.0, 0.08440495517039293]
     [0.141801191703267, 1.0, 0.1035897366807903]
     [0.15357211577230373, 1.0, 0.08844669284814517]
     [0.1703953634870614, 1.0, 0.08749014826441048]
     [0.1491305739832478, 1.0, 0.09450929936477356]
     [0.15153218421180797, 1.0, 0.08910684333551139]

Gen: 16
     [0.1628623872548589, 1.0, 0.08816377121070253]
     [0.14340678949902314, 1.0, 0.09754733885255068]
     [0.17185405427415562, 1.0, 0.08440495517039293]
     [0.141801191703267, 1.0, 0.1035897366807903]
     [0.15357211577230373, 1.0, 0.08844669284814517]
     [0.1703953634870614, 1.0, 0.08749014826441048]
     [0.1491305739832478, 1.0, 0.09450929936477356]
     [0.15153218421180797, 1.0, 0.08910684333551139]

Gen: 17
     [0.1628623872548589, 1.0, 0.08816377121070253]
     [0.14340678949902314, 1.0, 0.09754733885255068]
     [0.17185405427415562, 1.0, 0.08440495517039293]
     [0.141801191703267, 1.0, 0.1035897366807903]
     [0.15357211577230373, 1.0, 0.08844669284814517]
     [0.1703953634870614, 1.0, 0.08749014826441048]
     [0.1491305739832478, 1.0, 0.09450929936477356]
     [0.15153218421180797, 1.0, 0.08910684333551139]

Gen: 18
     [0.1628623872548589, 1.0, 0.08816377121070253]
     [0.14340678949902314, 1.0, 0.09754733885255068]
     [0.17185405427415562, 1.0, 0.08440495517039293]
     [0.141801191703267, 1.0, 0.1035897366807903]
     [0.15357211577230373, 1.0, 0.08844669284814517]
     [0.1703953634870614, 1.0, 0.08749014826441048]
     [0.1491305739832478, 1.0, 0.09450929936477356]
     [0.15153218421180797, 1.0, 0.08910684333551139]

